(4,1.0)
(10,6.0)
(14,6.0)
(18,4.0)
(28,3.0)
(34,6.0)
(38,4.0)
(40,3.0)
(54,6.0)
(58,6.0)
(60,5.0)
(64,3.0)
(68,3.0)
(72,3.0)
(76,5.0)
(82,4.0)
(94,6.0)
(96,5.0)
(122,6.0)
(128,5.0)
(132,5.0)
(142,6.0)
(154,6.0)
(156,5.0)
(166,4.0)
(174,6.0)
(182,4.0)
(188,5.0)
(196,5.0)
(202,6.0)
(204,5.0)
(212,5.0)
(228,3.0)
(242,6.0)
(246,4.0)
(248,5.0)
(270,6.0)
(278,6.0)
(302,6.0)
(304,5.0)
(308,5.0)
(314,6.0)
(316,5.0)
(324,5.0)
(336,5.0)
(350,4.0)
(352,5.0)
(384,5.0)
(388,5.0)
(402,6.0)
(404,5.0)
(408,5.0)
(418,6.0)
(422,6.0)
(426,4.0)
(428,5.0)
(436,5.0)
(450,4.0)
(452,5.0)
(456,5.0)
(462,6.0)
(478,6.0)
(480,5.0)
(502,6.0)
(506,6.0)
(510,6.0)
(514,4.0)
(534,6.0)
(536,5.0)
(542,6.0)
(550,6.0)
(554,6.0)
(556,5.0)
(568,5.0)
(582,4.0)
(592,5.0)
(598,6.0)
(606,4.0)
(614,6.0)
(642,6.0)
(644,5.0)
(648,5.0)
(652,5.0)
(658,6.0)
(660,5.0)
(666,6.0)
(668,3.0)
(676,5.0)
(680,5.0)
(692,5.0)
(698,6.0)
(706,6.0)
(730,4.0)
(732,5.0)
(738,6.0)
(742,6.0)
(752,5.0)
(766,6.0)
(776,5.0)
(780,5.0)
(786,4.0)
(790,6.0)
(798,6.0)
(800,5.0)
(814,6.0)
(818,6.0)
(824,5.0)
(828,5.0)
(872,5.0)
(880,5.0)
(888,5.0)
(894,4.0)
(906,6.0)
(912,5.0)
(922,6.0)
(924,5.0)
(928,5.0)
(932,5.0)
(970,6.0)
(984,5.0)
(988,5.0)
(994,4.0)
(1002,6.0)
(1006,4.0)
(1022,6.0)
(1024,5.0)
(1028,5.0)
(1046,6.0)
(1052,3.0)
(1056,3.0)
(1064,5.0)
(1070,4.0)
(1072,5.0)
(1080,5.0)
(1084,5.0)
(1110,6.0)
(1118,6.0)
(1122,6.0)
(1124,5.0)
(1130,6.0)
(1132,5.0)
(1142,6.0)
(1146,6.0)
(1150,6.0)
(1162,4.0)
(1166,6.0)
(1170,6.0)
(1188,3.0)
(1192,5.0)
(1196,5.0)
(1208,5.0)
(1222,6.0)
(1242,6.0)
(1248,5.0)
(1258,6.0)
(1264,5.0)
(1268,5.0)
(1272,5.0)
(1278,6.0)
(1280,5.0)
(1286,6.0)
(1290,6.0)
(1314,6.0)
(1322,6.0)
(1328,3.0)
(1348,5.0)
(1356,5.0)
(1376,5.0)
(1384,5.0)
(1388,5.0)
(1404,5.0)
(1414,4.0)
(1416,5.0)
(1422,6.0)
(1424,5.0)
(1428,5.0)
(1438,6.0)
(1448,5.0)
(1462,6.0)
(1478,6.0)
(1480,5.0)
(1490,6.0)
(1494,6.0)
(1498,6.0)
(1500,5.0)
(1516,5.0)
(1522,4.0)
(1524,3.0)
(1544,5.0)
(1556,3.0)
(1566,6.0)
(1572,5.0)
(1576,3.0)
(1580,3.0)
(1590,6.0)
(1596,3.0)
(1600,5.0)
(1606,6.0)
(1608,5.0)
(1616,5.0)
(1624,5.0)
(1650,6.0)
(1656,5.0)
(1660,5.0)
(1668,5.0)
(1672,3.0)
(1678,6.0)
(1680,5.0)
(1684,3.0)
(1688,5.0)
(1694,6.0)
(1698,6.0)
(1700,5.0)
(1706,6.0)
(1710,6.0)
(1714,4.0)
(1722,6.0)
(1736,5.0)
(1740,5.0)
(1764,5.0)
(1774,6.0)
(1780,3.0)
(1784,5.0)
(1796,3.0)
(1800,5.0)
(1804,5.0)
(1814,6.0)
(1822,6.0)
(1826,6.0)
(1832,3.0)
(1840,5.0)
(1850,4.0)
(1852,5.0)
(1858,6.0)
(1876,5.0)
(1886,6.0)
(1888,5.0)
(1894,6.0)
(1898,6.0)
(1910,6.0)
(1914,6.0)
(1918,6.0)
(1922,6.0)
(1924,5.0)
(1928,5.0)
(1934,6.0)
(1938,6.0)
(1942,6.0)
(1946,6.0)
(1964,5.0)
(1972,5.0)
(1996,5.0)
(2008,5.0)
(2026,6.0)
(2030,6.0)
(2032,5.0)
(2038,6.0)
(2056,5.0)
(2070,6.0)
(2082,6.0)
(2088,5.0)
(2092,5.0)
(2100,5.0)
(2108,5.0)
(2116,5.0)
(2126,6.0)
(2132,5.0)
(2140,5.0)
(2162,6.0)
(2176,5.0)
(2182,4.0)
(2188,5.0)
(2198,4.0)
(2200,5.0)
(2224,5.0)
(2230,6.0)
(2234,6.0)
(2236,5.0)
(2240,5.0)
(2262,4.0)
(2264,5.0)
(2278,4.0)
(2286,4.0)
(2302,6.0)
(2314,6.0)
(2318,6.0)
(2322,6.0)
(2332,5.0)
(2338,6.0)
(2346,6.0)
(2350,6.0)
(2352,5.0)
(2360,5.0)
(2364,3.0)
(2372,3.0)
(2382,6.0)
(2390,6.0)
(2406,6.0)
(2414,4.0)
(2428,5.0)
(2434,6.0)
(2438,6.0)
(2442,4.0)
(2444,5.0)
(2448,5.0)
(2456,5.0)
(2466,6.0)
(2474,6.0)
(2486,6.0)
(2490,6.0)
(2498,6.0)
(2512,5.0)
(2516,5.0)
(2520,5.0)
(2526,6.0)
(2550,6.0)
(2556,5.0)
(2560,3.0)
(2564,5.0)
(2568,3.0)
(2574,6.0)
(2580,5.0)
(2604,5.0)
(2618,4.0)
(2622,6.0)
(2638,6.0)
(2642,6.0)
(2652,5.0)
(2656,5.0)
(2666,4.0)
(2672,5.0)
(2684,5.0)
(2690,6.0)
(2698,6.0)
(2700,5.0)
(2708,5.0)
(2724,5.0)
(2732,5.0)
(2746,6.0)
(2748,5.0)
(2752,5.0)
(2766,6.0)
(2776,3.0)
(2782,4.0)
(2786,4.0)
(2790,4.0)
(2800,5.0)
(2812,5.0)
(2822,4.0)
(2830,6.0)
(2842,4.0)
(2846,6.0)
(2850,6.0)
(2852,5.0)
(2862,6.0)
(2868,5.0)
(2882,6.0)
(2886,6.0)
(2892,3.0)
(2896,5.0)
(2914,6.0)
(2918,6.0)
(2938,4.0)
(2954,4.0)
(2980,5.0)
(3004,5.0)
(3008,5.0)
(3014,4.0)
(3016,5.0)
(3048,3.0)
(3056,5.0)
(3062,4.0)
(3068,5.0)
(3090,6.0)
(3094,6.0)
(3096,5.0)
(3106,6.0)
(3116,5.0)
(3122,6.0)
(3140,5.0)
(3156,5.0)
(3164,5.0)
(3170,6.0)
(3176,5.0)
(3186,6.0)
(3188,3.0)
(3194,6.0)
(3204,5.0)
(3208,5.0)
(3214,6.0)
(3218,4.0)
(3222,6.0)
(3230,6.0)
(3234,6.0)
(3250,6.0)
(3272,5.0)
(3288,5.0)
(3296,5.0)
(3312,5.0)
(3320,3.0)
(3326,6.0)
(3334,6.0)
(3336,5.0)
(3340,5.0)
(3348,5.0)
(3354,6.0)
(3364,3.0)
(3380,5.0)
(3384,3.0)
(3390,6.0)
(3402,6.0)
(3410,6.0)
(3416,3.0)
(3420,5.0)
(3426,4.0)
(3430,6.0)
(3432,5.0)
(3438,4.0)
(3440,3.0)
(3458,6.0)
(3464,3.0)
(3474,6.0)
(3486,6.0)
(3488,5.0)
(3502,6.0)
(3510,6.0)
(3520,5.0)
(3526,6.0)
(3530,6.0)
(3532,5.0)
(3536,5.0)
(3544,5.0)
(3550,4.0)
(3566,4.0)
(3568,5.0)
(3574,6.0)
(3580,5.0)
(3584,5.0)
(3594,6.0)
(3600,5.0)
(3604,3.0)
(3610,6.0)
(3618,6.0)
(3620,3.0)
(3630,6.0)
(3634,4.0)
(3642,6.0)
(3648,5.0)
(3660,3.0)
(3668,5.0)
(3678,6.0)
(3686,6.0)
(3690,6.0)
(3700,5.0)
(3716,5.0)
(3728,5.0)
(3734,6.0)
(3736,5.0)
(3746,6.0)
(3748,5.0)
(3754,6.0)
(3782,6.0)
(3786,4.0)
(3798,6.0)
(3808,5.0)
(3812,5.0)
(3818,6.0)
(3828,5.0)
(3844,5.0)
(3850,4.0)
(3852,5.0)
(3862,6.0)
(3874,6.0)
(3886,6.0)
(3890,6.0)
(3894,4.0)
(3896,5.0)
(3918,6.0)
(3924,5.0)
(3928,5.0)
(3936,5.0)
(3942,6.0)
(3956,5.0)
(3966,6.0)
(3968,3.0)
(3978,6.0)
(3990,6.0)
(3992,5.0)
(4002,6.0)
(4004,5.0)
(4012,5.0)
(4026,6.0)
(4030,6.0)
(4032,5.0)
(4044,5.0)
(4050,6.0)
(4052,5.0)
(4060,5.0)
(4064,5.0)
(4074,4.0)
(4086,6.0)
(4092,5.0)
(4104,5.0)
(4116,5.0)
(4122,6.0)
(4126,4.0)
(4130,4.0)
(4146,6.0)
(4160,5.0)
(4164,5.0)
(4174,6.0)
(4178,6.0)
(4182,6.0)
(4194,6.0)
(4196,5.0)
(4200,5.0)
(4216,5.0)
(4228,5.0)
(4232,5.0)
(4248,5.0)
(4258,6.0)
(4264,3.0)
(4268,5.0)
(4276,5.0)
(4290,4.0)
(4296,5.0)
(4310,4.0)
(4314,6.0)
(4330,6.0)
(4332,3.0)
(4338,6.0)
(4346,6.0)
(4352,5.0)
(4358,6.0)
(4366,6.0)
(4370,6.0)
(4380,5.0)
(4386,6.0)
(4390,6.0)
(4394,6.0)
(4400,5.0)
(4404,5.0)
(4418,6.0)
(4428,5.0)
(4442,6.0)
(4452,3.0)
(4458,4.0)
(4460,5.0)
(4480,5.0)
(4484,5.0)
(4490,6.0)
(4494,6.0)
(4506,6.0)
(4514,6.0)
(4526,6.0)
(4530,6.0)
(4536,3.0)
(4540,5.0)
(4550,6.0)
(4558,6.0)
(4586,6.0)
(4600,5.0)
(4604,5.0)
(4614,4.0)
(4618,6.0)
(4620,3.0)
(4626,4.0)
(4630,4.0)
(4642,6.0)
(4646,6.0)
(4648,3.0)
(4652,5.0)
(4662,6.0)
(4664,5.0)
(4668,5.0)
(4672,5.0)
(4682,6.0)
(4684,5.0)
(4704,5.0)
(4708,3.0)
(4712,3.0)
(4724,5.0)
(4740,3.0)
(4744,5.0)
(4750,4.0)
(4766,6.0)
(4778,6.0)
(4782,6.0)
(4784,5.0)
(4794,6.0)
(4796,5.0)
(4802,6.0)
(4818,6.0)
(4830,4.0)
(4832,5.0)
(4856,5.0)
(4860,5.0)
(4868,5.0)
(4898,6.0)
(4902,6.0)
(4910,6.0)
(4914,6.0)
(4922,4.0)
(4932,5.0)
(4936,5.0)
(4942,6.0)
(4946,6.0)
(4950,6.0)
(4964,5.0)
(4970,6.0)
(4974,4.0)
(4976,5.0)
(4986,6.0)
(4996,5.0)
(5000,5.0)
(5004,3.0)
(5018,4.0)
(5024,5.0)
(5032,5.0)
(5070,6.0)
(5074,4.0)
(5082,6.0)
(5098,6.0)
(5100,5.0)
(5106,6.0)
(5108,5.0)
(5116,5.0)
(5126,4.0)
(5130,6.0)
(5134,6.0)
(5138,6.0)
(5140,5.0)
(5144,5.0)
(5166,6.0)
(5170,6.0)
(5184,5.0)
(5192,5.0)
(5198,6.0)
(5202,4.0)
(5210,4.0)
(5212,5.0)
(5220,3.0)
(5228,5.0)
(5232,5.0)
(5244,3.0)
(5250,4.0)
(5252,5.0)
(5268,3.0)
(5272,3.0)
(5276,3.0)
(5282,4.0)
(5292,5.0)
(5300,5.0)
(5310,6.0)
(5314,6.0)
(5318,6.0)
(5320,5.0)
(5334,6.0)
(5338,6.0)
(5354,6.0)
(5364,5.0)
(5368,3.0)
(5374,6.0)
(5376,5.0)
(5386,6.0)
(5402,6.0)
(5408,5.0)
(5416,5.0)
(5424,5.0)
(5436,5.0)
(5442,6.0)
(5444,3.0)
(5448,3.0)
(5452,3.0)
(5470,6.0)
(5478,6.0)
(5480,5.0)
(5484,5.0)
(5492,5.0)
(5498,6.0)
(5502,6.0)
(5504,3.0)
(5512,5.0)
(5520,3.0)
(5528,3.0)
(5540,5.0)
(5546,6.0)
(5552,5.0)
(5560,5.0)
(5566,6.0)
(5580,5.0)
(5590,6.0)
(5616,5.0)
(5624,5.0)
(5628,5.0)
(5632,3.0)
(5636,5.0)
(5644,5.0)
(5654,6.0)
(5660,5.0)
(5668,5.0)
(5672,5.0)
(5676,5.0)
(5694,4.0)
(5698,6.0)
(5728,5.0)
(5734,6.0)
(5744,3.0)
(5750,6.0)
(5752,5.0)
(5756,5.0)
(5762,6.0)
(5778,6.0)
(5780,5.0)
(5798,6.0)
(5802,6.0)
(5804,5.0)
(5818,6.0)
(5820,5.0)
(5830,4.0)
(5846,6.0)
(5848,3.0)
(5858,4.0)
(5866,6.0)
(5880,5.0)
(5890,6.0)
(5898,6.0)
(5900,5.0)
(5906,6.0)
(5914,6.0)
(5916,5.0)
(5920,5.0)
(5936,5.0)
(5940,5.0)
(5948,5.0)
(5954,6.0)
(5956,5.0)
(5970,6.0)
(5974,4.0)
(5984,5.0)
(5990,4.0)
(5992,5.0)
(6004,5.0)
(6010,6.0)
(6018,6.0)
(6024,5.0)
(6042,6.0)
(6044,5.0)
(6050,6.0)
(6054,6.0)
(6056,5.0)
(6066,6.0)
(6074,6.0)
(6082,6.0)
(6084,5.0)
(6090,6.0)
(6092,5.0)
(6096,5.0)
(6102,4.0)
(6108,5.0)
(6112,5.0)
(6132,5.0)
(6140,5.0)
(6150,6.0)
(6158,4.0)
(6170,4.0)
(6178,4.0)
(6180,5.0)
(6184,5.0)
(6194,6.0)
(6202,4.0)
(6204,5.0)
(6208,3.0)
(6212,5.0)
(6226,6.0)
(6230,6.0)
(6240,5.0)
(6270,6.0)
(6276,5.0)
(6280,5.0)
(6284,5.0)
(6290,6.0)
(6294,6.0)
(6300,5.0)
(6306,4.0)
(6308,3.0)
(6314,6.0)
(6324,5.0)
(6332,3.0)
(6336,5.0)
(6342,6.0)
(6350,6.0)
(6352,5.0)
(6366,6.0)
(6380,Infinity)
(6408,3.0)
(6414,6.0)
(6416,5.0)
(6438,6.0)
(6450,6.0)
(6454,6.0)
(6458,6.0)
(6462,6.0)
(6482,6.0)
(6500,5.0)
(6516,5.0)
(6520,5.0)
(6530,6.0)
(6532,5.0)
(6538,6.0)
(6540,3.0)
(6550,6.0)
(6560,5.0)
(6564,5.0)
(6570,6.0)
(6574,6.0)
(6584,5.0)
(6590,6.0)
(6594,6.0)
(6610,6.0)
(6614,6.0)
(6622,6.0)
(6626,6.0)
(6630,6.0)
(6634,4.0)
(6638,6.0)
(6646,6.0)
(6662,6.0)
(6672,5.0)
(6680,5.0)
(6686,4.0)
(6688,3.0)
(6696,5.0)
(6702,4.0)
(6706,6.0)
(6730,6.0)
(6732,5.0)
(6736,5.0)
(6742,6.0)
(6748,5.0)
(6752,5.0)
(6774,4.0)
(6776,5.0)
(6784,5.0)
(6796,5.0)
(6802,6.0)
(6820,5.0)
(6824,3.0)
(6830,6.0)
(6838,6.0)
(6842,4.0)
(6848,5.0)
(6852,5.0)
(6866,6.0)
(6874,4.0)
(6876,5.0)
(6884,5.0)
(6888,5.0)
(6898,6.0)
(6910,6.0)
(6918,6.0)
(6920,5.0)
(6930,6.0)
(6936,5.0)
(6946,6.0)
(6954,6.0)
(6970,6.0)
(6972,5.0)
(6978,6.0)
(6980,5.0)
(6990,6.0)
(6992,5.0)
(6996,5.0)
(7002,6.0)
(7006,6.0)
(7010,6.0)
(7016,5.0)
(7030,6.0)
(7044,5.0)
(7054,6.0)
(7058,4.0)
(7070,4.0)
(7074,6.0)
(7082,6.0)
(7086,6.0)
(7096,5.0)
(7104,5.0)
(7110,6.0)
(7124,5.0)
(7128,5.0)
(7146,6.0)
(7150,6.0)
(7158,6.0)
(7164,5.0)
(7170,6.0)
(7172,5.0)
(7176,5.0)
(7182,6.0)
(7186,6.0)
(7188,5.0)
(7202,6.0)
(7206,6.0)
(7208,5.0)
(7228,3.0)
(7238,6.0)
(7244,3.0)
(7250,6.0)
(7252,5.0)
(7264,5.0)
(7272,3.0)
(7276,3.0)
(7280,5.0)
(7286,4.0)
(7294,6.0)
(7296,5.0)
(7302,6.0)
(7314,6.0)
(7320,5.0)
(7328,5.0)
(7334,6.0)
(7336,3.0)
(7346,6.0)
(7376,3.0)
(7386,6.0)
(7394,6.0)
(7398,6.0)
(7402,6.0)
(7406,6.0)
(7408,3.0)
(7416,5.0)
(7432,3.0)
(7436,3.0)
(7442,6.0)
(7444,5.0)
(7448,5.0)
(7474,6.0)
(7480,5.0)
(7486,6.0)
(7488,5.0)
(7508,3.0)
(7518,6.0)
(7526,6.0)
(7542,6.0)
(7556,5.0)
(7578,4.0)
(7580,3.0)
(7584,3.0)
(7598,6.0)
(7604,5.0)
(7616,5.0)
(7620,3.0)
(7624,3.0)
(7638,4.0)
(7644,5.0)
(7648,5.0)
(7652,5.0)
(7656,5.0)
(7668,5.0)
(7678,6.0)
(7686,6.0)
(7690,6.0)
(7692,5.0)
(7712,5.0)
(7722,6.0)
(7732,5.0)
(7738,4.0)
(7744,5.0)
(7748,5.0)
(7752,5.0)
(7762,6.0)
(7768,5.0)
(7774,6.0)
(7786,4.0)
(7796,5.0)
(7800,5.0)
(7810,6.0)
(7814,6.0)
(7822,6.0)
(7828,5.0)
(7844,5.0)
(7848,3.0)
(7860,5.0)
(7864,5.0)
(7868,3.0)
(7872,3.0)
(7882,6.0)
(7886,6.0)
(7890,6.0)
(7894,6.0)
(7900,3.0)
(7926,6.0)
(7930,4.0)
(7934,6.0)
(7936,3.0)
(7942,6.0)
(7944,5.0)
(7954,6.0)
(7958,6.0)
(7960,5.0)
(7970,6.0)
(7974,6.0)
(7986,6.0)
(7992,5.0)
(8008,3.0)
(8024,5.0)
(8038,6.0)
(8040,5.0)
(8048,5.0)
(8058,6.0)
(8060,5.0)
(8064,5.0)
(8092,5.0)
(8110,6.0)
(8114,6.0)
(8116,5.0)
(8120,5.0)
(8128,5.0)
(8142,6.0)
(8146,6.0)
(8148,5.0)
(8162,6.0)
(8164,5.0)
(8174,6.0)
(8178,4.0)
(8186,6.0)
(8200,5.0)
(8212,5.0)
(8220,5.0)
(8224,5.0)
(8244,5.0)
(8248,5.0)
(8252,5.0)
(8266,6.0)
(8268,5.0)
(8274,6.0)
(8290,6.0)
(8294,6.0)
(8310,4.0)
(8316,3.0)
(8326,6.0)
(8330,6.0)
(8332,5.0)
(8338,6.0)
(8342,6.0)
(8344,3.0)
(8360,5.0)
(8372,5.0)
(8376,5.0)
(8390,6.0)
(8408,5.0)
(8414,6.0)
(8418,4.0)
(8426,6.0)
(8440,3.0)
(8448,5.0)
(8454,6.0)
(8456,3.0)
(8478,6.0)
(8492,5.0)
(8504,5.0)
(8510,6.0)
(8516,5.0)
(8534,6.0)
(8538,6.0)
(8552,5.0)
(8556,5.0)
(8574,6.0)
(8580,3.0)
(8602,4.0)
(8614,4.0)
(8642,6.0)
(8646,6.0)
(8654,6.0)
(8658,6.0)
(8666,4.0)
(8674,4.0)
(8682,4.0)
(8694,6.0)
(8696,3.0)
(8706,4.0)
(8724,5.0)
(8732,5.0)
(8748,5.0)
(8766,6.0)
(8776,5.0)
(8786,6.0)
(8788,5.0)
(8800,5.0)
(8816,3.0)
(8826,6.0)
(8830,6.0)
(8840,3.0)
(8860,5.0)
(8864,3.0)
(8870,6.0)
(8872,5.0)
(8886,6.0)
(8890,6.0)
(8908,5.0)
(8922,6.0)
(8924,5.0)
(8928,3.0)
(8958,6.0)
(8962,6.0)
(8966,6.0)
(8972,5.0)
(8978,6.0)
(8982,4.0)
(8984,5.0)
(9006,6.0)
(9008,5.0)
(9024,5.0)
(9028,5.0)
(9036,5.0)
(9044,3.0)
(9048,5.0)
(9054,6.0)
(9062,6.0)
(9066,4.0)
(9076,5.0)
(9090,6.0)
(9104,5.0)
(9118,6.0)
(9132,5.0)
(9138,6.0)
(9142,4.0)
(9146,4.0)
(9154,6.0)
(9158,4.0)
(9170,6.0)
(9180,5.0)
(9186,4.0)
(9188,5.0)
(9196,5.0)
(9204,3.0)
(9214,6.0)
(9216,5.0)
(9220,5.0)
(9228,5.0)
(9232,5.0)
(9242,6.0)
(9244,5.0)
(9248,5.0)
(9262,6.0)
(9264,5.0)
(9272,5.0)
(9278,6.0)
(9282,6.0)
(9284,5.0)
(9294,6.0)
(9298,6.0)
(9300,5.0)
(9308,5.0)
(9316,3.0)
(9328,3.0)
(9332,5.0)
(9336,3.0)
(9348,3.0)
(9354,4.0)
(9356,5.0)
(9362,6.0)
(9374,4.0)
(9380,5.0)
(9384,3.0)
(9390,6.0)
(9392,5.0)
(9404,5.0)
(9420,5.0)
(9428,5.0)
(9438,6.0)
(9440,5.0)
(9450,6.0)
(9454,6.0)
(9456,5.0)
(9462,6.0)
(9464,5.0)
(9474,6.0)
(9478,4.0)
(9486,6.0)
(9492,5.0)
(9504,5.0)
(9528,5.0)
(9542,6.0)
(9550,6.0)
(9558,6.0)
(9560,5.0)
(9564,5.0)
(9620,5.0)
(9624,5.0)
(9634,6.0)
(9654,6.0)
(9668,5.0)
(9672,5.0)
(9676,5.0)
(9682,6.0)
(9684,3.0)
(9692,5.0)
(9698,6.0)
(9702,6.0)
(9708,3.0)
(9724,5.0)
(9730,6.0)
(9738,6.0)
(9742,6.0)
(9782,6.0)
(9786,6.0)
(9790,6.0)
(9798,4.0)
(9802,4.0)
(9818,6.0)
(9820,5.0)
(9836,5.0)
(9842,6.0)
(9844,5.0)
(9856,5.0)
(9864,5.0)
(9870,6.0)
(9872,5.0)
(9878,6.0)
(9900,5.0)
(9912,5.0)
(9926,6.0)
(9928,5.0)
(9938,6.0)
(9942,6.0)
(9954,6.0)
(9956,5.0)
(9964,3.0)
(9986,6.0)
(9988,3.0)
(10004,5.0)
(10014,6.0)
(10018,6.0)
(10020,3.0)
(10030,4.0)
(10036,3.0)
(10040,5.0)
(10050,6.0)
(10054,4.0)
(10060,5.0)
(10064,5.0)
(10068,5.0)
(10078,4.0)
(10084,5.0)
(10098,4.0)
(10104,3.0)
(10108,5.0)
(10120,5.0)
(10148,5.0)
(10152,5.0)
(10164,5.0)
(10178,6.0)
(10180,3.0)
(10184,5.0)
(10188,3.0)
(10192,5.0)
(10208,3.0)
(10214,6.0)
(10222,6.0)
(10228,3.0)
(10238,6.0)
(10246,6.0)
(10252,5.0)
(10268,5.0)
(10284,5.0)
(10302,6.0)
(10322,4.0)
(10330,6.0)
(10336,5.0)
(10342,6.0)
(10344,5.0)
(10350,6.0)
(10352,3.0)
(10356,5.0)
(10360,5.0)
(10364,5.0)
(10378,4.0)
(10380,3.0)
(10384,5.0)
(10392,5.0)
(10404,5.0)
(10408,5.0)
(10412,5.0)
(10420,3.0)
(10434,4.0)
(10448,5.0)
(10452,5.0)
(10456,5.0)
(10470,6.0)
(10474,6.0)
(10486,6.0)
(10496,5.0)
(10530,6.0)
(10534,6.0)
(10550,6.0)
(10552,5.0)
(10558,6.0)
(10566,6.0)
(10572,3.0)
(10576,5.0)
(10580,5.0)
(10584,5.0)
(10588,5.0)
(10600,5.0)
(10610,6.0)
(10612,3.0)
(10618,6.0)
(10622,6.0)
(10624,5.0)
(10630,6.0)
(10634,6.0)
(10636,3.0)
(10640,5.0)
(10644,3.0)
(10648,3.0)
(10654,6.0)
(10656,5.0)
(10664,5.0)
(10684,3.0)
(10688,3.0)
(10700,3.0)
(10710,6.0)
(10716,5.0)
(10720,5.0)
(10734,6.0)
(10736,5.0)
(10748,5.0)
(10754,6.0)
(10756,5.0)
(10760,5.0)
(10766,4.0)
(10768,5.0)
(10772,5.0)
(10776,5.0)
(10784,5.0)
(10788,5.0)
(10796,5.0)
(10808,5.0)
(10814,6.0)
(10834,6.0)
(10840,3.0)
(10844,3.0)
(10850,6.0)
(10868,5.0)
(10884,5.0)
(10888,5.0)
(10892,5.0)
(10898,4.0)
(10902,6.0)
(10914,6.0)
(10922,6.0)
(10924,5.0)
(10930,6.0)
(10940,5.0)
(10948,5.0)
(10952,5.0)
(10962,6.0)
(10966,6.0)
(10982,6.0)
(10984,5.0)
(10994,6.0)
(11002,6.0)
(11008,5.0)
(11018,4.0)
(11022,6.0)
(11028,5.0)
(11034,6.0)
(11036,5.0)
(11056,5.0)
(11076,5.0)
(11084,5.0)
(11094,6.0)
(11102,6.0)
(11104,5.0)
(11118,6.0)
(11120,5.0)
(11124,5.0)
(11128,5.0)
(11142,6.0)
(11148,5.0)
(11158,6.0)
(11166,6.0)
(11168,5.0)
(11176,3.0)
(11180,3.0)
(11186,6.0)
(11188,5.0)
(11198,6.0)
(11200,5.0)
(11210,6.0)
(11214,6.0)
(11232,5.0)
(11236,5.0)
(11242,6.0)
(11248,5.0)
(11278,6.0)
(11280,3.0)
(11292,3.0)
(11296,3.0)
(11304,5.0)
(11314,6.0)
(11322,6.0)
(11330,6.0)
(11336,3.0)
(11344,3.0)
(11348,5.0)
(11358,4.0)
(11360,5.0)
(11374,6.0)
(11380,5.0)
(11386,6.0)
(11396,5.0)
(11402,6.0)
(11404,5.0)
(11408,5.0)
(11412,5.0)
(11416,5.0)
(11432,5.0)
(11436,5.0)
(11450,6.0)
(11458,6.0)
(11468,5.0)
(11482,6.0)
(11484,5.0)
(11488,5.0)
(11500,5.0)
(11512,3.0)
(11518,6.0)
(11524,3.0)
(11536,5.0)
(11540,5.0)
(11558,6.0)
(11566,6.0)
(11568,5.0)
(11572,3.0)
(11578,6.0)
(11580,5.0)
(11592,5.0)
(11608,5.0)
(11612,5.0)
(11622,6.0)
(11624,5.0)
(11630,6.0)
(11632,5.0)
(11640,3.0)
(11656,5.0)
(11666,6.0)
(11670,4.0)
(11676,3.0)
(11682,4.0)
(11686,6.0)
(11698,6.0)
(11706,6.0)
(11712,5.0)
(11724,5.0)
(11728,5.0)
(11734,4.0)
(11738,4.0)
(11740,5.0)
(11770,4.0)
(11774,6.0)
(11784,5.0)
(11796,5.0)
(11814,4.0)
(11824,3.0)
(11832,5.0)
(11840,5.0)
(11846,6.0)
(11850,4.0)
(11856,5.0)
(11860,5.0)
(11874,6.0)
(11882,6.0)
(11884,5.0)
(11938,6.0)
(11940,5.0)
(11950,6.0)
(11964,5.0)
(11988,5.0)
(12002,4.0)
(12008,5.0)
(12012,3.0)
(12016,5.0)
(12020,5.0)
(12028,5.0)
(12032,3.0)
(12038,4.0)
(12042,6.0)
(12050,6.0)
(12056,3.0)
(12064,5.0)
(12070,6.0)
(12080,5.0)
(12098,6.0)
(12102,6.0)
(12122,4.0)
(12126,6.0)
(12128,5.0)
(12134,6.0)
(12138,4.0)
(12150,6.0)
(12152,5.0)
(12158,6.0)
(12160,5.0)
(12168,5.0)
(12180,3.0)
(12186,6.0)
(12190,6.0)
(12206,6.0)
(12214,6.0)
(12230,6.0)
(12236,5.0)
(12240,3.0)
(12246,6.0)
(12256,5.0)
(12260,5.0)
(12264,5.0)
(12276,5.0)
(12290,6.0)
(12294,6.0)
(12296,5.0)
(12304,5.0)
(12310,4.0)
(12314,4.0)
(12322,4.0)
(12326,6.0)
(12330,6.0)
(12334,4.0)
(12340,5.0)
(12344,5.0)
(12356,5.0)
(12362,4.0)
(12364,3.0)
(12370,6.0)
(12372,5.0)
(12376,5.0)
(12380,5.0)
(12388,5.0)
(12418,6.0)
(12422,4.0)
(12444,5.0)
(12450,4.0)
(12454,6.0)
(12488,5.0)
(12508,5.0)
(12518,6.0)
(12522,6.0)
(12530,6.0)
(12532,5.0)
(12540,5.0)
(12554,6.0)
(12556,5.0)
(12560,3.0)
(12566,6.0)
(12568,5.0)
(12572,5.0)
(12578,4.0)
(12584,5.0)
(12590,6.0)
(12598,6.0)
(12602,6.0)
(12606,4.0)
(12628,5.0)
(12644,5.0)
(12656,5.0)
(12660,5.0)
(12678,6.0)
(12680,5.0)
(12694,6.0)
(12700,5.0)
(12708,5.0)
(12714,6.0)
(12718,6.0)
(12724,5.0)
(12728,3.0)
(12732,5.0)
(12738,4.0)
(12748,5.0)
(12758,4.0)
(12762,6.0)
(12764,5.0)
(12770,6.0)
(12772,5.0)
(12778,6.0)
(12780,5.0)
(12792,5.0)
(12796,5.0)
(12818,6.0)
(12822,6.0)
(12824,5.0)
(12828,3.0)
(12838,6.0)
(12850,6.0)
(12872,5.0)
(12880,5.0)
(12898,6.0)
(12910,6.0)
(12914,6.0)
(12918,6.0)
(12924,5.0)
(12928,5.0)
(12942,6.0)
(12954,6.0)
(12956,3.0)
(12966,6.0)
(12970,6.0)
(12972,5.0)
(12978,6.0)
(12980,5.0)
(12996,5.0)
(13000,5.0)
(13010,4.0)
(13018,6.0)
(13020,3.0)
(13040,5.0)
(13066,6.0)
(13078,6.0)
(13080,3.0)
(13084,5.0)
(13088,5.0)
(13094,6.0)
(13102,6.0)
(13114,6.0)
(13120,5.0)
(13126,6.0)
(13146,6.0)
(13152,5.0)
(13160,3.0)
(13168,5.0)
(13190,4.0)
(13194,6.0)
(13198,4.0)
(13206,6.0)
(13210,4.0)
(13212,5.0)
(13216,3.0)
(13228,5.0)
(13234,6.0)
(13236,5.0)
(13246,6.0)
(13254,6.0)
(13262,6.0)
(13266,4.0)
(13272,3.0)
(13286,6.0)
(13294,4.0)
(13310,6.0)
(13316,5.0)
(13320,5.0)
(13332,3.0)
(13350,6.0)
(13352,5.0)
(13358,4.0)
(13378,6.0)
(13382,6.0)
(13388,5.0)
(13392,5.0)
(13396,5.0)
(13402,6.0)
(13410,6.0)
(13412,5.0)
(13434,6.0)
(13438,6.0)
(13448,5.0)
(13460,5.0)
(13466,6.0)
(13474,6.0)
(13480,5.0)
(13484,5.0)
(13490,6.0)
(13492,5.0)
(13512,5.0)
(13516,5.0)
(13520,3.0)
(13528,5.0)
(13534,6.0)
(13542,6.0)
(13546,6.0)
(13552,3.0)
(13556,5.0)
(13576,3.0)
(13582,6.0)
(13592,5.0)
(13598,4.0)
(13602,4.0)
(13618,6.0)
(13626,6.0)
(13628,5.0)
(13634,6.0)
(13636,5.0)
(13646,4.0)
(13650,6.0)
(13652,5.0)
(13662,6.0)
(13668,3.0)
(13686,6.0)
(13696,5.0)
(13708,5.0)
(13716,5.0)
(13738,4.0)
(13760,5.0)
(13766,4.0)
(13780,5.0)
(13804,3.0)
(13820,5.0)
(13830,6.0)
(13832,5.0)
(13842,4.0)
(13848,5.0)
(13862,6.0)
(13888,5.0)
(13892,3.0)
(13896,5.0)
(13902,6.0)
(13904,5.0)
(13910,6.0)
(13914,6.0)
(13916,5.0)
(13922,6.0)
(13946,4.0)
(13948,5.0)
(13956,5.0)
(13964,5.0)
(13972,5.0)
(13982,4.0)
(13986,4.0)
(13990,6.0)
(13998,6.0)
(14006,6.0)
(14012,5.0)
(14018,6.0)
(14026,4.0)
(14042,6.0)
(14060,5.0)
(14066,6.0)
(14068,5.0)
(14072,3.0)
(14076,5.0)
(14080,3.0)
(14088,5.0)
(14094,6.0)
(14104,5.0)
(14110,4.0)
(14114,6.0)
(14120,5.0)
(14126,6.0)
(14128,3.0)
(14134,6.0)
(14140,5.0)
(14154,6.0)
(14170,4.0)
(14178,6.0)
(14184,5.0)
(14198,6.0)
(14200,5.0)
(14208,5.0)
(14216,5.0)
(14222,6.0)
(14228,5.0)
(14232,5.0)
(14236,5.0)
(14242,6.0)
(14244,5.0)
(14252,5.0)
(14258,6.0)
(14262,4.0)
(14270,6.0)
(14272,5.0)
(14284,5.0)
(14288,5.0)
(14294,6.0)
(14310,6.0)
(14328,3.0)
(14332,5.0)
(14338,6.0)
(14348,5.0)
(14354,6.0)
(14368,5.0)
(14380,3.0)
(14408,5.0)
(14422,6.0)
(14436,5.0)
(14440,5.0)
(14452,3.0)
(14456,5.0)
(14470,6.0)
(14484,5.0)
(14488,5.0)
(14492,3.0)
(14496,5.0)
(14504,5.0)
(14514,6.0)
(14518,6.0)
(14526,6.0)
(14528,5.0)
(14544,3.0)
(14562,6.0)
(14568,3.0)
(14572,3.0)
(14586,6.0)
(14588,3.0)
(14592,3.0)
(14606,4.0)
(14610,6.0)
(14622,6.0)
(14656,5.0)
(14660,5.0)
(14670,4.0)
(14686,6.0)
(14688,5.0)
(14692,5.0)
(14698,6.0)
(14708,5.0)
(14732,5.0)
(14742,4.0)
(14744,5.0)
(14754,6.0)
(14760,3.0)
(14764,5.0)
(14774,6.0)
(14778,6.0)
(14782,6.0)
(14786,4.0)
(14790,6.0)
(14810,6.0)
(14814,6.0)
(14820,5.0)
(14834,6.0)
(14848,5.0)
(14854,6.0)
(14858,6.0)
(14862,6.0)
(14864,5.0)
(14878,6.0)
(14884,3.0)
(14892,5.0)
(14898,4.0)
(14902,6.0)
(14906,6.0)
(14908,3.0)
(14932,5.0)
(14946,6.0)
(14956,5.0)
(14962,6.0)
(14984,5.0)
(14992,5.0)
(14996,5.0)
(15006,4.0)
(15010,6.0)
(15012,5.0)
(15020,5.0)
(15026,4.0)
(15030,4.0)
(15034,4.0)
(15042,6.0)
(15044,5.0)
(15056,5.0)
(15070,6.0)
(15072,5.0)
(15082,6.0)
(15086,6.0)
(15112,5.0)
(15116,5.0)
(15122,6.0)
(15126,6.0)
(15132,5.0)
(15142,6.0)
(15156,5.0)
(15168,5.0)
(15180,5.0)
(15184,5.0)
(15192,5.0)
(15206,6.0)
(15214,6.0)
(15218,6.0)
(15222,6.0)
(15226,6.0)
(15230,6.0)
(15232,5.0)
(15238,6.0)
(15248,5.0)
(15252,5.0)
(15256,5.0)
(15274,4.0)
(15282,6.0)
(15286,6.0)
(15296,5.0)
(15304,5.0)
(15308,5.0)
(15314,6.0)
(15320,5.0)
(15330,6.0)
(15338,6.0)
(15348,5.0)
(15358,4.0)
(15372,5.0)
(15378,6.0)
(15382,6.0)
(15394,6.0)
(15398,6.0)
(15404,5.0)
(15408,5.0)
(15426,6.0)
(15428,5.0)
(15440,5.0)
(15444,5.0)
(15450,6.0)
(15458,4.0)
(15476,5.0)
(15506,6.0)
(15510,6.0)
(15516,5.0)
(15524,5.0)
(15542,6.0)
(15570,4.0)
(15574,4.0)
(15576,5.0)
(15580,3.0)
(15586,6.0)
(15602,6.0)
(15606,4.0)
(15610,6.0)
(15618,4.0)
(15624,5.0)
(15646,6.0)
(15652,5.0)
(15658,4.0)
(15670,6.0)
(15674,4.0)
(15676,5.0)
(15686,6.0)
(15696,5.0)
(15700,5.0)
(15718,6.0)
(15720,5.0)
(15730,6.0)
(15738,6.0)
(15740,5.0)
(15744,3.0)
(15750,6.0)
(15754,6.0)
(15758,6.0)
(15766,6.0)
(15768,3.0)
(15778,6.0)
(15784,5.0)
(15790,6.0)
(15792,5.0)
(15798,4.0)
(15804,5.0)
(15808,5.0)
(15826,4.0)
(15834,6.0)
(15842,6.0)
(15858,6.0)
(15864,5.0)
(15874,6.0)
(15886,6.0)
(15894,6.0)
(15898,6.0)
(15910,6.0)
(15932,5.0)
(15942,6.0)
(15950,6.0)
(15962,4.0)
(15964,5.0)
(15974,6.0)
(15976,3.0)
(15986,4.0)
(16014,6.0)
(16018,4.0)
(16024,5.0)
(16030,6.0)
(16040,3.0)
(16054,6.0)
(16066,6.0)
(16074,6.0)
(16082,6.0)
(16084,5.0)
(16088,5.0)
(16092,3.0)
(16096,5.0)
(16112,3.0)
(16116,5.0)
(16120,5.0)
(16126,6.0)
(16128,5.0)
(16132,5.0)
(16136,3.0)
(16142,6.0)
(16146,6.0)
(16158,6.0)
(16160,5.0)
(16170,6.0)
(16172,3.0)
(16176,5.0)
(16186,4.0)
(16190,6.0)
(16196,5.0)
(16202,6.0)
(16218,6.0)
(16226,6.0)
(16228,5.0)
(16236,5.0)
(16250,6.0)
(16258,6.0)
(16262,6.0)
(16272,5.0)
(16278,6.0)
(16288,5.0)
(16306,6.0)
(16312,5.0)
(16318,6.0)
(16324,5.0)
(16328,5.0)
(16350,6.0)
(16354,6.0)
(16356,5.0)
(16370,6.0)
(16382,6.0)
(16410,6.0)
(16412,5.0)
(16416,5.0)
(16420,5.0)
(16436,5.0)
(16446,6.0)
(16456,5.0)
(16462,6.0)
(16472,5.0)
(16476,5.0)
(16486,6.0)
(16490,6.0)
(16498,6.0)
(16514,6.0)
(16518,6.0)
(16544,3.0)
(16550,6.0)
(16552,5.0)
(16566,6.0)
(16576,5.0)
(16582,6.0)
(16586,6.0)
(16590,4.0)
(16592,3.0)
(16598,6.0)
(16620,5.0)
(16640,5.0)
(16660,5.0)
(16678,6.0)
(16686,6.0)
(16692,3.0)
(16704,3.0)
(16708,5.0)
(16716,5.0)
(16726,6.0)
(16730,4.0)
(16732,5.0)
(16736,5.0)
(16740,5.0)
(16750,6.0)
(16760,5.0)
(16768,5.0)
(16774,6.0)
(16780,5.0)
(16792,5.0)
(16802,6.0)
(16804,5.0)
(16810,6.0)
(16812,5.0)
(16820,5.0)
(16828,5.0)
(16836,5.0)
(16850,6.0)
(16856,5.0)
(16878,6.0)
(16886,6.0)
(16890,6.0)
(16892,3.0)
(16896,5.0)
(16904,5.0)
(16908,5.0)
(16918,6.0)
(16922,6.0)
(16924,5.0)
(16930,6.0)
(16932,5.0)
(16936,5.0)
(16948,5.0)
(16956,5.0)
(16960,5.0)
(16968,3.0)
(16974,6.0)
(16976,5.0)
(16994,6.0)
(17002,6.0)
(17004,5.0)
(17010,6.0)
(17014,6.0)
(17016,5.0)
(17032,5.0)
(17040,5.0)
(17050,6.0)
(17054,6.0)
(17056,5.0)
(17062,4.0)
(17074,6.0)
(17076,5.0)
(17082,4.0)
(17090,6.0)
(17094,6.0)
(17098,6.0)
(17102,6.0)
(17116,5.0)
(17146,6.0)
(17158,6.0)
(17162,6.0)
(17172,5.0)
(17178,6.0)
(17182,6.0)
(17190,6.0)
(17228,5.0)
(17234,6.0)
(17238,6.0)
(17240,5.0)
(17246,6.0)
(17254,6.0)
(17262,6.0)
(17264,5.0)
(17268,5.0)
(17274,4.0)
(17276,5.0)
(17280,5.0)
(17284,5.0)
(17288,5.0)
(17294,6.0)
(17302,4.0)
(17308,3.0)
(17324,5.0)
(17328,5.0)
(17334,6.0)
(17342,6.0)
(17360,5.0)
(17368,5.0)
(17386,6.0)
(17414,4.0)
(17416,5.0)
(17438,6.0)
(17440,5.0)
(17452,5.0)
(17456,3.0)
(17478,6.0)
(17486,4.0)
(17488,5.0)
(17494,6.0)
(17498,4.0)
(17502,6.0)
(17504,5.0)
(17508,5.0)
(17520,5.0)
(17530,4.0)
(17548,3.0)
(17564,5.0)
(17570,6.0)
(17576,3.0)
(17582,6.0)
(17588,5.0)
(17596,3.0)
(17602,6.0)
(17614,4.0)
(17620,5.0)
(17626,6.0)
(17632,5.0)
(17646,6.0)
(17648,5.0)
(17656,5.0)
(17660,5.0)
(17666,4.0)
(17678,6.0)
(17688,5.0)
(17694,6.0)
(17700,5.0)
(17704,5.0)
(17712,5.0)
(17716,5.0)
(17734,6.0)
(17738,6.0)
(17766,6.0)
(17770,4.0)
(17802,6.0)
(17806,4.0)
(17810,6.0)
(17814,6.0)
(17820,3.0)
(17826,6.0)
(17828,3.0)
(17832,5.0)
(17836,5.0)
(17840,5.0)
(17844,5.0)
(17848,3.0)
(17858,6.0)
(17864,5.0)
(17872,3.0)
(17880,5.0)
(17888,5.0)
(17900,3.0)
(17910,6.0)
(17918,6.0)
(17922,4.0)
(17926,4.0)
(17932,3.0)
(17936,3.0)
(17946,6.0)
(17962,6.0)
(17970,6.0)
(17992,5.0)
(18010,6.0)
(18014,6.0)
(18018,6.0)
(18022,4.0)
(18032,5.0)
(18038,6.0)
(18048,5.0)
(18060,5.0)
(18070,6.0)
(18090,6.0)
(18094,6.0)
(18098,6.0)
(18106,6.0)
(18108,3.0)
(18118,6.0)
(18124,5.0)
(18132,5.0)
(18146,6.0)
(18150,6.0)
(18152,5.0)
(18164,5.0)
(18170,6.0)
(18176,5.0)
(18204,5.0)
(18210,6.0)
(18220,5.0)
(18226,6.0)
(18246,6.0)
(18250,6.0)
(18254,4.0)
(18264,5.0)
(18285,2.0)
(18307,3.0)
(18325,2.0)
(18341,2.0)
(18347,3.0)
(18355,3.0)
(18357,2.0)
(18385,4.0)
(18391,5.0)
(18399,5.0)
(18401,4.0)
(18409,4.0)
(18415,5.0)
(18423,5.0)
(18441,4.0)
(18447,5.0)
(18449,4.0)
(18457,4.0)
(18463,5.0)
(18465,4.0)
(18473,4.0)
(18487,5.0)
(18489,4.0)
(18503,5.0)
(18513,4.0)
(18521,4.0)
(18527,5.0)
(18529,6.0)
(18535,5.0)
(18551,5.0)
(18559,5.0)
(18569,4.0)
(18575,7.0)
(18577,6.0)
(18583,5.0)
(18593,6.0)
(18599,5.0)
(18607,5.0)
(18609,4.0)
(18615,5.0)
(18617,4.0)
(18625,4.0)
(18633,4.0)
(18639,5.0)
(18647,5.0)
(18655,5.0)
(18663,5.0)
(18671,5.0)
(18679,5.0)
(18697,4.0)
(18705,4.0)
(18713,4.0)
(18729,4.0)
(18735,5.0)
(18743,5.0)
(18751,5.0)
(18759,5.0)
(18761,4.0)
(18767,5.0)
(18769,4.0)
(18781,4.0)
(18797,4.0)
(18803,5.0)
(18805,4.0)
(18811,5.0)
(18819,5.0)
(18825,4.0)
(18833,4.0)
(18841,4.0)
(18865,4.0)
(18873,4.0)
(18879,5.0)
(18881,4.0)
(18897,4.0)
(18905,4.0)
(18913,4.0)
(18919,5.0)
(18927,5.0)
(18945,4.0)
(18951,5.0)
(18957,4.0)
(18963,5.0)
(18971,5.0)
(18973,4.0)
(18981,4.0)
(18987,5.0)
(18989,4.0)
(18997,4.0)
(19003,5.0)
(19011,5.0)
(19019,5.0)
(19027,5.0)
(19029,4.0)
(19043,5.0)
(19053,4.0)
(19061,4.0)
(19069,4.0)
(19083,5.0)
(19093,4.0)
(19101,4.0)
(19123,5.0)
(19125,4.0)
(19131,5.0)
(19133,4.0)
(19139,5.0)
(19141,4.0)
(19147,5.0)
(19149,4.0)
(19155,5.0)
(19163,5.0)
(19173,4.0)
(19189,4.0)
(19195,5.0)
(19203,5.0)
(19205,4.0)
(19211,5.0)
(19217,4.0)
(19223,5.0)
(19225,4.0)
(19231,5.0)
(19233,4.0)
(19239,5.0)
(19247,5.0)
(19249,4.0)
(19255,5.0)
(19257,4.0)
(19263,5.0)
(19265,4.0)
(19273,4.0)
(19281,4.0)
(19287,5.0)
(19295,5.0)
(19297,4.0)
(19303,5.0)
(19305,4.0)
(19311,5.0)
(19319,5.0)
(19321,4.0)
(19329,4.0)
(19335,5.0)
(19337,4.0)
(19343,5.0)
(19345,4.0)
(19369,4.0)
(19375,5.0)
(19377,4.0)
(19383,5.0)
(19393,4.0)
(19399,5.0)
(19417,4.0)
(19425,4.0)
(19447,5.0)
(19457,4.0)
(19465,4.0)
(19479,5.0)
(19487,5.0)
(19489,4.0)
(19503,5.0)
(19505,4.0)
(19513,4.0)
(19521,4.0)
(19527,5.0)
(19529,4.0)
(19535,5.0)
(19543,5.0)
(19545,4.0)
(19551,5.0)
(19559,5.0)
(19561,4.0)
(19575,5.0)
(19577,4.0)
(19583,5.0)
(19591,5.0)
(19607,5.0)
(19615,5.0)
(19625,4.0)
(19631,5.0)
(19643,5.0)
(19661,4.0)
(19667,5.0)
(19669,4.0)
(19693,4.0)
(19701,4.0)
(19707,5.0)
(19709,4.0)
(19715,5.0)
(19725,4.0)
(19731,5.0)
(19747,5.0)
(19763,5.0)
(19773,4.0)
(19779,5.0)
(19783,5.0)
(19793,4.0)
(19799,5.0)
(19823,5.0)
(19833,4.0)
(19839,5.0)
(19863,5.0)
(19871,5.0)
(19897,4.0)
(19903,5.0)
(19905,4.0)
(19923,5.0)
(19931,5.0)
(19933,4.0)
(19941,4.0)
(19947,5.0)
(19949,4.0)
(19955,5.0)
(19957,4.0)
(19963,5.0)
(19973,4.0)
(19981,4.0)
(19987,5.0)
(19995,5.0)
(19997,6.0)
(20003,5.0)
(20005,6.0)
(20011,7.0)
(20013,4.0)
(20019,5.0)
(20021,4.0)
(20027,5.0)
(20035,5.0)
(20051,5.0)
(20053,4.0)
(20069,4.0)
(20079,5.0)
(20095,7.0)
(20097,6.0)
(20111,5.0)
(20113,4.0)
(20127,5.0)
(20135,5.0)
(20137,4.0)
(20143,5.0)
(20145,4.0)
(20175,5.0)
(20185,4.0)
(20199,5.0)
(20209,4.0)
(20215,5.0)
(20225,4.0)
(20231,7.0)
(20251,7.0)
(20253,6.0)
(20269,6.0)
(20299,5.0)
(20307,5.0)
(20315,5.0)
(20323,5.0)
(20325,4.0)
(20331,5.0)
(20333,4.0)
(20341,4.0)
(20371,5.0)
(20379,5.0)
(20387,5.0)
(20389,4.0)
(20395,5.0)
(20397,4.0)
(20411,5.0)
(20437,4.0)
(20451,5.0)
(20453,4.0)
(20459,5.0)
(20461,4.0)
(20477,4.0)
(20483,5.0)
(20491,5.0)
(20499,5.0)
(20507,5.0)
(20509,4.0)
(20513,4.0)
(20519,5.0)
(20521,4.0)
(20529,4.0)
(20543,5.0)
(20545,4.0)
(20551,5.0)
(20553,4.0)
(20559,5.0)
(20561,4.0)
(20575,5.0)
(20577,4.0)
(20591,5.0)
(20601,4.0)
(20607,5.0)
(20619,5.0)
(20621,4.0)
(20635,5.0)
(20637,4.0)
(20643,5.0)
(20651,5.0)
(20653,4.0)
(20659,5.0)
(20669,4.0)
(20677,4.0)
(20685,4.0)
(20693,4.0)
(20699,5.0)
(20701,4.0)
(20715,5.0)
(20733,4.0)
(20741,4.0)
(20757,4.0)
(20763,5.0)
(20773,4.0)
(20779,5.0)
(20799,5.0)
(20801,4.0)
(20807,5.0)
(20815,5.0)
(20831,5.0)
(20839,5.0)
(20847,5.0)
(20857,4.0)
(20863,5.0)
(20873,4.0)
(20887,5.0)
(20897,4.0)
(20921,4.0)
(20927,5.0)
(20929,4.0)
(20937,4.0)
(20943,5.0)
(20945,4.0)
(20953,4.0)
(20959,5.0)
(20975,5.0)
(20983,5.0)
(20985,4.0)
(20991,5.0)
(20993,4.0)
(20999,5.0)
(21009,4.0)
(21017,4.0)
(21023,5.0)
(21025,4.0)
(21033,4.0)
(21047,5.0)
(21049,4.0)
(21055,5.0)
(21065,4.0)
(21073,4.0)
(21079,5.0)
(21103,5.0)
(21111,5.0)
(21113,4.0)
(21121,4.0)
(21127,5.0)
(21137,4.0)
(21143,5.0)
(21145,4.0)
(21151,5.0)
(21159,5.0)
(21161,4.0)
(21175,5.0)
(21177,4.0)
(21183,5.0)
(21191,5.0)
(21197,6.0)
(21203,5.0)
(21205,4.0)
(21211,5.0)
(21213,4.0)
(21221,4.0)
(21227,5.0)
(21229,4.0)
(21235,5.0)
(21251,5.0)
(21253,4.0)
(21261,4.0)
(21267,5.0)
(21269,4.0)
(21275,5.0)
(21277,4.0)
(21283,5.0)
(21285,4.0)
(21291,5.0)
(21299,5.0)
(21307,5.0)
(21317,4.0)
(21323,5.0)
(21331,5.0)
(21339,5.0)
(21347,5.0)
(21349,4.0)
(21355,5.0)
(21357,4.0)
(21379,5.0)
(21395,5.0)
(21413,4.0)
(21419,5.0)
(21427,5.0)
(21435,5.0)
(21453,4.0)
(21491,5.0)
(21507,5.0)
(21517,4.0)
(21531,5.0)
(21533,6.0)
(21539,5.0)
(21541,4.0)
(21547,5.0)
(21551,5.0)
(21559,5.0)
(21581,4.0)
(21589,6.0)
(21595,5.0)
(21603,5.0)
(21621,4.0)
(21637,4.0)
(21643,5.0)
(21651,5.0)
(21653,4.0)
(21705,4.0)
(21727,5.0)
(21729,4.0)
(21735,5.0)
(21743,5.0)
(21759,5.0)
(21761,4.0)
(21767,5.0)
(21783,5.0)
(21785,4.0)
(21791,5.0)
(21793,4.0)
(21799,5.0)
(21801,4.0)
(21815,5.0)
(21823,5.0)
(21825,4.0)
(21831,5.0)
(21841,4.0)
(21849,4.0)
(21857,4.0)
(21883,7.0)
(21891,5.0)
(21901,4.0)
(21915,5.0)
(21925,4.0)
(21933,6.0)
(21939,5.0)
(21941,4.0)
(21947,5.0)
(21949,4.0)
(21955,5.0)
(21963,5.0)
(21965,4.0)
(21973,4.0)
(21979,5.0)
(21995,5.0)
(22003,5.0)
(22005,4.0)
(22013,4.0)
(22051,5.0)
(22053,4.0)
(22059,5.0)
(22067,5.0)
(22069,4.0)
(22075,5.0)
(22083,5.0)
(22109,4.0)
(22117,4.0)
(22125,4.0)
(22133,4.0)
(22139,5.0)
(22155,5.0)
(22157,4.0)
(22163,5.0)
(22165,4.0)
(22179,5.0)
(22181,4.0)
(22185,4.0)
(22199,5.0)
(22209,4.0)
(22215,5.0)
(22225,4.0)
(22231,5.0)
(22233,4.0)
(22241,6.0)
(22247,5.0)
(22255,5.0)
(22263,5.0)
(22265,4.0)
(22271,5.0)
(22273,4.0)
(22279,5.0)
(22287,5.0)
(22295,5.0)
(22303,5.0)
(22311,5.0)
(22319,5.0)
(22327,5.0)
(22335,5.0)
(22337,4.0)
(22351,5.0)
(22353,4.0)
(22359,5.0)
(22361,4.0)
(22367,5.0)
(22375,5.0)
(22385,4.0)
(22409,4.0)
(22425,4.0)
(22433,4.0)
(22439,5.0)
(22441,4.0)
(22447,5.0)
(22449,4.0)
(22457,6.0)
(22463,7.0)
(22465,4.0)
(22473,4.0)
(22479,5.0)
(22487,5.0)
(22495,7.0)
(22511,5.0)
(22527,5.0)
(22529,4.0)
(22537,4.0)
(22559,5.0)
(22569,4.0)
(22575,5.0)
(22577,4.0)
(22599,5.0)
(22609,4.0)
(22615,5.0)
(22625,4.0)
(22633,4.0)
(22641,4.0)
(22647,5.0)
(22649,4.0)
(22663,5.0)
(22673,4.0)
(22681,4.0)
(22687,5.0)
(22695,5.0)
(22705,4.0)
(22711,5.0)
(22713,4.0)
(22719,5.0)
(22727,5.0)
(22729,4.0)
(22735,5.0)
(22737,4.0)
(22743,5.0)
(22745,4.0)
(22767,5.0)
(22783,5.0)
(22785,4.0)
(22799,5.0)
(22801,4.0)
(22815,5.0)
(22823,5.0)
(22851,5.0)
(22859,5.0)
(22869,4.0)
(22875,5.0)
(22885,6.0)
(22895,5.0)
(22903,5.0)
(22913,4.0)
(22921,4.0)
(22929,4.0)
(22937,4.0)
(22945,4.0)
(22953,4.0)
(22959,5.0)
(22961,4.0)
(22975,5.0)
(22977,4.0)
(22999,7.0)
(23001,6.0)
(23009,4.0)
(23017,6.0)
(23023,7.0)
(23033,6.0)
(23047,7.0)
(23063,5.0)
(23065,6.0)
(23081,4.0)
(23087,5.0)
(23103,7.0)
(23105,6.0)
(23113,6.0)
(23121,4.0)
(23129,4.0)
(23139,5.0)
(23141,4.0)
(23147,5.0)
(23149,4.0)
(23165,6.0)
(23179,5.0)
(23181,4.0)
(23187,5.0)
(23195,5.0)
(23205,4.0)
(23211,5.0)
(23221,4.0)
(23227,5.0)
(23229,4.0)
(23235,5.0)
(23237,4.0)
(23243,5.0)
(23251,5.0)
(23259,5.0)
(23263,5.0)
(23269,6.0)
(23275,5.0)
(23277,6.0)
(23301,4.0)
(23309,4.0)
(23315,5.0)
(23325,6.0)
(23331,7.0)
(23333,6.0)
(23351,7.0)
(23353,4.0)
(23367,5.0)
(23375,5.0)
(23389,6.0)
(23395,5.0)
(23403,7.0)
(23405,6.0)
(23413,6.0)
(23427,5.0)
(23429,6.0)
(23437,4.0)
(23445,6.0)
(23453,4.0)
(23459,5.0)
(23471,5.0)
(23473,4.0)
(23479,5.0)
(23507,5.0)
(23509,4.0)
(23523,5.0)
(23525,4.0)
(23549,4.0)
(23555,5.0)
(23557,6.0)
(23589,4.0)
(23597,6.0)
(23613,6.0)
(23627,5.0)
(23629,4.0)
(23647,5.0)
(23649,4.0)
(23655,5.0)
(23657,4.0)
(23663,5.0)
(23671,5.0)
(23673,4.0)
(23679,5.0)
(23681,6.0)
(23687,5.0)
(23689,4.0)
(23697,4.0)
(23703,5.0)
(23707,7.0)
(23709,6.0)
(23715,5.0)
(23717,4.0)
(23723,5.0)
(23725,4.0)
(23731,5.0)
(23733,4.0)
(23739,5.0)
(23779,7.0)
(23789,4.0)
(23795,7.0)
(23797,6.0)
(23815,7.0)
(23825,4.0)
(23833,4.0)
(23847,7.0)
(23855,5.0)
(23857,4.0)
(23863,5.0)
(23871,5.0)
(23879,5.0)
(23881,4.0)
(23889,4.0)
(23895,5.0)
(23897,4.0)
(23909,4.0)
(23915,5.0)
(23933,4.0)
(23955,5.0)
(23957,6.0)
(23963,5.0)
(23965,4.0)
(23983,5.0)
(23985,4.0)
(23993,4.0)
(23999,5.0)
(24001,4.0)
(24007,5.0)
(24025,4.0)
(24031,5.0)
(24033,4.0)
(24043,5.0)
(24045,4.0)
(24051,5.0)
(24053,6.0)
(24059,7.0)
(24069,4.0)
(24083,5.0)
(24085,4.0)
(24101,4.0)
(24107,5.0)
(24115,5.0)
(24117,4.0)
(24123,5.0)
(24133,4.0)
(24139,5.0)
(24147,5.0)
(24149,4.0)
(24155,5.0)
(24157,4.0)
(24171,5.0)
(24173,4.0)
(24179,5.0)
(24187,5.0)
(24189,6.0)
(24201,4.0)
(24207,5.0)
(24217,4.0)
(24233,4.0)
(24241,4.0)
(24247,5.0)
(24249,4.0)
(24257,4.0)
(24263,5.0)
(24265,4.0)
(24289,4.0)
(24297,4.0)
(24307,7.0)
(24309,6.0)
(24315,5.0)
(24317,4.0)
(24323,5.0)
(24325,4.0)
(24331,5.0)
(24333,4.0)
(24339,5.0)
(24341,4.0)
(24347,5.0)
(24349,4.0)
(24355,5.0)
(24365,6.0)
(24371,5.0)
(24373,6.0)
(24379,5.0)
(24387,5.0)
(24395,5.0)
(24403,5.0)
(24405,4.0)
(24413,6.0)
(24419,5.0)
(24429,4.0)
(24437,4.0)
(24451,5.0)
(24453,4.0)
(24459,5.0)
(24469,4.0)
(24475,5.0)
(24483,5.0)
(24485,4.0)
(24493,4.0)
(24501,4.0)
(24517,4.0)
(24523,5.0)
(24525,4.0)
(24533,4.0)
(24539,5.0)
(24547,7.0)
(24553,6.0)
(24559,5.0)
(24561,4.0)
(24569,4.0)
(24577,6.0)
(24599,7.0)
(24601,6.0)
(24607,5.0)
(24609,4.0)
(24615,5.0)
(24617,4.0)
(24625,6.0)
(24631,5.0)
(24665,6.0)
(24671,5.0)
(24679,5.0)
(24687,5.0)
(24695,5.0)
(24727,7.0)
(24735,5.0)
(24737,4.0)
(24743,5.0)
(24753,4.0)
(24761,4.0)
(24775,5.0)
(24783,7.0)
(24785,6.0)
(24795,7.0)
(24797,6.0)
(24803,5.0)
(24805,6.0)
(24811,5.0)
(24819,5.0)
(24821,6.0)
(24853,4.0)
(24875,5.0)
(24877,6.0)
(24883,5.0)
(24885,4.0)
(24893,4.0)
(24899,5.0)
(24907,5.0)
(24923,5.0)
(24927,5.0)
(24935,5.0)
(24943,7.0)
(24945,6.0)
(24951,5.0)
(24959,5.0)
(24961,6.0)
(24971,7.0)
(24987,5.0)
(24995,5.0)
(25001,6.0)
(25007,7.0)
(25009,4.0)
(25025,4.0)
(25031,5.0)
(25039,7.0)
(25041,6.0)
(25047,7.0)
(25069,4.0)
(25075,7.0)
(25083,5.0)
(25091,7.0)
(25093,6.0)
(25117,4.0)
(25123,5.0)
(25129,4.0)
(25145,4.0)
(25161,4.0)
(25173,6.0)
(25181,6.0)
(25187,7.0)
(25197,6.0)
(25203,5.0)
(25205,6.0)
(25223,7.0)
(25235,5.0)
(25241,4.0)
(25251,5.0)
(25265,4.0)
(25279,5.0)
(25287,5.0)
(25289,4.0)
(25297,4.0)
(25303,5.0)
(25313,6.0)
(25319,7.0)
(25321,6.0)
(25335,7.0)
(25337,6.0)
(25351,5.0)
(25353,4.0)
(25367,5.0)
(25373,4.0)
(25389,4.0)
(25393,4.0)
(25405,4.0)
(25419,5.0)
(25421,4.0)
(25435,5.0)
(25437,6.0)
(25443,5.0)
(25449,4.0)
(25467,5.0)
(25475,5.0)
(25479,5.0)
(25481,4.0)
(25489,4.0)
(25513,4.0)
(25517,4.0)
(25523,5.0)
(25539,5.0)
(25555,5.0)
(25557,4.0)
(25563,5.0)
(25571,5.0)
(25573,4.0)
(25579,5.0)
(25581,4.0)
(25587,5.0)
(25599,5.0)
(25607,5.0)
(25617,4.0)
(25625,4.0)
(25631,5.0)
(25633,4.0)
(25639,5.0)
(25647,5.0)
(25649,4.0)
(25663,5.0)
(25679,5.0)
(25681,4.0)
(25689,4.0)
(25703,5.0)
(25711,5.0)
(25713,4.0)
(25727,5.0)
(25745,4.0)
(25749,4.0)
(25757,6.0)
(25765,6.0)
(25771,5.0)
(25773,4.0)
(25779,5.0)
(25783,5.0)
(25785,4.0)
(25791,5.0)
(25793,4.0)
(25799,5.0)
(25801,4.0)
(25809,4.0)
(25817,4.0)
(25829,4.0)
(25835,5.0)
(25837,6.0)
(25859,5.0)
(25861,4.0)
(25873,4.0)
(25887,5.0)
(25889,4.0)
(25897,6.0)
(25905,4.0)
(25911,5.0)
(25913,4.0)
(25919,5.0)
(25921,4.0)
(25927,5.0)
(25939,5.0)
(25949,4.0)
(25957,4.0)
(25965,4.0)
(25971,7.0)
(25973,6.0)
(25979,5.0)
(25981,4.0)
(25993,4.0)
(25999,5.0)
(26011,5.0)
(26019,5.0)
(26021,4.0)
(26027,5.0)
(26029,4.0)
(26037,4.0)
(26043,5.0)
(26045,4.0)
(26065,6.0)
(26081,4.0)
(26087,5.0)
(26089,4.0)
(26095,5.0)
(26103,5.0)
(26111,5.0)
(26119,7.0)
(26135,5.0)
(26151,5.0)
(26167,5.0)
(26177,4.0)
(26183,5.0)
(26187,5.0)
(26189,4.0)
(26195,5.0)
(26197,4.0)
(26205,4.0)
(26213,6.0)
(26227,5.0)
(26229,4.0)
(26235,5.0)
(26237,4.0)
(26245,4.0)
(26275,5.0)
(26289,4.0)
(26295,5.0)
(26297,4.0)
(26303,5.0)
(26313,4.0)
(26321,4.0)
(26329,4.0)
(26335,5.0)
(26351,5.0)
(26359,5.0)
(26375,5.0)
(26383,5.0)
(26385,4.0)
(26391,5.0)
(26399,5.0)
(26401,4.0)
(26409,4.0)
(26415,5.0)
(26417,4.0)
(26423,5.0)
(26431,5.0)
(26433,4.0)
(26439,5.0)
(26441,4.0)
(26453,4.0)
(26459,5.0)
(26469,4.0)
(26475,5.0)
(26485,4.0)
(26491,5.0)
(26511,5.0)
(26519,5.0)
(26527,5.0)
(26529,4.0)
(26535,5.0)
(26537,4.0)
(26541,4.0)
(26547,5.0)
(26549,4.0)
(26555,5.0)
(26563,5.0)
(26589,4.0)
(26595,5.0)
(26609,4.0)
(26615,5.0)
(26623,5.0)
(26625,4.0)
(26633,4.0)
(26639,5.0)
(26649,4.0)
(26657,4.0)
(26663,5.0)
(26665,4.0)
(26671,5.0)
(26681,4.0)
(26687,5.0)
(26689,4.0)
(26695,5.0)
(26701,4.0)
(26707,5.0)
(26715,5.0)
(26725,4.0)
(26733,4.0)
(26741,4.0)
(26757,6.0)
(26765,6.0)
(26773,4.0)
(26781,4.0)
(26795,5.0)
(26797,4.0)
(26803,5.0)
(26805,6.0)
(26811,5.0)
(26813,4.0)
(26819,5.0)
(26821,6.0)
(26831,5.0)
(26833,4.0)
(26839,5.0)
(26841,4.0)
(26865,4.0)
(26883,5.0)
(26893,4.0)
(26899,7.0)
(26915,5.0)
(26923,5.0)
(26939,5.0)
(26941,4.0)
(26957,4.0)
(26963,5.0)
(26965,4.0)
(26971,5.0)
(26973,4.0)
(26989,4.0)
(26997,4.0)
(27003,5.0)
(27005,4.0)
(27013,4.0)
(27029,4.0)
(27035,5.0)
(27045,4.0)
(27059,5.0)
(27061,4.0)
(27067,5.0)
(27077,4.0)
(27083,5.0)
(27085,4.0)
(27091,5.0)
(27093,4.0)
(27099,5.0)
(27101,4.0)
(27107,5.0)
(27117,4.0)
(27123,5.0)
(27125,4.0)
(27131,5.0)
(27133,6.0)
(27139,7.0)
(27147,5.0)
(27157,4.0)
(27191,5.0)
(27193,4.0)
(27199,5.0)
(27207,5.0)
(27209,4.0)
(27215,5.0)
(27217,4.0)
(27223,5.0)
(27231,7.0)
(27247,7.0)
(27249,6.0)
(27257,4.0)
(27263,5.0)
(27265,4.0)
(27279,5.0)
(27281,4.0)
(27287,5.0)
(27295,5.0)
(27303,5.0)
(27305,4.0)
(27311,5.0)
(27313,6.0)
(27319,5.0)
(27327,5.0)
(27329,6.0)
(27353,4.0)
(27359,5.0)
(27361,4.0)
(27369,6.0)
(27375,5.0)
(27395,5.0)
(27405,4.0)
(27411,5.0)
(27413,6.0)
(27419,5.0)
(27421,4.0)
(27429,4.0)
(27435,5.0)
(27437,4.0)
(27443,5.0)
(27453,4.0)
(27467,5.0)
(27477,4.0)
(27483,5.0)
(27489,4.0)
(27495,5.0)
(27497,4.0)
(27505,4.0)
(27513,4.0)
(27519,5.0)
(27527,5.0)
(27529,4.0)
(27533,6.0)
(27547,7.0)
(27549,4.0)
(27561,4.0)
(27567,5.0)
(27575,5.0)
(27585,6.0)
(27591,5.0)
(27601,6.0)
(27607,7.0)
(27609,4.0)
(27617,4.0)
(27639,5.0)
(27641,4.0)
(27647,5.0)
(27657,4.0)
(27663,5.0)
(27665,4.0)
(27679,7.0)
(27681,6.0)
(27687,7.0)
(27695,5.0)
(27703,5.0)
(27713,6.0)
(27719,7.0)
(27733,6.0)
(27739,5.0)
(27741,4.0)
(27753,4.0)
(27759,5.0)
(27761,4.0)
(27767,5.0)
(27769,4.0)
(27777,4.0)
(27793,4.0)
(27799,5.0)
(27807,5.0)
(27809,4.0)
(27815,5.0)
(27825,4.0)
(27831,5.0)
(27833,4.0)
(27839,5.0)
(27841,4.0)
(27847,5.0)
(27849,6.0)
(27855,5.0)
(27857,6.0)
(27863,5.0)
(27865,4.0)
(27873,4.0)
(27879,5.0)
(27895,5.0)
(27899,5.0)
(27907,5.0)
(27909,6.0)
(27925,4.0)
(27933,4.0)
(27947,5.0)
(27949,6.0)
(27963,5.0)
(27971,5.0)
(27973,6.0)
(27993,6.0)
(28007,7.0)
(28009,4.0)
(28017,4.0)
(28025,4.0)
(28031,5.0)
(28039,5.0)
(28047,5.0)
(28049,4.0)
(28055,5.0)
(28057,4.0)
(28073,4.0)
(28079,5.0)
(28081,6.0)
(28089,4.0)
(28095,5.0)
(28097,6.0)
(28103,7.0)
(28105,6.0)
(28111,5.0)
(28113,6.0)
(28119,7.0)
(28127,5.0)
(28143,5.0)
(28145,6.0)
(28151,5.0)
(28153,4.0)
(28159,5.0)
(28163,5.0)
(28171,7.0)
(28185,4.0)
(28191,5.0)
(28193,4.0)
(28199,5.0)
(28201,4.0)
(28207,5.0)
(28209,4.0)
(28215,5.0)
(28217,4.0)
(28231,5.0)
(28233,4.0)
(28241,4.0)
(28249,6.0)
(28257,4.0)
(28261,4.0)
(28267,5.0)
(28275,5.0)
(28277,4.0)
(28283,5.0)
(28291,5.0)
(28293,4.0)
(28299,5.0)
(28309,4.0)
(28323,5.0)
(28325,4.0)
(28333,4.0)
(28347,5.0)
(28351,5.0)
(28353,4.0)
(28357,4.0)
(28365,4.0)
(28373,4.0)
(28379,5.0)
(28387,5.0)
(28397,4.0)
(28403,5.0)
(28413,4.0)
(28421,4.0)
(28427,5.0)
(28439,7.0)
(28465,6.0)
(28471,5.0)
(28497,4.0)
(28505,4.0)
(28511,5.0)
(28527,5.0)
(28529,4.0)
(28545,4.0)
(28559,5.0)
(28561,4.0)
(28569,6.0)
(28575,5.0)
(28583,5.0)
(28591,5.0)
(28593,4.0)
(28607,5.0)
(28615,5.0)
(28617,4.0)
(28631,5.0)
(28639,5.0)
(28647,5.0)
(28649,4.0)
(28665,4.0)
(28679,5.0)
(28687,5.0)
(28689,6.0)
(28697,4.0)
(28711,5.0)
(28713,4.0)
(28729,4.0)
(28743,5.0)
(28761,4.0)
(28775,5.0)
(28791,5.0)
(28803,5.0)
(28811,5.0)
(28827,5.0)
(28829,4.0)
(28837,4.0)
(28845,4.0)
(28859,5.0)
(28861,4.0)
(28871,5.0)
(28879,5.0)
(28887,5.0)
(28889,4.0)
(28895,5.0)
(28897,6.0)
(28913,6.0)
(28919,5.0)
(28933,4.0)
(28939,5.0)
(28947,5.0)
(28955,5.0)
(28957,4.0)
(28965,6.0)
(28971,5.0)
(28979,5.0)
(28981,4.0)
(28987,5.0)
(28995,5.0)
(28997,6.0)
(29017,4.0)
(29025,6.0)
(29033,4.0)
(29039,5.0)
(29047,5.0)
(29049,4.0)
(29055,5.0)
(29057,4.0)
(29063,5.0)
(29071,5.0)
(29073,4.0)
(29079,5.0)
(29081,4.0)
(29087,5.0)
(29097,6.0)
(29103,5.0)
(29111,5.0)
(29119,5.0)
(29135,5.0)
(29143,5.0)
(29145,4.0)
(29151,5.0)
(29153,4.0)
(29167,5.0)
(29175,5.0)
(29185,4.0)
(29199,5.0)
(29201,4.0)
(29209,4.0)
(29215,5.0)
(29217,4.0)
(29225,4.0)
(29233,4.0)
(29239,5.0)
(29247,5.0)
(29255,7.0)
(29265,4.0)
(29279,5.0)
(29281,4.0)
(29303,5.0)
(29305,4.0)
(29319,5.0)
(29321,6.0)
(29327,7.0)
(29337,4.0)
(29343,7.0)
(29347,5.0)
(29359,5.0)
(29369,4.0)
(29375,5.0)
(29383,5.0)
(29385,4.0)
(29393,6.0)
(29407,5.0)
(29409,4.0)
(29417,4.0)
(29425,4.0)
(29431,5.0)
(29433,4.0)
(29441,4.0)
(29447,5.0)
(29463,7.0)
(29471,5.0)
(29473,4.0)
(29487,5.0)
(29497,4.0)
(29505,6.0)
(29511,7.0)
(29527,5.0)
(29535,5.0)
(29537,4.0)
(29543,5.0)
(29545,6.0)
(29551,5.0)
(29553,4.0)
(29567,5.0)
(29569,4.0)
(29575,7.0)
(29577,6.0)
(29591,5.0)
(29593,4.0)
(29599,5.0)
(29607,5.0)
(29621,4.0)
(29629,4.0)
(29643,7.0)
(29645,6.0)
(29661,4.0)
(29667,5.0)
(29669,4.0)
(29675,5.0)
(29691,5.0)
(29699,5.0)
(29709,6.0)
(29715,5.0)
(29717,4.0)
(29731,5.0)
(29733,4.0)
(29741,4.0)
(29749,4.0)
(29753,4.0)
(29759,5.0)
(29761,4.0)
(29767,5.0)
(29791,5.0)
(29795,5.0)
(29797,6.0)
(29803,5.0)
(29805,6.0)
(29813,6.0)
(29819,5.0)
(29831,5.0)
(29841,4.0)
(29847,5.0)
(29853,6.0)
(29861,4.0)
(29867,5.0)
(29877,6.0)
(29891,5.0)
(29899,5.0)
(29901,4.0)
(29915,7.0)
(29923,5.0)
(29929,4.0)
(29935,5.0)
(29945,6.0)
(29949,4.0)
(29955,5.0)
(29963,5.0)
(29967,7.0)
(29979,5.0)
(29985,6.0)
(29991,5.0)
(29999,5.0)
(30001,4.0)
(30015,5.0)
(30017,6.0)
(30025,6.0)
(30039,5.0)
(30041,4.0)
(30047,5.0)
(30049,6.0)
(30053,4.0)
(30061,4.0)
(30075,5.0)
(30077,4.0)
(30083,5.0)
(30091,5.0)
(30101,4.0)
(30123,7.0)
(30141,6.0)
(30167,5.0)
(30169,4.0)
(30181,4.0)
(30187,5.0)
(30189,4.0)
(30195,5.0)
(30211,5.0)
(30213,6.0)
(30227,5.0)
(30229,4.0)
(30235,5.0)
(30237,4.0)
(30243,5.0)
(30251,5.0)
(30253,6.0)
(30259,5.0)
(30261,4.0)
(30267,5.0)
(30269,4.0)
(30277,4.0)
(30283,5.0)
(30285,4.0)
(30299,5.0)
(30301,4.0)
(30307,5.0)
(30323,5.0)
(30331,5.0)
(30333,6.0)
(30339,5.0)
(30343,5.0)
(30345,4.0)
(30359,5.0)
(30361,4.0)
(30373,4.0)
(30389,4.0)
(30397,4.0)
(30403,5.0)
(30405,4.0)
(30419,5.0)
(30441,4.0)
(30449,6.0)
(30455,5.0)
(30457,4.0)
(30469,6.0)
(30483,5.0)
(30485,4.0)
(30491,5.0)
(30497,6.0)
(30503,5.0)
(30513,4.0)
(30519,5.0)
(30521,4.0)
(30531,7.0)
(30543,7.0)
(30547,5.0)
(30549,4.0)
(30571,7.0)
(30593,4.0)
(30599,5.0)
(30609,6.0)
(30613,6.0)
(30625,6.0)
(30629,4.0)
(30637,4.0)
(30643,5.0)
(30645,4.0)
(30651,5.0)
(30653,4.0)
(30659,5.0)
(30663,5.0)
(30665,4.0)
(30671,5.0)
(30673,4.0)
(30679,7.0)
(30685,4.0)
(30705,6.0)
(30709,4.0)
(30715,5.0)
(30725,4.0)
(30731,5.0)
(30733,4.0)
(30739,5.0)
(30741,4.0)
(30755,5.0)
(30757,4.0)
(30763,5.0)
(30765,4.0)
(30773,6.0)
(30793,4.0)
(30801,4.0)
(30809,4.0)
(30817,4.0)
(30823,5.0)
(30831,5.0)
(30839,5.0)
(30841,4.0)
(30847,5.0)
(30849,4.0)
(30855,5.0)
(30857,4.0)
(30865,4.0)
(30881,4.0)
(30889,4.0)
(30895,5.0)
(30905,4.0)
(30911,5.0)
(30921,4.0)
(30927,5.0)
(30929,4.0)
(30933,4.0)
(30939,5.0)
(30941,4.0)
(30949,4.0)
(30957,4.0)
(30965,4.0)
(30973,4.0)
(30987,5.0)
(30989,4.0)
(31003,5.0)
(31011,5.0)
(31019,5.0)
(31021,4.0)
(31035,5.0)
(31037,4.0)
(31041,4.0)
(31063,5.0)
(31097,4.0)
(31103,5.0)
(31105,6.0)
(31111,7.0)
(31127,7.0)
(31143,5.0)
(31145,6.0)
(31151,7.0)
(31153,6.0)
(31159,7.0)
(31167,5.0)
(31169,4.0)
(31175,5.0)
(31183,5.0)
(31201,4.0)
(31215,5.0)
(31223,7.0)
(31225,4.0)
(31231,5.0)
(31247,5.0)
(31249,4.0)
(31255,5.0)
(31257,4.0)
(31265,4.0)
(31273,4.0)
(31279,5.0)
(31295,7.0)
(31303,5.0)
(31311,5.0)
(31319,5.0)
(31321,4.0)
(31329,6.0)
(31335,7.0)
(31337,6.0)
(31343,7.0)
(31351,5.0)
(31359,5.0)
(31369,4.0)
(31375,5.0)
(31381,4.0)
(31387,5.0)
(31395,5.0)
(31397,4.0)
(31421,6.0)
(31427,5.0)
(31431,5.0)
(31433,4.0)
(31439,5.0)
(31447,5.0)
(31449,4.0)
(31457,4.0)
(31471,5.0)
(31473,6.0)
(31495,5.0)
(31497,4.0)
(31503,5.0)
(31505,4.0)
(31513,6.0)
(31519,7.0)
(31521,6.0)
(31529,4.0)
(31545,4.0)
(31559,5.0)
(31575,5.0)
(31577,6.0)
(31583,5.0)
(31591,5.0)
(31599,5.0)
(31609,4.0)
(31615,5.0)
(31617,4.0)
(31623,5.0)
(31631,5.0)
(31639,5.0)
(31641,4.0)
(31647,5.0)
(31655,7.0)
(31657,6.0)
(31681,6.0)
(31689,6.0)
(31697,4.0)
(31703,5.0)
(31705,6.0)
(31711,7.0)
(31713,6.0)
(31725,4.0)
(31739,7.0)
(31747,5.0)
(31749,4.0)
(31755,5.0)
(31757,6.0)
(31765,6.0)
(31771,5.0)
(31785,6.0)
(31799,5.0)
(31807,5.0)
(31811,5.0)
(31813,4.0)
(31827,5.0)
(31837,6.0)
(31843,5.0)
(31851,7.0)
(31853,6.0)
(31861,4.0)
(31867,5.0)
(31883,5.0)
(31885,4.0)
(31893,6.0)
(31899,5.0)
(31901,4.0)
(31905,4.0)
(31911,5.0)
(31927,5.0)
(31929,4.0)
(31943,5.0)
(31947,5.0)
(31949,4.0)
(31957,6.0)
(31963,5.0)
(31979,5.0)
(31981,6.0)
(31987,5.0)
(31989,6.0)
(32005,4.0)
(32021,4.0)
(32027,5.0)
(32029,6.0)
(32043,5.0)
(32063,5.0)
(32065,4.0)
(32081,6.0)
(32089,4.0)
(32095,5.0)
(32097,4.0)
(32105,4.0)
(32111,5.0)
(32127,7.0)
(32135,7.0)
(32153,6.0)
(32157,4.0)
(32163,5.0)
(32189,4.0)
(32197,4.0)
(32213,6.0)
(32221,4.0)
(32231,5.0)
(32243,5.0)
(32255,5.0)
(32267,5.0)
(32269,4.0)
(32277,4.0)
(32283,5.0)
(32293,4.0)
(32299,5.0)
(32301,4.0)
(32315,5.0)
(32319,7.0)
(32321,6.0)
(32329,6.0)
(32337,6.0)
(32343,5.0)
(32351,5.0)
(32353,4.0)
(32361,6.0)
(32367,5.0)
(32375,5.0)
(32385,4.0)
(32391,5.0)
(32401,4.0)
(32409,4.0)
(32419,5.0)
(32429,6.0)
(32435,7.0)
(32445,4.0)
(32451,5.0)
(32453,4.0)
(32459,5.0)
(32469,6.0)
(32485,4.0)
(32491,5.0)
(32493,4.0)
(32499,5.0)
(32509,4.0)
(32515,5.0)
(32517,4.0)
(32523,5.0)
(32525,4.0)
(32539,7.0)
(32541,4.0)
(32557,4.0)
(32563,5.0)
(32571,5.0)
(32573,6.0)
(32579,7.0)
(32587,7.0)
(32589,4.0)
(32597,4.0)
(32611,5.0)
(32619,5.0)
(32621,4.0)
(32627,5.0)
(32637,6.0)
(32651,5.0)
(32653,6.0)
(32677,6.0)
(32685,6.0)
(32691,7.0)
(32693,4.0)
(32701,6.0)
(32709,6.0)
(32715,7.0)
(32719,5.0)
(32729,4.0)
(32737,6.0)
(32743,5.0)
(32745,6.0)
(32751,5.0)
(32753,4.0)
(32759,5.0)
(32761,6.0)
(32769,4.0)
(32777,4.0)
(32785,4.0)
(32793,6.0)
(32799,5.0)
(32809,4.0)
(32815,7.0)
(32817,4.0)
(32825,4.0)
(32831,5.0)
(32833,4.0)
(32841,4.0)
(32847,5.0)
(32851,7.0)
(32853,6.0)
(32861,6.0)
(32875,5.0)
(32885,4.0)
(32889,4.0)
(32899,5.0)
(32901,4.0)
(32917,4.0)
(32923,5.0)
(32925,4.0)
(32931,5.0)
(32933,4.0)
(32949,6.0)
(32983,5.0)
(32985,4.0)
(32991,5.0)
(33003,5.0)
(33005,4.0)
(33013,4.0)
(33027,5.0)
(33037,4.0)
(33043,5.0)
(33067,5.0)
(33069,4.0)
(33075,5.0)
(33079,5.0)
(33087,7.0)
(33089,6.0)
(33095,7.0)
(33099,5.0)
(33107,5.0)
(33109,4.0)
(33115,7.0)
(33119,7.0)
(33135,5.0)
(33137,6.0)
(33149,4.0)
(33155,5.0)
(33157,6.0)
(33171,7.0)
(33173,6.0)
(33181,4.0)
(33187,5.0)
(33189,4.0)
(33197,4.0)
(33203,5.0)
(33205,4.0)
(33211,5.0)
(33219,7.0)
(33221,6.0)
(33227,7.0)
(33235,7.0)
(33243,5.0)
(33245,4.0)
(33249,4.0)
(33255,5.0)
(33263,5.0)
(33271,5.0)
(33279,5.0)
(33281,4.0)
(33295,5.0)
(33313,4.0)
(33327,5.0)
(33335,5.0)
(33337,4.0)
(33343,5.0)
(33351,5.0)
(33353,4.0)
(33359,5.0)
(33361,4.0)
(33379,5.0)
(33381,4.0)
(33387,5.0)
(33395,5.0)
(33403,7.0)
(33405,6.0)
(33423,5.0)
(33425,4.0)
(33431,5.0)
(33433,4.0)
(33447,7.0)
(33449,4.0)
(33455,5.0)
(33457,6.0)
(33461,4.0)
(33467,5.0)
(33469,4.0)
(33477,4.0)
(33483,5.0)
(33485,4.0)
(33495,7.0)
(33501,4.0)
(33509,6.0)
(33515,5.0)
(33517,4.0)
(33523,7.0)
(33531,5.0)
(33533,4.0)
(33563,7.0)
(33567,5.0)
(33569,4.0)
(33577,6.0)
(33583,7.0)
(33599,5.0)
(33611,5.0)
(33621,4.0)
(33627,5.0)
(33629,4.0)
(33647,7.0)
(33649,4.0)
(33655,5.0)
(33657,4.0)
(33665,4.0)
(33671,5.0)
(33687,5.0)
(33695,5.0)
(33703,5.0)
(33705,4.0)
(33719,5.0)
(33741,4.0)
(33751,5.0)
(33759,5.0)
(33767,5.0)
(33775,5.0)
(33785,4.0)
(33799,5.0)
(33801,4.0)
(33807,5.0)
(33815,5.0)
(33825,4.0)
(33831,5.0)
(33835,7.0)
(33843,5.0)
(33859,5.0)
(33867,7.0)
(33869,6.0)
(33875,7.0)
(33883,5.0)
(33885,4.0)
(33891,5.0)
(33893,4.0)
(33899,5.0)
(33901,6.0)
(33907,5.0)
(33915,5.0)
(33917,4.0)
(33925,4.0)
(33931,5.0)
(33933,4.0)
(33947,5.0)
(33955,5.0)
(33957,4.0)
(33963,5.0)
(33979,5.0)
(33987,5.0)
(34003,5.0)
(34011,5.0)
(34029,6.0)
(34049,4.0)
(34055,5.0)
(34063,5.0)
(34065,4.0)
(34071,5.0)
(34073,4.0)
(34079,5.0)
(34089,4.0)
(34097,4.0)
(34111,5.0)
(34113,4.0)
(34121,4.0)
(34127,5.0)
(34143,5.0)
(34149,4.0)
(34155,5.0)
(34163,7.0)
(34171,5.0)
(34179,5.0)
(34187,5.0)
(34189,6.0)
(34207,5.0)
(34223,5.0)
(34235,5.0)
(34243,7.0)
(34251,7.0)
(34261,6.0)
(34269,4.0)
(34281,4.0)
(34297,4.0)
(34313,4.0)
(34319,5.0)
(34329,6.0)
(34335,5.0)
(34337,4.0)
(34343,5.0)
(34345,6.0)
(34349,6.0)
(34355,5.0)
(34361,6.0)
(34367,5.0)
(34377,6.0)
(34385,6.0)
(34397,4.0)
(34403,5.0)
(34405,4.0)
(34411,5.0)
(34413,4.0)
(34419,5.0)
(34427,5.0)
(34443,5.0)
(34445,4.0)
(34453,4.0)
(34459,5.0)
(34461,4.0)
(34465,4.0)
(34473,4.0)
(34479,5.0)
(34489,4.0)
(34495,5.0)
(34503,5.0)
(34505,4.0)
(34511,5.0)
(34513,4.0)
(34517,4.0)
(34521,4.0)
(34531,5.0)
(34533,4.0)
(34539,5.0)
(34547,5.0)
(34549,4.0)
(34581,6.0)
(34585,4.0)
(34591,5.0)
(34607,5.0)
(34615,5.0)
(34617,4.0)
(34623,5.0)
(34625,4.0)
(34639,5.0)
(34641,6.0)
(34645,6.0)
(34651,7.0)
(34661,4.0)
(34667,5.0)
(34693,4.0)
(34699,5.0)
(34701,6.0)
(34715,5.0)
(34719,5.0)
(34727,5.0)
(34743,5.0)
(34753,6.0)
(34759,5.0)
(34771,5.0)
(34773,4.0)
(34779,5.0)
(34781,4.0)
(34797,4.0)
(34805,4.0)
(34811,5.0)
(34819,5.0)
(34821,4.0)
(34843,5.0)
(34845,4.0)
(34857,4.0)
(34865,6.0)
(34873,4.0)
(34879,7.0)
(34887,5.0)
(34889,4.0)
(34911,5.0)
(34919,7.0)
(34931,7.0)
(34941,4.0)
(34951,5.0)
(34955,5.0)
(34983,5.0)
(34991,5.0)
(34993,4.0)
(35001,6.0)
(35007,7.0)
(35009,6.0)
(35015,7.0)
(35021,4.0)
(35029,4.0)
(35035,5.0)
(35037,6.0)
(35043,5.0)
(35045,6.0)
(35049,4.0)
(35057,4.0)
(35063,5.0)
(35075,7.0)
(35083,7.0)
(35091,7.0)
(35095,7.0)
(35109,6.0)
(35125,6.0)
(35137,6.0)
(35145,4.0)
(35157,4.0)
(35171,5.0)
(35181,6.0)
(35209,4.0)
(35215,5.0)
(35225,4.0)
(35231,5.0)
(35249,4.0)
(35255,5.0)
(35263,5.0)
(35265,4.0)
(35281,6.0)
(35295,5.0)
(35297,4.0)
(35305,6.0)
(35313,4.0)
(35319,5.0)
(35329,4.0)
(35337,6.0)
(35343,7.0)
(35345,6.0)
(35353,4.0)
(35359,5.0)
(35381,4.0)
(35387,5.0)
(35393,6.0)
(35405,4.0)
(35411,5.0)
(35413,4.0)
(35419,5.0)
(35421,4.0)
(35435,5.0)
(35447,5.0)
(35449,4.0)
(35455,5.0)
(35463,5.0)
(35465,6.0)
(35473,4.0)
(35477,6.0)
(35485,6.0)
(35491,7.0)
(35497,4.0)
(35503,5.0)
(35505,4.0)
(35511,5.0)
(35513,4.0)
(35519,5.0)
(35521,4.0)
(35537,4.0)
(35551,5.0)
(35553,4.0)
(35559,5.0)
(35561,4.0)
(35567,5.0)
(35569,4.0)
(35599,5.0)
(35601,4.0)
(35607,5.0)
(35615,5.0)
(35623,5.0)
(35637,4.0)
(35647,5.0)
(35655,7.0)
(35657,4.0)
(35663,5.0)
(35671,5.0)
(35673,4.0)
(35683,5.0)
(35697,6.0)
(35715,5.0)
(35727,5.0)
(35735,5.0)
(35747,7.0)
(35755,7.0)
(35757,4.0)
(35763,5.0)
(35777,4.0)
(35783,7.0)
(35785,6.0)
(35791,5.0)
(35799,7.0)
(35811,7.0)
(35823,5.0)
(35825,4.0)
(35835,5.0)
(35843,5.0)
(35845,4.0)
(35851,5.0)
(35861,6.0)
(35867,5.0)
(35881,6.0)
(35887,7.0)
(35897,4.0)
(35917,4.0)
(35927,5.0)
(35929,4.0)
(35935,5.0)
(35937,4.0)
(35943,5.0)
(35945,4.0)
(35951,5.0)
(35961,4.0)
(35977,4.0)
(35985,4.0)
(35991,5.0)
(35993,4.0)
(35999,5.0)
(36007,5.0)
(36009,4.0)
(36015,5.0)
(36025,4.0)
(36031,5.0)
(36033,4.0)
(36039,5.0)
(36043,7.0)
(36045,6.0)
(36067,7.0)
(36069,6.0)
(36075,7.0)
(36079,7.0)
(36085,4.0)
(36093,6.0)
(36101,6.0)
(36109,6.0)
(36113,4.0)
(36127,5.0)
(36135,5.0)
(36137,4.0)
(36145,6.0)
(36159,5.0)
(36175,5.0)
(36187,5.0)
(36197,4.0)
(36203,5.0)
(36211,5.0)
(36213,6.0)
(36219,7.0)
(36229,4.0)
(36235,5.0)
(36237,4.0)
(36259,5.0)
(36267,5.0)
(36275,5.0)
(36283,5.0)
(36291,5.0)
(36301,4.0)
(36309,4.0)
(36323,7.0)
(36325,4.0)
(36331,5.0)
(36349,6.0)
(36355,7.0)
(36365,4.0)
(36379,5.0)
(36385,6.0)
(36391,7.0)
(36401,4.0)
(36407,5.0)
(36413,4.0)
(36421,4.0)
(36443,5.0)
(36445,4.0)
(36451,5.0)
(36453,4.0)
(36463,7.0)
(36467,5.0)
(36473,4.0)
(36479,5.0)
(36485,4.0)
(36491,5.0)
(36501,4.0)
(36515,7.0)
(36531,5.0)
(36533,4.0)
(36541,4.0)
(36547,5.0)
(36549,4.0)
(36555,5.0)
(36557,4.0)
(36571,5.0)
(36579,5.0)
(36589,4.0)
(36597,4.0)
(36603,5.0)
(36605,4.0)
(36621,4.0)
(36627,5.0)
(36629,4.0)
(36645,6.0)
(36651,7.0)
(36653,4.0)
(36661,6.0)
(36667,7.0)
(36669,6.0)
(36675,5.0)
(36689,4.0)
(36695,5.0)
(36697,4.0)
(36701,6.0)
(36709,6.0)
(36717,6.0)
(36723,5.0)
(36731,7.0)
(36745,6.0)
(36761,6.0)
(36765,6.0)
(36781,6.0)
(36789,6.0)
(36795,7.0)
(36803,5.0)
(36805,6.0)
(36811,7.0)
(36819,5.0)
(36821,6.0)
(36829,4.0)
(36843,5.0)
(36845,4.0)
(36851,5.0)
(36859,5.0)
(36863,5.0)
(36871,5.0)
(36873,4.0)
(36879,7.0)
(36881,6.0)
(36887,7.0)
(36891,5.0)
(36893,4.0)
(36907,5.0)
(36915,5.0)
(36927,7.0)
(36935,5.0)
(36943,5.0)
(36951,5.0)
(36953,4.0)
(36959,5.0)
(36967,5.0)
(36977,4.0)
(36983,5.0)
(36985,4.0)
(36999,5.0)
(37001,4.0)
(37007,5.0)
(37015,5.0)
(37017,4.0)
(37031,5.0)
(37035,5.0)
(37037,4.0)
(37055,5.0)
(37057,4.0)
(37061,4.0)
(37073,4.0)
(37087,7.0)
(37089,6.0)
(37095,7.0)
(37111,5.0)
(37113,6.0)
(37135,5.0)
(37157,4.0)
(37175,5.0)
(37177,4.0)
(37193,6.0)
(37197,4.0)
(37203,5.0)
(37223,5.0)
(37231,5.0)
(37243,5.0)
(37245,4.0)
(37253,6.0)
(37257,4.0)
(37271,5.0)
(37273,4.0)
(37295,5.0)
(37297,4.0)
(37303,5.0)
(37309,4.0)
(37315,5.0)
(37327,5.0)
(37329,4.0)
(37345,4.0)
(37351,5.0)
(37353,4.0)
(37359,5.0)
(37369,4.0)
(37383,5.0)
(37393,6.0)
(37399,7.0)
(37411,5.0)
(37413,4.0)
(37423,5.0)
(37439,5.0)
(37447,5.0)
(37449,4.0)
(37455,5.0)
(37465,6.0)
(37503,5.0)
(37505,4.0)
(37513,4.0)
(37519,5.0)
(37529,6.0)
(37535,7.0)
(37545,6.0)
(37551,7.0)
(37553,4.0)
(37559,5.0)
(37561,4.0)
(37571,5.0)
(37579,7.0)
(37597,4.0)
(37605,6.0)
(37615,7.0)
(37617,4.0)
(37623,5.0)
(37625,6.0)
(37631,7.0)
(37637,6.0)
(37643,5.0)
(37645,6.0)
(37653,4.0)
(37659,5.0)
(37667,7.0)
(37675,5.0)
(37685,4.0)
(37705,4.0)
(37723,5.0)
(37733,6.0)
(37739,5.0)
(37763,5.0)
(37765,4.0)
(37771,5.0)
(37779,5.0)
(37799,5.0)
(37817,4.0)
(37823,5.0)
(37825,6.0)
(37831,5.0)
(37839,5.0)
(37841,6.0)
(37857,6.0)
(37863,5.0)
(37899,5.0)
(37909,6.0)
(37917,4.0)
(37923,5.0)
(37925,4.0)
(37955,5.0)
(37963,5.0)
(37975,5.0)
(37985,6.0)
(37993,4.0)
(37999,5.0)
(38005,4.0)
(38013,6.0)
(38019,5.0)
(38029,4.0)
(38037,4.0)
(38055,5.0)
(38057,4.0)
(38063,5.0)
(38071,5.0)
(38099,5.0)
(38107,5.0)
(38115,5.0)
(38117,4.0)
(38123,5.0)
(38127,5.0)
(38129,4.0)
(38135,7.0)
(38137,6.0)
(38143,5.0)
(38159,7.0)
(38161,6.0)
(38169,4.0)
(38175,5.0)
(38177,4.0)
(38183,5.0)
(38199,7.0)
(38209,4.0)
(38215,5.0)
(38217,4.0)
(38225,4.0)
(38237,6.0)
(38243,5.0)
(38245,4.0)
(38251,5.0)
(38259,5.0)
(38269,4.0)
(38279,5.0)
(38291,5.0)
(38299,5.0)
(38307,5.0)
(38309,4.0)
(38315,5.0)
(38317,4.0)
(38323,5.0)
(38325,6.0)
(38337,4.0)
(38343,5.0)
(38345,4.0)
(38351,7.0)
(38363,5.0)
(38365,6.0)
(38379,5.0)
(38387,7.0)
(38389,6.0)
(38393,6.0)
(38403,5.0)
(38405,4.0)
(38411,7.0)
(38423,5.0)
(38431,7.0)
(38435,5.0)
(38445,6.0)
(38455,7.0)
(38475,5.0)
(38491,5.0)
(38493,4.0)
(38509,4.0)
(38517,4.0)
(38531,5.0)
(38533,6.0)
(38545,6.0)
(38553,4.0)
(38569,6.0)
(38577,4.0)
(38609,4.0)
(38619,5.0)
(38623,5.0)
(38625,4.0)
(38635,7.0)
(38645,4.0)
(38651,5.0)
(38659,7.0)
(38661,4.0)
(38675,5.0)
(38687,5.0)
(38701,4.0)
(38707,5.0)
(38709,4.0)
(38715,5.0)
(38725,4.0)
(38729,4.0)
(38735,5.0)
(38739,5.0)
(38741,4.0)
(38751,7.0)
(38761,6.0)
(38767,7.0)
(38775,7.0)
(38777,6.0)
(38781,4.0)
(38787,5.0)
(38793,4.0)
(38815,7.0)
(38823,5.0)
(38825,4.0)
(38829,6.0)
(38833,6.0)
(38841,6.0)
(38849,6.0)
(38869,4.0)
(38873,6.0)
(38895,5.0)
(38897,4.0)
(38911,5.0)
(38913,4.0)
(38919,5.0)
(38935,5.0)
(38941,6.0)
(38951,7.0)
(38963,5.0)
(38981,4.0)
(38987,5.0)
(39003,5.0)
(39007,5.0)
(39009,4.0)
(39015,5.0)
(39021,4.0)
(39027,5.0)
(39029,4.0)
(39035,5.0)
(39043,5.0)
(39053,4.0)
(39067,7.0)
(39081,4.0)
(39093,6.0)
(39107,5.0)
(39109,6.0)
(39117,4.0)
(39123,5.0)
(39133,4.0)
(39147,5.0)
(39157,4.0)
(39167,5.0)
(39171,5.0)
(39173,4.0)
(39191,5.0)
(39193,4.0)
(39199,7.0)
(39201,6.0)
(39207,5.0)
(39209,4.0)
(39213,4.0)
(39227,5.0)
(39229,4.0)
(39239,7.0)
(39243,5.0)
(39245,4.0)
(39265,6.0)
(39275,5.0)
(39277,6.0)
(39283,7.0)
(39285,6.0)
(39291,7.0)
(39293,6.0)
(39299,5.0)
(39301,4.0)
(39315,5.0)
(39317,4.0)
(39323,5.0)
(39325,6.0)
(39333,4.0)
(39347,7.0)
(39349,6.0)
(39355,7.0)
(39369,6.0)
(39377,4.0)
(39383,7.0)
(39387,5.0)
(39391,5.0)
(39403,7.0)
(39405,6.0)
(39419,5.0)
(39421,4.0)
(39429,4.0)
(39445,4.0)
(39453,4.0)
(39459,5.0)
(39467,5.0)
(39477,4.0)
(39485,4.0)
(39491,7.0)
(39495,7.0)
(39497,6.0)
(39503,5.0)
(39509,6.0)
(39517,6.0)
(39525,6.0)
(39537,4.0)
(39545,4.0)
(39551,5.0)
(39555,5.0)
(39565,6.0)
(39569,6.0)
(39583,5.0)
(39585,6.0)
(39613,6.0)
(39621,6.0)
(39627,5.0)
(39637,4.0)
(39643,5.0)
(39649,4.0)
(39655,5.0)
(39665,4.0)
(39671,5.0)
(39679,5.0)
(39695,7.0)
(39697,6.0)
(39705,6.0)
(39711,7.0)
(39713,6.0)
(39719,5.0)
(39721,4.0)
(39727,5.0)
(39733,4.0)
(39741,4.0)
(39761,4.0)
(39767,5.0)
(39803,5.0)
(39811,5.0)
(39813,4.0)
(39821,4.0)
(39845,6.0)
(39853,6.0)
(39859,7.0)
(39861,6.0)
(39867,7.0)
(39869,6.0)
(39899,5.0)
(39901,4.0)
(39915,5.0)
(39917,4.0)
(39925,4.0)
(39929,6.0)
(39935,7.0)
(39945,6.0)
(39953,4.0)
(39963,5.0)
(39965,6.0)
(39971,5.0)
(39983,7.0)
(39985,6.0)
(39991,5.0)
(40003,5.0)
(40005,6.0)
(40023,5.0)
(40025,6.0)
(40031,5.0)
(40035,5.0)
(40037,4.0)
(40047,5.0)
(40049,6.0)
(40055,5.0)
(40057,6.0)
(40063,5.0)
(40065,4.0)
(40073,4.0)
(40089,4.0)
(40101,6.0)
(40107,5.0)
(40111,5.0)
(40115,5.0)
(40123,5.0)
(40125,6.0)
(40131,7.0)
(40145,6.0)
(40151,7.0)
(40159,5.0)
(40171,5.0)
(40179,5.0)
(40195,5.0)
(40197,4.0)
(40203,5.0)
(40211,5.0)
(40219,5.0)
(40225,4.0)
(40231,5.0)
(40247,7.0)
(40249,6.0)
(40263,7.0)
(40265,6.0)
(40269,4.0)
(40275,5.0)
(40285,6.0)
(40291,7.0)
(40301,6.0)
(40307,5.0)
(40311,7.0)
(40327,5.0)
(40339,5.0)
(40347,7.0)
(40351,5.0)
(40367,5.0)
(40375,7.0)
(40385,4.0)
(40399,5.0)
(40409,4.0)
(40425,4.0)
(40431,5.0)
(40433,4.0)
(40441,4.0)
(40479,5.0)
(40481,4.0)
(40487,5.0)
(40489,4.0)
(40501,6.0)
(40515,5.0)
(40519,7.0)
(40527,5.0)
(40529,4.0)
(40537,4.0)
(40543,7.0)
(40545,6.0)
(40551,5.0)
(40553,4.0)
(40563,5.0)
(40565,6.0)
(40571,7.0)
(40573,4.0)
(40579,5.0)
(40587,5.0)
(40591,5.0)
(40607,5.0)
(40609,6.0)
(40621,6.0)
(40629,4.0)
(40637,6.0)
(40645,6.0)
(40649,4.0)
(40663,5.0)
(40689,4.0)
(40697,6.0)
(40711,5.0)
(40713,4.0)
(40721,4.0)
(40727,5.0)
(40733,4.0)
(40747,5.0)
(40749,4.0)
(40765,4.0)
(40771,5.0)
(40773,4.0)
(40779,5.0)
(40787,5.0)
(40799,5.0)
(40801,4.0)
(40807,5.0)
(40823,5.0)
(40833,4.0)
(40845,4.0)
(40851,5.0)
(40859,5.0)
(40867,5.0)
(40869,4.0)
(40875,5.0)
(40895,5.0)
(40903,5.0)
(40909,6.0)
(40917,4.0)
(40923,5.0)
(40925,4.0)
(40931,5.0)
(40933,4.0)
(40939,5.0)
(40941,4.0)
(40955,5.0)
(40957,4.0)
(40965,6.0)
(40973,4.0)
(40989,4.0)
(41007,5.0)
(41009,4.0)
(41015,5.0)
(41019,5.0)
(41021,4.0)
(41027,5.0)
(41029,4.0)
(41043,5.0)
(41045,4.0)
(41051,5.0)
(41053,4.0)
(41061,4.0)
(41067,5.0)
(41069,4.0)
(41083,5.0)
(41085,4.0)
(41091,5.0)
(41093,4.0)
(41099,5.0)
(41107,5.0)
(41109,4.0)
(41115,5.0)
(41131,5.0)
(41143,5.0)
(41153,4.0)
(41159,5.0)
(41165,4.0)
(41171,5.0)
(41183,5.0)
(41185,4.0)
(41191,5.0)
(41203,5.0)
(41211,7.0)
(41213,4.0)
(41219,5.0)
(41227,7.0)
(41237,4.0)
(41243,5.0)
(41245,4.0)
(41261,6.0)
(41267,7.0)
(41269,6.0)
(41275,7.0)
(41281,6.0)
(41295,5.0)
(41301,4.0)
(41307,5.0)
(41311,5.0)
(41313,4.0)
(41327,5.0)
(41343,5.0)
(41345,6.0)
(41349,4.0)
(41383,7.0)
(41395,7.0)
(41403,5.0)
(41405,4.0)
(41413,6.0)
(41419,7.0)
(41421,6.0)
(41427,7.0)
(41429,6.0)
(41433,6.0)
(41439,7.0)
(41441,6.0)
(41453,6.0)
(41475,5.0)
(41483,5.0)
(41499,5.0)
(41507,5.0)
(41509,6.0)
(41515,5.0)
(41519,7.0)
(41521,6.0)
(41527,7.0)
(41533,4.0)
(41539,5.0)
(41551,5.0)
(41553,6.0)
(41557,4.0)
(41565,4.0)
(41571,5.0)
(41573,4.0)
(41583,5.0)
(41609,4.0)
(41613,4.0)
(41617,4.0)
(41627,5.0)
(41637,6.0)
(41645,4.0)
(41651,7.0)
(41653,6.0)
(41663,7.0)
(41667,5.0)
(41677,4.0)
(41685,6.0)
(41695,5.0)
(41697,4.0)
(41703,5.0)
(41711,7.0)
(41713,4.0)
(41719,5.0)
(41725,6.0)
(41741,6.0)
(41749,6.0)
(41755,7.0)
(41763,5.0)
(41765,6.0)
(41791,5.0)
(41795,5.0)
(41797,6.0)
(41811,5.0)
(41813,6.0)
(41823,5.0)
(41825,4.0)
(41833,4.0)
(41841,6.0)
(41847,5.0)
(41869,6.0)
(41885,4.0)
(41891,7.0)
(41899,7.0)
(41903,7.0)
(41905,6.0)
(41911,5.0)
(41921,4.0)
(41935,7.0)
(41943,7.0)
(41955,7.0)
(41957,6.0)
(41961,6.0)
(41967,5.0)
(41979,5.0)
(41987,7.0)
(41989,6.0)
(41995,7.0)
(42001,4.0)
(42007,5.0)
(42015,5.0)
(42027,5.0)
(42043,5.0)
(42045,4.0)
(42053,4.0)
(42061,4.0)
(42071,5.0)
(42073,4.0)
(42079,5.0)
(42085,6.0)
(42089,6.0)
(42097,4.0)
(42107,7.0)
(42115,7.0)
(42117,6.0)
(42123,7.0)
(42141,4.0)
(42147,5.0)
(42163,5.0)
(42165,4.0)
(42179,7.0)
(42195,7.0)
(42197,6.0)
(42207,5.0)
(42223,5.0)
(42225,4.0)
(42229,4.0)
(42239,5.0)
(42241,4.0)
(42249,4.0)
(42255,5.0)
(42263,5.0)
(42265,4.0)
(42271,7.0)
(42285,6.0)
(42299,7.0)
(42301,6.0)
(42321,6.0)
(42329,6.0)
(42335,7.0)
(42343,5.0)
(42347,5.0)
(42349,6.0)
(42359,7.0)
(42361,4.0)
(42369,6.0)
(42373,6.0)
(42381,6.0)
(42387,7.0)
(42395,5.0)
(42425,6.0)
(42431,5.0)
(42437,6.0)
(42465,4.0)
(42495,5.0)
(42511,5.0)
(42515,5.0)
(42523,5.0)
(42525,6.0)
(42529,6.0)
(42549,6.0)
(42555,5.0)
(42565,4.0)
(42579,7.0)
(42583,5.0)
(42585,4.0)
(42593,6.0)
(42599,7.0)
(42601,4.0)
(42607,5.0)
(42609,4.0)
(42615,5.0)
(42617,4.0)
(42623,5.0)
(42625,4.0)
(42631,5.0)
(42635,7.0)
(42637,6.0)
(42643,5.0)
(42651,5.0)
(42659,5.0)
(42661,4.0)
(42669,4.0)
(42673,6.0)
(42679,7.0)
(42683,5.0)
(42685,4.0)
(42691,5.0)
(42705,6.0)
(42711,7.0)
(42717,4.0)
(42721,6.0)
(42737,4.0)
(42743,5.0)
(42759,5.0)
(42779,5.0)
(42787,5.0)
(42789,6.0)
(42799,7.0)
(42809,4.0)
(42821,4.0)
(42827,5.0)
(42831,5.0)
(42847,5.0)
(42861,6.0)
(42871,7.0)
(42877,4.0)
(42895,7.0)
(42901,6.0)
(42907,7.0)
(42911,7.0)
(42913,6.0)
(42921,6.0)
(42927,5.0)
(42929,6.0)
(42933,6.0)
(42939,7.0)
(42947,5.0)
(42949,6.0)
(42955,5.0)
(42971,5.0)
(42979,5.0)
(42981,4.0)
(42989,4.0)
(43009,6.0)
(43019,7.0)
(43021,6.0)
(43027,5.0)
(43031,5.0)
(43033,6.0)
(43039,5.0)
(43047,5.0)
(43049,6.0)
(43055,5.0)
(43057,6.0)
(43063,5.0)
(43069,4.0)
(43097,6.0)
(43103,7.0)
(43105,6.0)
(43113,4.0)
(43119,5.0)
(43121,4.0)
(43127,7.0)
(43129,6.0)
(43141,6.0)
(43163,7.0)
(43167,5.0)
(43171,7.0)
(43175,7.0)
(43179,7.0)
(43181,6.0)
(43197,4.0)
(43207,7.0)
(43209,6.0)
(43219,7.0)
(43221,6.0)
(43227,7.0)
(43229,6.0)
(43241,4.0)
(43247,5.0)
(43253,6.0)
(43259,5.0)
(43273,4.0)
(43279,5.0)
(43281,4.0)
(43289,4.0)
(43303,5.0)
(43309,6.0)
(43333,6.0)
(43339,7.0)
(43343,5.0)
(43351,5.0)
(43353,6.0)
(43361,4.0)
(43365,6.0)
(43369,6.0)
(43375,7.0)
(43385,4.0)
(43411,7.0)
(43415,7.0)
(43419,5.0)
(43427,5.0)
(43429,6.0)
(43435,5.0)
(43443,7.0)
(43459,7.0)
(43461,4.0)
(43467,5.0)
(43471,5.0)
(43483,5.0)
(43485,4.0)
(43491,5.0)
(43495,5.0)
(43503,7.0)
(43511,5.0)
(43515,7.0)
(43525,4.0)
(43531,5.0)
(43539,7.0)
(43547,7.0)
(43553,6.0)
(43581,6.0)
(43587,5.0)
(43591,7.0)
(43599,5.0)
(43601,4.0)
(43607,5.0)
(43609,4.0)
(43615,5.0)
(43629,4.0)
(43643,5.0)
(43651,7.0)
(43667,5.0)
(43669,6.0)
(43675,7.0)
(43677,6.0)
(43685,6.0)
(43691,7.0)
(43693,4.0)
(43703,5.0)
(43709,4.0)
(43715,7.0)
(43719,7.0)
(43727,5.0)
(43729,6.0)
(43733,6.0)
(43739,7.0)
(43743,5.0)
(43747,5.0)
(43761,4.0)
(43765,4.0)
(43795,7.0)
(43797,6.0)
(43803,7.0)
(43811,5.0)
(43819,5.0)
(43823,5.0)
(43831,7.0)
(43833,6.0)
(43839,7.0)
(43841,6.0)
(43849,6.0)
(43853,4.0)
(43863,5.0)
(43865,6.0)
(43877,6.0)
(43891,5.0)
(43893,6.0)
(43899,5.0)
(43907,5.0)
(43911,5.0)
(43913,6.0)
(43933,6.0)
(43949,4.0)
(43955,7.0)
(43957,6.0)
(43963,7.0)
(43981,4.0)
(44001,6.0)
(44007,5.0)
(44009,6.0)
(44013,4.0)
(44017,4.0)
(44027,7.0)
(44029,6.0)
(44041,6.0)
(44049,6.0)
(44055,7.0)
(44057,4.0)
(44065,6.0)
(44073,6.0)
(44079,7.0)
(44081,6.0)
(44087,7.0)
(44095,5.0)
(44101,4.0)
(44125,4.0)
(44133,4.0)
(44149,6.0)
(44157,4.0)
(44165,6.0)
(44187,7.0)
(44193,6.0)
(44219,5.0)
(44223,7.0)
(44231,7.0)
(44235,7.0)
(44237,6.0)
(44245,6.0)
(44251,7.0)
(44271,7.0)
(44273,6.0)
(44277,6.0)
(44287,5.0)
(44295,7.0)
(44299,7.0)
(44301,6.0)
(44307,5.0)
(44309,6.0)
(44319,5.0)
(44333,4.0)
(44339,5.0)
(44343,5.0)
(44353,4.0)
(44357,6.0)
(44363,7.0)
(44371,7.0)
(44379,5.0)
(44409,4.0)
(44415,5.0)
(44433,6.0)
(44457,6.0)
(44467,7.0)
(44485,6.0)
(44491,7.0)
(44495,5.0)
(44497,4.0)
(44505,6.0)
(44521,6.0)
(44529,6.0)
(44533,4.0)
(44539,5.0)
(44549,4.0)
(44567,7.0)
(44573,4.0)
(44581,6.0)
(44601,6.0)
(44615,7.0)
(44617,6.0)
(44629,6.0)
(44635,7.0)
(44637,6.0)
(44643,5.0)
(44665,4.0)
(44673,4.0)
(44699,5.0)
(44701,6.0)
(44713,4.0)
(44721,4.0)
(44727,5.0)
(44737,6.0)
(44747,7.0)
(44755,5.0)
(44759,7.0)
(44769,4.0)
(44775,5.0)
(44777,6.0)
(44785,6.0)
(44795,5.0)
(44801,6.0)
(44807,7.0)
(44809,6.0)
(44833,6.0)
(44845,6.0)
(44863,7.0)
(44871,7.0)
(44873,6.0)
(44879,5.0)
(44887,7.0)
(44889,6.0)
(44895,7.0)
(44897,4.0)
(44903,5.0)
(44905,6.0)
(44911,7.0)
(44915,7.0)
(44919,7.0)
(44933,6.0)
(44947,7.0)
(44951,7.0)
(44967,7.0)
(44971,7.0)
(44973,6.0)
(44979,7.0)
(44981,6.0)
(44991,5.0)
(44993,4.0)
(45009,4.0)
(45013,6.0)
(45019,5.0)
(45043,7.0)
(45055,7.0)
(45061,6.0)
(45081,6.0)
(45085,6.0)
(45093,6.0)
(45097,6.0)
(45109,4.0)
(45113,4.0)
(45119,5.0)
(45123,5.0)
(45125,4.0)
(45135,7.0)
(45141,4.0)
(45147,5.0)
(45171,7.0)
(45177,6.0)
(45181,6.0)
(45195,5.0)
(45197,6.0)
(45203,7.0)
(45221,6.0)
(45225,6.0)
(45231,5.0)
(45251,5.0)
(45269,6.0)
(45273,6.0)
(45277,6.0)
(45293,6.0)
(45301,4.0)
(45329,4.0)
(45333,6.0)
(45343,5.0)
(45357,6.0)
(45363,7.0)
(45365,6.0)
(45371,5.0)
(45373,6.0)
(45405,6.0)
(45409,6.0)
(45417,6.0)
(45425,6.0)
(45439,7.0)
(45445,6.0)
(45453,6.0)
(45465,6.0)
(45471,7.0)
(45473,6.0)
(45487,7.0)
(45489,6.0)
(45505,4.0)
(45511,7.0)
(45513,6.0)
(45523,5.0)
(45531,7.0)
(45537,4.0)
(45545,6.0)
(45559,5.0)
(45573,6.0)
(45587,7.0)
(45589,6.0)
(45603,7.0)
(45607,7.0)
(45625,6.0)
(45639,7.0)
(45643,5.0)
(45645,6.0)
(45659,5.0)
(45675,5.0)
(45679,7.0)
(45683,7.0)
(45705,6.0)
(45719,5.0)
(45721,6.0)
(45729,6.0)
(45741,6.0)
(45747,5.0)
(45749,4.0)
(45757,6.0)
(45765,4.0)
(45771,5.0)
(45779,7.0)
(45791,5.0)
(45809,4.0)
(45813,6.0)
(45823,5.0)
(45825,4.0)
(45833,4.0)
(45849,4.0)
(45853,4.0)
(45859,5.0)
(45871,7.0)
(45873,6.0)
(45879,7.0)
(45883,7.0)
(45893,4.0)
(45897,6.0)
(45907,7.0)
(45909,6.0)
(45925,4.0)
(45931,7.0)
(45933,6.0)
(45937,4.0)
(45943,5.0)
(45951,5.0)
(45961,6.0)
(45967,7.0)
(45969,6.0)
(45973,6.0)
(45985,6.0)
(46001,4.0)
(46009,6.0)
(46015,5.0)
(46019,5.0)
(46021,4.0)
(46035,5.0)
(46037,4.0)
(46043,7.0)
(46047,7.0)
(46057,6.0)
(46061,4.0)
(46073,6.0)
(46077,4.0)
(46087,7.0)
(46095,7.0)
(46107,5.0)
(46109,4.0)
(46117,4.0)
(46123,7.0)
(46125,6.0)
(46129,6.0)
(46139,7.0)
(46155,7.0)
(46157,6.0)
(46161,6.0)
(46169,6.0)
(46183,7.0)
(46187,5.0)
(46189,4.0)
(46195,7.0)
(46205,4.0)
(46215,5.0)
(46225,6.0)
(46231,7.0)
(46237,4.0)
(46249,6.0)
(46259,7.0)
(46277,4.0)
(46285,6.0)
(46289,4.0)
(46297,4.0)
(46303,5.0)
(46311,5.0)
(46319,5.0)
(46327,5.0)
(46329,6.0)
(46341,6.0)
(46353,6.0)
(46365,6.0)
(46371,5.0)
(46373,4.0)
(46379,5.0)
(46389,6.0)
(46399,7.0)
(46413,4.0)
(46417,4.0)
(46423,5.0)
(46427,5.0)
(46429,6.0)
(46433,4.0)
(46439,5.0)
(46441,4.0)
(46445,6.0)
(46451,7.0)
(46475,7.0)
(46487,5.0)
(46489,6.0)
(46499,5.0)
(46501,6.0)
(46515,7.0)
(46517,6.0)
(46525,6.0)
(46535,7.0)
(46537,6.0)
(46543,7.0)
(46547,7.0)
(46557,4.0)
(46563,7.0)
(46577,6.0)
(46591,5.0)
(46615,5.0)
(46619,7.0)
(46623,7.0)
(46627,7.0)
(46633,6.0)
(46645,4.0)
(46663,7.0)
(46665,6.0)
(46671,7.0)
(46675,5.0)
(46677,4.0)
(46681,6.0)
(46691,7.0)
(46705,6.0)
(46715,5.0)
(46717,4.0)
(46723,5.0)
(46725,4.0)
(46733,6.0)
(46737,6.0)
(46749,4.0)
(46763,5.0)
(46765,6.0)
(46769,6.0)
(46781,6.0)
(46791,7.0)
(46797,6.0)
(46811,5.0)
(46819,7.0)
(46825,6.0)
(46831,7.0)
(46833,4.0)
(46847,7.0)
(46849,6.0)
(46867,7.0)
(46875,5.0)
(46883,5.0)
(46913,4.0)
(46919,5.0)
(46935,5.0)
(46937,6.0)
(46943,7.0)
(46965,4.0)
(46975,7.0)
(46979,7.0)
(46981,6.0)
(46985,6.0)
(46991,5.0)
(46993,6.0)
(47007,5.0)
(47015,5.0)
(47017,6.0)
(47037,6.0)
(47047,7.0)
(47051,7.0)
(47055,7.0)
(47065,4.0)
(47069,6.0)
(47075,7.0)
(47099,7.0)
(47101,6.0)
(47117,4.0)
(47121,4.0)
(47149,6.0)
(47157,6.0)
(47161,4.0)
(47173,4.0)
(47183,5.0)
(47185,4.0)
(47193,6.0)
(47199,5.0)
(47201,4.0)
(47207,7.0)
(47219,7.0)
(47223,5.0)
(47225,6.0)
(47233,6.0)
(47237,4.0)
(47243,5.0)
(47245,4.0)
(47255,7.0)
(47265,4.0)
(47277,6.0)
(47281,6.0)
(47287,7.0)
(47289,6.0)
(47293,6.0)
(47301,6.0)
(47309,6.0)
(47313,6.0)
(47319,5.0)
(47323,7.0)
(47329,6.0)
(47343,7.0)
(47345,6.0)
(47375,7.0)
(47387,5.0)
(47391,7.0)
(47393,6.0)
(47401,4.0)
(47409,4.0)
(47415,5.0)
(47419,7.0)
(47427,7.0)
(47429,4.0)
(47441,6.0)
(47445,6.0)
(47463,7.0)
(47469,6.0)
(47475,7.0)
(47477,6.0)
(47483,7.0)
(47485,6.0)
(47491,5.0)
(47495,7.0)
(47525,6.0)
(47529,6.0)
(47537,4.0)
(47553,6.0)
(47571,7.0)
(47579,7.0)
(47587,7.0)
(47601,6.0)
(47605,4.0)
(47611,5.0)
(47621,4.0)
(47625,4.0)
(47643,7.0)
(47645,6.0)
(47661,6.0)
(47665,6.0)
(47671,5.0)
(47673,4.0)
(47679,7.0)
(47681,6.0)
(47691,7.0)
(47701,6.0)
(47715,7.0)
(47723,7.0)
(47733,6.0)
(47743,7.0)
(47747,5.0)
(47749,6.0)
(47755,7.0)
(47771,7.0)
(47779,7.0)
(47781,6.0)
(47795,7.0)
(47817,6.0)
(47823,7.0)
(47827,7.0)
(47829,4.0)
(47833,6.0)
(47839,7.0)
(47845,4.0)
(47853,4.0)
(47875,5.0)
(47879,5.0)
(47883,7.0)
(47887,7.0)
(47891,5.0)
(47893,6.0)
(47905,4.0)
(47915,7.0)
(47917,4.0)
(47925,6.0)
(47929,6.0)
(47935,5.0)
(47939,7.0)
(47963,5.0)
(47965,6.0)
(47969,6.0)
(47995,5.0)
(47999,5.0)
(48007,5.0)
(48027,7.0)
(48029,6.0)
(48053,6.0)
(48057,6.0)
(48069,6.0)
(48089,6.0)
(48111,5.0)
(48115,7.0)
(48117,6.0)
(48127,7.0)
(48129,6.0)
(48137,6.0)
(48145,6.0)
(48151,7.0)
(48163,7.0)
(48165,6.0)
(48183,7.0)
(48187,7.0)
(48189,6.0)
(48195,7.0)
(48197,6.0)
(48203,5.0)
(48205,6.0)
(48209,6.0)
(48223,7.0)
(48227,7.0)
(48229,6.0)
(48239,5.0)
(48249,4.0)
(48259,7.0)
(48263,7.0)
(48265,6.0)
(48271,7.0)
(48283,7.0)
(48293,4.0)
(48303,7.0)
(48321,6.0)
(48345,6.0)
(48351,7.0)
(48355,7.0)
(48371,7.0)
(48395,5.0)
(48403,7.0)
(48415,7.0)
(48417,6.0)
(48447,7.0)
(48449,6.0)
(48459,7.0)
(48461,6.0)
(48487,7.0)
(48489,6.0)
(48497,6.0)
