(46,8.0)
(11186,8.0)
(11902,8.0)
(13614,8.0)
(15690,8.0)
(19849,8.0)
(19849,8.0)
(54,8.0)
(20153,8.0)
(20153,8.0)
(58,8.0)
(210,8.0)
(5802,8.0)
(6550,8.0)
(7794,8.0)
(13006,8.0)
(14946,8.0)
(17234,8.0)
(20237,8.0)
(20237,8.0)
(58,8.0)
(210,8.0)
(5802,8.0)
(6550,8.0)
(6858,8.0)
(6862,8.0)
(9214,8.0)
(13434,8.0)
(17234,8.0)
(17238,8.0)
(20269,8.0)
(20269,8.0)
(90,8.0)
(12770,8.0)
(14522,8.0)
(22393,8.0)
(22393,8.0)
(1458,8.0)
(22985,8.0)
(22985,8.0)
(5610,8.0)
(13066,8.0)
(15122,8.0)
(23001,8.0)
(23001,8.0)
(5610,8.0)
(5802,8.0)
(13066,8.0)
(15122,8.0)
(23033,8.0)
(23033,8.0)
(210,8.0)
(3910,8.0)
(5610,8.0)
(13066,8.0)
(15122,8.0)
(17234,8.0)
(23073,8.0)
(23073,8.0)
(162,8.0)
(222,8.0)
(1466,8.0)
(5106,8.0)
(5610,8.0)
(8070,8.0)
(13018,8.0)
(15122,8.0)
(15710,8.0)
(17234,8.0)
(17246,8.0)
(23105,8.0)
(23105,8.0)
(5346,8.0)
(8194,8.0)
(16914,8.0)
(23429,8.0)
(23429,8.0)
(6118,8.0)
(6578,8.0)
(9610,8.0)
(14306,8.0)
(14422,8.0)
(17334,8.0)
(23557,8.0)
(23557,8.0)
(138,8.0)
(162,8.0)
(6130,8.0)
(7814,8.0)
(8182,8.0)
(8194,8.0)
(8206,8.0)
(10966,8.0)
(16862,8.0)
(16914,8.0)
(23749,8.0)
(23749,8.0)
(138,8.0)
(6130,8.0)
(16914,8.0)
(138,8.0)
(16914,8.0)
(23761,8.0)
(23761,8.0)
(138,8.0)
(14338,8.0)
(16890,8.0)
(17170,8.0)
(138,8.0)
(138,8.0)
(138,8.0)
(138,8.0)
(138,8.0)
(162,8.0)
(3678,8.0)
(13050,8.0)
(14790,8.0)
(24553,8.0)
(24553,8.0)
(162,8.0)
(16666,8.0)
(24577,8.0)
(24577,8.0)
(162,8.0)
(1846,8.0)
(16218,8.0)
(24625,8.0)
(24625,8.0)
(162,8.0)
(4170,8.0)
(10634,8.0)
(24649,8.0)
(24649,8.0)
(162,8.0)
(12886,8.0)
(15270,8.0)
(24657,8.0)
(24657,8.0)
(162,8.0)
(1334,8.0)
(1466,8.0)
(3910,8.0)
(5734,8.0)
(6858,8.0)
(7302,8.0)
(7310,8.0)
(8070,8.0)
(8994,8.0)
(9006,8.0)
(9214,8.0)
(10902,8.0)
(13066,8.0)
(14042,8.0)
(15122,8.0)
(15126,8.0)
(15230,8.0)
(15710,8.0)
(16550,8.0)
(17238,8.0)
(17254,8.0)
(17346,8.0)
(24665,8.0)
(24665,8.0)
(194,8.0)
(25053,8.0)
(25053,8.0)
(210,8.0)
(222,8.0)
(17238,8.0)
(25173,8.0)
(25173,8.0)
(210,8.0)
(222,8.0)
(25181,8.0)
(25181,8.0)
(210,8.0)
(25197,8.0)
(25197,8.0)
(210,8.0)
(5802,8.0)
(17238,8.0)
(17246,8.0)
(25213,8.0)
(25213,8.0)
(15314,8.0)
(18114,8.0)
(25757,8.0)
(25757,8.0)
(1530,8.0)
(2222,8.0)
(2438,8.0)
(4018,8.0)
(4222,8.0)
(4450,8.0)
(5382,8.0)
(5386,8.0)
(6570,8.0)
(7346,8.0)
(10826,8.0)
(11210,8.0)
(12914,8.0)
(12918,8.0)
(12942,8.0)
(13018,8.0)
(13538,8.0)
(13542,8.0)
(13618,8.0)
(13830,8.0)
(14550,8.0)
(25837,8.0)
(25837,8.0)
(486,8.0)
(922,8.0)
(1530,8.0)
(3486,8.0)
(3494,8.0)
(3598,8.0)
(5362,8.0)
(5386,8.0)
(5622,8.0)
(5954,8.0)
(7498,8.0)
(7882,8.0)
(9214,8.0)
(9842,8.0)
(11878,8.0)
(12770,8.0)
(12942,8.0)
(13538,8.0)
(13542,8.0)
(15710,8.0)
(16382,8.0)
(17182,8.0)
(17674,8.0)
(25897,8.0)
(25897,8.0)
(690,8.0)
(3998,8.0)
(6746,8.0)
(11330,8.0)
(26065,8.0)
(26065,8.0)
(3778,8.0)
(5510,8.0)
(26121,8.0)
(26121,8.0)
(314,8.0)
(5894,8.0)
(26213,8.0)
(26213,8.0)
(8642,8.0)
(17254,8.0)
(26757,8.0)
(26757,8.0)
(378,8.0)
(518,8.0)
(2910,8.0)
(5866,8.0)
(398,8.0)
(27169,8.0)
(27169,8.0)
(398,8.0)
(710,8.0)
(2382,8.0)
(3486,8.0)
(6150,8.0)
(9486,8.0)
(11094,8.0)
(12770,8.0)
(14698,8.0)
(14938,8.0)
(16562,8.0)
(17250,8.0)
(27177,8.0)
(27177,8.0)
(402,8.0)
(2302,8.0)
(2438,8.0)
(4186,8.0)
(4194,8.0)
(5770,8.0)
(9918,8.0)
(9922,8.0)
(12834,8.0)
(12934,8.0)
(12942,8.0)
(16382,8.0)
(16386,8.0)
(16442,8.0)
(27337,8.0)
(27337,8.0)
(402,8.0)
(27369,8.0)
(27369,8.0)
(510,8.0)
(1150,8.0)
(2346,8.0)
(3478,8.0)
(12994,8.0)
(13438,8.0)
(27445,8.0)
(27445,8.0)
(710,8.0)
(2966,8.0)
(8610,8.0)
(12902,8.0)
(16566,8.0)
(17642,8.0)
(27533,8.0)
(27533,8.0)
(16566,8.0)
(17654,8.0)
(27625,8.0)
(27625,8.0)
(434,8.0)
(3598,8.0)
(4186,8.0)
(4398,8.0)
(4642,8.0)
(6918,8.0)
(10630,8.0)
(10902,8.0)
(11782,8.0)
(12770,8.0)
(12902,8.0)
(13634,8.0)
(27733,8.0)
(27733,8.0)
(7162,8.0)
(7518,8.0)
(12146,8.0)
(12150,8.0)
(27745,8.0)
(27745,8.0)
(1166,8.0)
(1530,8.0)
(3794,8.0)
(6290,8.0)
(6918,8.0)
(7526,8.0)
(10858,8.0)
(11782,8.0)
(12770,8.0)
(13634,8.0)
(16562,8.0)
(17222,8.0)
(27977,8.0)
(27977,8.0)
(1530,8.0)
(10902,8.0)
(12770,8.0)
(13634,8.0)
(27993,8.0)
(27993,8.0)
(3378,8.0)
(4222,8.0)
(5362,8.0)
(5382,8.0)
(6570,8.0)
(8274,8.0)
(10970,8.0)
(12942,8.0)
(15942,8.0)
(28081,8.0)
(28081,8.0)
(462,8.0)
(1938,8.0)
(16266,8.0)
(28177,8.0)
(28177,8.0)
(490,8.0)
(4678,8.0)
(7150,8.0)
(11590,8.0)
(12870,8.0)
(28465,8.0)
(28465,8.0)
(490,8.0)
(630,8.0)
(6574,8.0)
(8390,8.0)
(8414,8.0)
(13650,8.0)
(28489,8.0)
(28489,8.0)
(494,8.0)
(2210,8.0)
(4086,8.0)
(5642,8.0)
(6966,8.0)
(14902,8.0)
(28569,8.0)
(28569,8.0)
(506,8.0)
(3578,8.0)
(6906,8.0)
(7886,8.0)
(518,8.0)
(10342,8.0)
(518,8.0)
(29025,8.0)
(29025,8.0)
(518,8.0)
(1150,8.0)
(9586,8.0)
(29097,8.0)
(29097,8.0)
(518,8.0)
(2910,8.0)
(4986,8.0)
(5130,8.0)
(5170,8.0)
(6434,8.0)
(14610,8.0)
(17134,8.0)
(29313,8.0)
(29313,8.0)
(518,8.0)
(29585,8.0)
(29585,8.0)
(518,8.0)
(4394,8.0)
(518,8.0)
(17382,8.0)
(29709,8.0)
(29709,8.0)
(574,8.0)
(3654,8.0)
(29985,8.0)
(29985,8.0)
(12506,8.0)
(14114,8.0)
(30093,8.0)
(30093,8.0)
(1710,8.0)
(1846,8.0)
(8278,8.0)
(30133,8.0)
(30133,8.0)
(8278,8.0)
(8514,8.0)
(11854,8.0)
(30141,8.0)
(30141,8.0)
(16974,8.0)
(30469,8.0)
(30469,8.0)
(642,8.0)
(1746,8.0)
(3834,8.0)
(10918,8.0)
(30609,8.0)
(30609,8.0)
(4498,8.0)
(30773,8.0)
(30773,8.0)
(32129,8.0)
(16170,8.0)
(31073,8.0)
(31073,8.0)
(1490,8.0)
(2302,8.0)
(3486,8.0)
(3494,8.0)
(3598,8.0)
(3794,8.0)
(4186,8.0)
(4358,8.0)
(4562,8.0)
(4806,8.0)
(5362,8.0)
(5374,8.0)
(5382,8.0)
(5386,8.0)
(5566,8.0)
(5622,8.0)
(5890,8.0)
(6290,8.0)
(7346,8.0)
(7498,8.0)
(7882,8.0)
(9214,8.0)
(9842,8.0)
(10826,8.0)
(10934,8.0)
(11094,8.0)
(11890,8.0)
(12166,8.0)
(12918,8.0)
(12942,8.0)
(13018,8.0)
(13538,8.0)
(13618,8.0)
(13830,8.0)
(16382,8.0)
(17222,8.0)
(17642,8.0)
(17674,8.0)
(31081,8.0)
(31081,8.0)
(9462,8.0)
(31089,8.0)
(31089,8.0)
(690,8.0)
(3610,8.0)
(5338,8.0)
(6018,8.0)
(10058,8.0)
(12506,8.0)
(13366,8.0)
(31405,8.0)
(31405,8.0)
(1154,8.0)
(3530,8.0)
(3578,8.0)
(6018,8.0)
(7886,8.0)
(12506,8.0)
(31413,8.0)
(31413,8.0)
(702,8.0)
(8642,8.0)
(11090,8.0)
(13470,8.0)
(16278,8.0)
(16446,8.0)
(17438,8.0)
(31513,8.0)
(31513,8.0)
(710,8.0)
(2318,8.0)
(31665,8.0)
(31665,8.0)
(710,8.0)
(31681,8.0)
(31681,8.0)
(710,8.0)
(5654,8.0)
(12898,8.0)
(12906,8.0)
(31689,8.0)
(31689,8.0)
(714,8.0)
(1938,8.0)
(31721,8.0)
(31721,8.0)
(738,8.0)
(3270,8.0)
(3678,8.0)
(9454,8.0)
(31821,8.0)
(31821,8.0)
(742,8.0)
(5954,8.0)
(9682,8.0)
(12770,8.0)
(18246,8.0)
(31893,8.0)
(31893,8.0)
(750,8.0)
(31957,8.0)
(31957,8.0)
(750,8.0)
(5402,8.0)
(10730,8.0)
(31973,8.0)
(31973,8.0)
(750,8.0)
(16786,8.0)
(31997,8.0)
(31997,8.0)
(750,8.0)
(7498,8.0)
(10730,8.0)
(32013,8.0)
(32013,8.0)
(766,8.0)
(1022,8.0)
(2318,8.0)
(10906,8.0)
(32081,8.0)
(32081,8.0)
(774,8.0)
(1706,8.0)
(2622,8.0)
(4030,8.0)
(5462,8.0)
(16790,8.0)
(32141,8.0)
(32141,8.0)
(3554,8.0)
(32213,8.0)
(32213,8.0)
(810,8.0)
(9034,8.0)
(9434,8.0)
(16426,8.0)
(16506,8.0)
(17198,8.0)
(32329,8.0)
(32329,8.0)
(810,8.0)
(2706,8.0)
(15510,8.0)
(16582,8.0)
(32337,8.0)
(32337,8.0)
(3770,8.0)
(32629,8.0)
(32629,8.0)
(922,8.0)
(4186,8.0)
(4562,8.0)
(6918,8.0)
(8330,8.0)
(8586,8.0)
(8962,8.0)
(12770,8.0)
(17254,8.0)
(32637,8.0)
(32637,8.0)
(858,8.0)
(2338,8.0)
(5738,8.0)
(7926,8.0)
(8462,8.0)
(10710,8.0)
(11118,8.0)
(16686,8.0)
(17630,8.0)
(17654,8.0)
(32653,8.0)
(32653,8.0)
(7362,8.0)
(12770,8.0)
(32677,8.0)
(32677,8.0)
(3026,8.0)
(6462,8.0)
(7958,8.0)
(12770,8.0)
(32701,8.0)
(32701,8.0)
(870,8.0)
(3870,8.0)
(10214,8.0)
(10350,8.0)
(15174,8.0)
(15286,8.0)
(32861,8.0)
(32861,8.0)
(886,8.0)
(2306,8.0)
(8830,8.0)
(32949,8.0)
(32949,8.0)
(906,8.0)
(11550,8.0)
(906,8.0)
(33165,8.0)
(33165,8.0)
(1346,8.0)
(8330,8.0)
(10018,8.0)
(10934,8.0)
(11094,8.0)
(11402,8.0)
(13278,8.0)
(14422,8.0)
(14906,8.0)
(17098,8.0)
(33305,8.0)
(33305,8.0)
(10018,8.0)
(33409,8.0)
(33409,8.0)
(938,8.0)
(3642,8.0)
(3754,8.0)
(4658,8.0)
(6614,8.0)
(10214,8.0)
(17054,8.0)
(33509,8.0)
(33509,8.0)
(938,8.0)
(5078,8.0)
(12742,8.0)
(938,8.0)
(938,8.0)
(14586,8.0)
(33577,8.0)
(33577,8.0)
(946,8.0)
(5894,8.0)
(13474,8.0)
(1002,8.0)
(1858,8.0)
(8258,8.0)
(11254,8.0)
(16690,8.0)
(34685,8.0)
(34685,8.0)
(1094,8.0)
(1290,8.0)
(4370,8.0)
(4774,8.0)
(7566,8.0)
(10178,8.0)
(17198,8.0)
(34737,8.0)
(34737,8.0)
(1122,8.0)
(4346,8.0)
(8462,8.0)
(9242,8.0)
(13446,8.0)
(15334,8.0)
(17626,8.0)
(34925,8.0)
(34925,8.0)
(1150,8.0)
(1150,8.0)
(1150,8.0)
(35109,8.0)
(35109,8.0)
(1150,8.0)
(2434,8.0)
(3478,8.0)
(8258,8.0)
(16250,8.0)
(35117,8.0)
(35117,8.0)
(1154,8.0)
(35125,8.0)
(35125,8.0)
(7162,8.0)
(14610,8.0)
(35137,8.0)
(35137,8.0)
(3478,8.0)
(5770,8.0)
(35281,8.0)
(35281,8.0)
(5498,8.0)
(8462,8.0)
(35305,8.0)
(35305,8.0)
(6898,8.0)
(17730,8.0)
(35345,8.0)
(35345,8.0)
(7258,8.0)
(35889,8.0)
(35889,8.0)
(2046,8.0)
(6174,8.0)
(6622,8.0)
(6838,8.0)
(13138,8.0)
(15778,8.0)
(36093,8.0)
(36093,8.0)
(12942,8.0)
(36101,8.0)
(36101,8.0)
(4446,8.0)
(8562,8.0)
(13402,8.0)
(36145,8.0)
(36145,8.0)
(1374,8.0)
(2834,8.0)
(36225,8.0)
(36225,8.0)
(6574,8.0)
(7150,8.0)
(7774,8.0)
(36293,8.0)
(36293,8.0)
(15614,8.0)
(36637,8.0)
(36637,8.0)
(1458,8.0)
(2590,8.0)
(3910,8.0)
(8070,8.0)
(9214,8.0)
(15710,8.0)
(36681,8.0)
(36681,8.0)
(2318,8.0)
(13006,8.0)
(17234,8.0)
(36701,8.0)
(36701,8.0)
(13686,8.0)
(36709,8.0)
(36709,8.0)
(3242,8.0)
(12934,8.0)
(36737,8.0)
(36737,8.0)
(2302,8.0)
(4194,8.0)
(17182,8.0)
(36745,8.0)
(36745,8.0)
(2302,8.0)
(4194,8.0)
(17182,8.0)
(36753,8.0)
(36753,8.0)
(4238,8.0)
(7346,8.0)
(7666,8.0)
(15710,8.0)
(36765,8.0)
(36765,8.0)
(5106,8.0)
(13006,8.0)
(14946,8.0)
(15710,8.0)
(36773,8.0)
(36773,8.0)
(3782,8.0)
(4434,8.0)
(9054,8.0)
(9214,8.0)
(10906,8.0)
(13066,8.0)
(15122,8.0)
(36781,8.0)
(36781,8.0)
(4914,8.0)
(5462,8.0)
(10622,8.0)
(36821,8.0)
(36821,8.0)
(1498,8.0)
(36901,8.0)
(36901,8.0)
(1530,8.0)
(3486,8.0)
(11206,8.0)
(11586,8.0)
(12770,8.0)
(15762,8.0)
(37121,8.0)
(37121,8.0)
(1530,8.0)
(12770,8.0)
(17218,8.0)
(17222,8.0)
(37129,8.0)
(37129,8.0)
(1542,8.0)
(1990,8.0)
(7402,8.0)
(7538,8.0)
(37153,8.0)
(37153,8.0)
(1566,8.0)
(37253,8.0)
(37253,8.0)
(1606,8.0)
(9278,8.0)
(11698,8.0)
(37485,8.0)
(37485,8.0)
(1642,8.0)
(1642,8.0)
(3306,8.0)
(5810,8.0)
(6834,8.0)
(14790,8.0)
(37589,8.0)
(37589,8.0)
(1650,8.0)
(17466,8.0)
(37605,8.0)
(37605,8.0)
(1698,8.0)
(37793,8.0)
(37793,8.0)
(2714,8.0)
(5206,8.0)
(5810,8.0)
(11458,8.0)
(11586,8.0)
(11774,8.0)
(12062,8.0)
(37885,8.0)
(37885,8.0)
(1746,8.0)
(6654,8.0)
(8522,8.0)
(10730,8.0)
(13498,8.0)
(16786,8.0)
(16790,8.0)
(37945,8.0)
(37945,8.0)
(1754,8.0)
(37969,8.0)
(37969,8.0)
(1754,8.0)
(2714,8.0)
(3354,8.0)
(11458,8.0)
(37985,8.0)
(37985,8.0)
(1814,8.0)
(5658,8.0)
(11458,8.0)
(38193,8.0)
(38193,8.0)
(1822,8.0)
(5106,8.0)
(15090,8.0)
(15106,8.0)
(1838,8.0)
(2722,8.0)
(10674,8.0)
(38237,8.0)
(38237,8.0)
(1858,8.0)
(38285,8.0)
(38285,8.0)
(1886,8.0)
(8994,8.0)
(10838,8.0)
(38393,8.0)
(38393,8.0)
(1910,8.0)
(1922,8.0)
(4586,8.0)
(16510,8.0)
(38445,8.0)
(38445,8.0)
(2906,8.0)
(4122,8.0)
(8906,8.0)
(14790,8.0)
(16514,8.0)
(38457,8.0)
(38457,8.0)
(1938,8.0)
(38485,8.0)
(38485,8.0)
(1942,8.0)
(13446,8.0)
(1942,8.0)
(1942,8.0)
(38525,8.0)
(38525,8.0)
(4918,8.0)
(38601,8.0)
(38601,8.0)
(2022,8.0)
(2026,8.0)
(2038,8.0)
(2070,8.0)
(38761,8.0)
(38761,8.0)
(2030,8.0)
(2050,8.0)
(14422,8.0)
(14622,8.0)
(38849,8.0)
(38849,8.0)
(2126,8.0)
(2138,8.0)
(38977,8.0)
(38977,8.0)
(3214,8.0)
(4778,8.0)
(38989,8.0)
(38989,8.0)
(6290,8.0)
(12770,8.0)
(15942,8.0)
(39249,8.0)
(39249,8.0)
(2302,8.0)
(2330,8.0)
(39517,8.0)
(39517,8.0)
(2330,8.0)
(39525,8.0)
(39525,8.0)
(2338,8.0)
(5218,8.0)
(5738,8.0)
(8454,8.0)
(10866,8.0)
(10902,8.0)
(15090,8.0)
(15110,8.0)
(17654,8.0)
(39565,8.0)
(39565,8.0)
(10730,8.0)
(12942,8.0)
(15490,8.0)
(16790,8.0)
(39569,8.0)
(39569,8.0)
(2346,8.0)
(2714,8.0)
(5770,8.0)
(6174,8.0)
(10818,8.0)
(12350,8.0)
(39585,8.0)
(39585,8.0)
(11462,8.0)
(39593,8.0)
(39593,8.0)
(2346,8.0)
(4258,8.0)
(5770,8.0)
(39605,8.0)
(39605,8.0)
(2346,8.0)
(14562,8.0)
(15142,8.0)
(39613,8.0)
(39613,8.0)
(2346,8.0)
(3354,8.0)
(5770,8.0)
(6270,8.0)
(7794,8.0)
(11166,8.0)
(12350,8.0)
(13182,8.0)
(39621,8.0)
(39621,8.0)
(2350,8.0)
(12970,8.0)
(13446,8.0)
(39681,8.0)
(39681,8.0)
(2386,8.0)
(2438,8.0)
(7882,8.0)
(39977,8.0)
(39977,8.0)
(2470,8.0)
(2490,8.0)
(40081,8.0)
(40081,8.0)
(2502,8.0)
(2502,8.0)
(40101,8.0)
(40101,8.0)
(2530,8.0)
(6342,8.0)
(15762,8.0)
(17194,8.0)
(40137,8.0)
(40137,8.0)
(10858,8.0)
(12770,8.0)
(40249,8.0)
(40249,8.0)
(2642,8.0)
(5654,8.0)
(5890,8.0)
(6198,8.0)
(8586,8.0)
(16566,8.0)
(17642,8.0)
(40609,8.0)
(40609,8.0)
(2698,8.0)
(5050,8.0)
(7954,8.0)
(40637,8.0)
(40637,8.0)
(2698,8.0)
(5050,8.0)
(5134,8.0)
(7954,8.0)
(40645,8.0)
(40645,8.0)
(16802,8.0)
(40669,8.0)
(40669,8.0)
(2714,8.0)
(3390,8.0)
(3654,8.0)
(5810,8.0)
(6394,8.0)
(13278,8.0)
(13862,8.0)
(17482,8.0)
(40681,8.0)
(40681,8.0)
(2714,8.0)
(40697,8.0)
(40697,8.0)
(2714,8.0)
(40705,8.0)
(40705,8.0)
(2850,8.0)
(12602,8.0)
(2886,8.0)
(12538,8.0)
(2886,8.0)
(7150,8.0)
(7538,8.0)
(7774,8.0)
(41261,8.0)
(41261,8.0)
(2886,8.0)
(6574,8.0)
(7774,8.0)
(7894,8.0)
(12790,8.0)
(41281,8.0)
(41281,8.0)
(2970,8.0)
(41373,8.0)
(41373,8.0)
(2978,8.0)
(4350,8.0)
(41389,8.0)
(41389,8.0)
(2998,8.0)
(4170,8.0)
(4366,8.0)
(16222,8.0)
(41413,8.0)
(41413,8.0)
(14406,8.0)
(41453,8.0)
(41453,8.0)
(3094,8.0)
(41637,8.0)
(41637,8.0)
(5362,8.0)
(5382,8.0)
(6570,8.0)
(10222,8.0)
(12918,8.0)
(41725,8.0)
(41725,8.0)
(4222,8.0)
(5362,8.0)
(5382,8.0)
(41741,8.0)
(41741,8.0)
(3194,8.0)
(9762,8.0)
(11034,8.0)
(41805,8.0)
(41805,8.0)
(3214,8.0)
(41853,8.0)
(41853,8.0)
(3214,8.0)
(12978,8.0)
(41869,8.0)
(41869,8.0)
(3254,8.0)
(5298,8.0)
(7062,8.0)
(7974,8.0)
(8306,8.0)
(11706,8.0)
(41929,8.0)
(41929,8.0)
(3282,8.0)
(5610,8.0)
(15122,8.0)
(16550,8.0)
(17642,8.0)
(41949,8.0)
(41949,8.0)
(11986,8.0)
(17094,8.0)
(17438,8.0)
(41969,8.0)
(41969,8.0)
(3354,8.0)
(5770,8.0)
(6270,8.0)
(17194,8.0)
(42037,8.0)
(42037,8.0)
(12222,8.0)
(42197,8.0)
(42197,8.0)
(3458,8.0)
(4026,8.0)
(10594,8.0)
(11938,8.0)
(12494,8.0)
(15142,8.0)
(15754,8.0)
(16618,8.0)
(42217,8.0)
(42217,8.0)
(3470,8.0)
(4178,8.0)
(5190,8.0)
(5334,8.0)
(6010,8.0)
(8510,8.0)
(3478,8.0)
(3654,8.0)
(4330,8.0)
(5794,8.0)
(42277,8.0)
(42277,8.0)
(3486,8.0)
(7362,8.0)
(9682,8.0)
(12770,8.0)
(18246,8.0)
(18250,8.0)
(42285,8.0)
(42285,8.0)
(3486,8.0)
(4186,8.0)
(7362,8.0)
(11206,8.0)
(12770,8.0)
(15762,8.0)
(15942,8.0)
(16562,8.0)
(42293,8.0)
(42293,8.0)
(3494,8.0)
(4018,8.0)
(12942,8.0)
(13538,8.0)
(42309,8.0)
(42309,8.0)
(3530,8.0)
(42321,8.0)
(42321,8.0)
(3530,8.0)
(3950,8.0)
(42373,8.0)
(42373,8.0)
(3554,8.0)
(3562,8.0)
(42405,8.0)
(42405,8.0)
(5914,8.0)
(8274,8.0)
(8474,8.0)
(9718,8.0)
(13618,8.0)
(13622,8.0)
(42437,8.0)
(42437,8.0)
(3618,8.0)
(10594,8.0)
(42529,8.0)
(42529,8.0)
(3642,8.0)
(10438,8.0)
(42541,8.0)
(42541,8.0)
(3678,8.0)
(4774,8.0)
(8906,8.0)
(11518,8.0)
(42573,8.0)
(42573,8.0)
(3690,8.0)
(3802,8.0)
(6954,8.0)
(8110,8.0)
(16638,8.0)
(42593,8.0)
(42593,8.0)
(12126,8.0)
(16250,8.0)
(42721,8.0)
(42721,8.0)
(4898,8.0)
(5890,8.0)
(42749,8.0)
(42749,8.0)
(3910,8.0)
(7134,8.0)
(42889,8.0)
(42889,8.0)
(3918,8.0)
(5734,8.0)
(9294,8.0)
(15126,8.0)
(15218,8.0)
(15242,8.0)
(15262,8.0)
(15382,8.0)
(42921,8.0)
(42921,8.0)
(3950,8.0)
(15294,8.0)
(42961,8.0)
(42961,8.0)
(3998,8.0)
(5518,8.0)
(17642,8.0)
(18182,8.0)
(43081,8.0)
(43081,8.0)
(4086,8.0)
(4658,8.0)
(12770,8.0)
(15942,8.0)
(43133,8.0)
(43133,8.0)
(9782,8.0)
(43141,8.0)
(43141,8.0)
(4178,8.0)
(4350,8.0)
(8514,8.0)
(18114,8.0)
(43261,8.0)
(43261,8.0)
(16526,8.0)
(43313,8.0)
(43313,8.0)
(4314,8.0)
(43381,8.0)
(43381,8.0)
(4330,8.0)
(43405,8.0)
(43405,8.0)
(4418,8.0)
(11882,8.0)
(4434,8.0)
(12126,8.0)
(43553,8.0)
(43553,8.0)
(9298,8.0)
(12126,8.0)
(43561,8.0)
(43561,8.0)
(7110,8.0)
(43653,8.0)
(43653,8.0)
(17466,8.0)
(43677,8.0)
(43677,8.0)
(4702,8.0)
(6802,8.0)
(4802,8.0)
(10730,8.0)
(43849,8.0)
(43849,8.0)
(4866,8.0)
(4866,8.0)
(43989,8.0)
(43989,8.0)
(6802,8.0)
(43993,8.0)
(43993,8.0)
(4990,8.0)
(10202,8.0)
(11550,8.0)
(16318,8.0)
(44041,8.0)
(44041,8.0)
(5298,8.0)
(6626,8.0)
(7110,8.0)
(16918,8.0)
(44065,8.0)
(44065,8.0)
(4950,8.0)
(4990,8.0)
(11974,8.0)
(12870,8.0)
(14278,8.0)
(44165,8.0)
(44165,8.0)
(5030,8.0)
(5954,8.0)
(6830,8.0)
(7958,8.0)
(12770,8.0)
(16486,8.0)
(18250,8.0)
(44237,8.0)
(44237,8.0)
(12742,8.0)
(44277,8.0)
(44277,8.0)
(17182,8.0)
(44389,8.0)
(44389,8.0)
(5658,8.0)
(44401,8.0)
(44401,8.0)
(8206,8.0)
(44433,8.0)
(44433,8.0)
(8206,8.0)
(9786,8.0)
(44441,8.0)
(44441,8.0)
(5310,8.0)
(18098,8.0)
(5310,8.0)
(44481,8.0)
(44481,8.0)
(5334,8.0)
(16126,8.0)
(44505,8.0)
(44505,8.0)
(5354,8.0)
(5362,8.0)
(44521,8.0)
(44521,8.0)
(5362,8.0)
(5386,8.0)
(5518,8.0)
(44529,8.0)
(44529,8.0)
(5374,8.0)
(6462,8.0)
(11914,8.0)
(12942,8.0)
(13418,8.0)
(13538,8.0)
(15078,8.0)
(44545,8.0)
(44545,8.0)
(5386,8.0)
(44561,8.0)
(44561,8.0)
(16638,8.0)
(44581,8.0)
(44581,8.0)
(5430,8.0)
(7470,8.0)
(8258,8.0)
(15010,8.0)
(44593,8.0)
(44593,8.0)
(5458,8.0)
(10214,8.0)
(44601,8.0)
(44601,8.0)
(5462,8.0)
(6438,8.0)
(44609,8.0)
(44609,8.0)
(5462,8.0)
(6446,8.0)
(8514,8.0)
(11426,8.0)
(14922,8.0)
(16158,8.0)
(18158,8.0)
(44625,8.0)
(44625,8.0)
(6122,8.0)
(18138,8.0)
(44729,8.0)
(44729,8.0)
(7498,8.0)
(16386,8.0)
(44737,8.0)
(44737,8.0)
(5622,8.0)
(13018,8.0)
(17194,8.0)
(6462,8.0)
(12770,8.0)
(44833,8.0)
(44833,8.0)
(5750,8.0)
(44845,8.0)
(44845,8.0)
(5770,8.0)
(6650,8.0)
(9986,8.0)
(12350,8.0)
(44857,8.0)
(44857,8.0)
(5794,8.0)
(44925,8.0)
(44925,8.0)
(5794,8.0)
(44933,8.0)
(44933,8.0)
(5802,8.0)
(44961,8.0)
(44961,8.0)
(5886,8.0)
(5890,8.0)
(45037,8.0)
(45037,8.0)
(5894,8.0)
(5894,8.0)
(13038,8.0)
(45061,8.0)
(45061,8.0)
(5894,8.0)
(45069,8.0)
(45069,8.0)
(5906,8.0)
(7522,8.0)
(5914,8.0)
(11426,8.0)
(12494,8.0)
(13454,8.0)
(16158,8.0)
(17862,8.0)
(45081,8.0)
(45081,8.0)
(13278,8.0)
(45085,8.0)
(45085,8.0)
(15090,8.0)
(45097,8.0)
(45097,8.0)
(6038,8.0)
(7970,8.0)
(45165,8.0)
(45165,8.0)
(6106,8.0)
(45181,8.0)
(45181,8.0)
(6118,8.0)
(9782,8.0)
(45233,8.0)
(45233,8.0)
(6238,8.0)
(6290,8.0)
(12770,8.0)
(45285,8.0)
(45285,8.0)
(15614,8.0)
(45293,8.0)
(45293,8.0)
(6374,8.0)
(6814,8.0)
(17642,8.0)
(45321,8.0)
(45321,8.0)
(6406,8.0)
(45389,8.0)
(45389,8.0)
(6438,8.0)
(45405,8.0)
(45405,8.0)
(6470,8.0)
(12626,8.0)
(8070,8.0)
(45417,8.0)
(45417,8.0)
(11650,8.0)
(45445,8.0)
(45445,8.0)
(6594,8.0)
(15890,8.0)
(6790,8.0)
(6830,8.0)
(12282,8.0)
(45621,8.0)
(45621,8.0)
(6858,8.0)
(6862,8.0)
(45625,8.0)
(45625,8.0)
(6882,8.0)
(6898,8.0)
(13942,8.0)
(15454,8.0)
(45665,8.0)
(45665,8.0)
(6954,8.0)
(11426,8.0)
(18114,8.0)
(15814,8.0)
(45689,8.0)
(45689,8.0)
(6970,8.0)
(7006,8.0)
(45705,8.0)
(45705,8.0)
(13226,8.0)
(15142,8.0)
(15266,8.0)
(45721,8.0)
(45721,8.0)
(13690,8.0)
(16222,8.0)
(45729,8.0)
(45729,8.0)
(7050,8.0)
(14790,8.0)
(45741,8.0)
(45741,8.0)
(17694,8.0)
(45757,8.0)
(45757,8.0)
(13050,8.0)
(14790,8.0)
(45781,8.0)
(45781,8.0)
(16666,8.0)
(45813,8.0)
(45813,8.0)
(7202,8.0)
(7258,8.0)
(7258,8.0)
(8278,8.0)
(8514,8.0)
(10334,8.0)
(45897,8.0)
(45897,8.0)
(7462,8.0)
(11890,8.0)
(12770,8.0)
(14642,8.0)
(45961,8.0)
(45961,8.0)
(11586,8.0)
(45973,8.0)
(45973,8.0)
(7682,8.0)
(45997,8.0)
(45997,8.0)
(7722,8.0)
(11378,8.0)
(16054,8.0)
(46009,8.0)
(46009,8.0)
(7794,8.0)
(15218,8.0)
(15230,8.0)
(15378,8.0)
(15382,8.0)
(17730,8.0)
(46073,8.0)
(46073,8.0)
(7834,8.0)
(7834,8.0)
(7834,8.0)
(17862,8.0)
(46161,8.0)
(46161,8.0)
(16158,8.0)
(17858,8.0)
(17862,8.0)
(17870,8.0)
(46169,8.0)
(46169,8.0)
(7950,8.0)
(7970,8.0)
(12494,8.0)
(46249,8.0)
(46249,8.0)
(7990,8.0)
(8114,8.0)
(17794,8.0)
(46337,8.0)
(46337,8.0)
(16854,8.0)
(16914,8.0)
(46353,8.0)
(46353,8.0)
(8206,8.0)
(9786,8.0)
(46365,8.0)
(46365,8.0)
(8274,8.0)
(8386,8.0)
(9306,8.0)
(8390,8.0)
(9262,8.0)
(46465,8.0)
(46465,8.0)
(15242,8.0)
(46477,8.0)
(46477,8.0)
(8510,8.0)
(46509,8.0)
(46509,8.0)
(8534,8.0)
(46525,8.0)
(46525,8.0)
(8534,8.0)
(8622,8.0)
(9758,8.0)
(13138,8.0)
(17602,8.0)
(18026,8.0)
(46601,8.0)
(46601,8.0)
(8886,8.0)
(8978,8.0)
(9118,8.0)
(46745,8.0)
(46745,8.0)
(10622,8.0)
(46753,8.0)
(46753,8.0)
(10034,8.0)
(46781,8.0)
(46781,8.0)
(9810,8.0)
(46801,8.0)
(46801,8.0)
(9342,8.0)
(9418,8.0)
(9718,8.0)
(9938,8.0)
(46993,8.0)
(46993,8.0)
(12770,8.0)
(47077,8.0)
(47077,8.0)
(11782,8.0)
(12770,8.0)
(17250,8.0)
(47085,8.0)
(47085,8.0)
(12770,8.0)
(17222,8.0)
(47101,8.0)
(47101,8.0)
(11818,8.0)
(47209,8.0)
(47209,8.0)
(16586,8.0)
(47225,8.0)
(47225,8.0)
(10906,8.0)
(10958,8.0)
(11002,8.0)
(47353,8.0)
(47353,8.0)
(11494,8.0)
(11522,8.0)
(14966,8.0)
(47441,8.0)
(47441,8.0)
(11522,8.0)
(14966,8.0)
(47445,8.0)
(47445,8.0)
(11522,8.0)
(47453,8.0)
(47453,8.0)
(11522,8.0)
(14966,8.0)
(47469,8.0)
(47469,8.0)
(11562,8.0)
(11590,8.0)
(47509,8.0)
(47509,8.0)
(11690,8.0)
(47553,8.0)
(47553,8.0)
(11698,8.0)
(47561,8.0)
(47561,8.0)
(11750,8.0)
(11846,8.0)
(14226,8.0)
(47589,8.0)
(47589,8.0)
(12006,8.0)
(12166,8.0)
(16270,8.0)
(47653,8.0)
(47653,8.0)
(12554,8.0)
(12614,8.0)
(47701,8.0)
(47701,8.0)
(12626,8.0)
(12626,8.0)
(17190,8.0)
(47733,8.0)
(47733,8.0)
(12770,8.0)
(12802,8.0)
(12870,8.0)
(12898,8.0)
(12902,8.0)
(12910,8.0)
(12918,8.0)
(12942,8.0)
(47801,8.0)
(47801,8.0)
(13006,8.0)
(13174,8.0)
(13234,8.0)
(15230,8.0)
(15382,8.0)
(47893,8.0)
(47893,8.0)
(13786,8.0)
(14206,8.0)
(17114,8.0)
(48029,8.0)
(48029,8.0)
(14474,8.0)
(14722,8.0)
(14722,8.0)
(14790,8.0)
(14790,8.0)
(16514,8.0)
(14790,8.0)
(14810,8.0)
(14810,8.0)
(14858,8.0)
(18106,8.0)
(48105,8.0)
(48105,8.0)
(15218,8.0)
(15230,8.0)
(15378,8.0)
(15382,8.0)
(48137,8.0)
(48137,8.0)
(15238,8.0)
(15242,8.0)
(15266,8.0)
(15342,8.0)
(15766,8.0)
(15890,8.0)
(16126,8.0)
(16250,8.0)
(16506,8.0)
(16562,8.0)
(16582,8.0)
(16582,8.0)
(16686,8.0)
(17406,8.0)
(48357,8.0)
(48357,8.0)
(16850,8.0)
(17050,8.0)
(17114,8.0)
(17186,8.0)
(17198,8.0)
(17234,8.0)
(17246,8.0)
(17234,8.0)
(48429,8.0)
(48429,8.0)
(17382,8.0)
(17466,8.0)
(17794,8.0)
(17802,8.0)
(17862,8.0)
