(4,0.0)
(10,0.0)
(14,0.0)
(18,0.0)
(22,0.0)
(24,0.0)
(28,0.0)
(34,0.0)
(38,0.0)
(40,0.0)
(46,0.0)
(48,0.0)
(54,0.0)
(58,0.0)
(60,0.0)
(64,0.0)
(68,0.0)
(72,0.0)
(76,0.0)
(82,0.0)
(84,0.0)
(90,0.0)
(94,0.0)
(96,0.0)
(100,0.0)
(104,0.0)
(110,0.0)
(114,0.0)
(118,0.0)
(122,0.0)
(124,0.0)
(128,0.0)
(132,0.0)
(138,0.0)
(142,0.0)
(146,0.0)
(148,0.0)
(154,0.0)
(156,0.0)
(162,0.0)
(166,0.0)
(170,0.0)
(174,0.0)
(176,0.0)
(182,0.0)
(184,0.0)
(188,0.0)
(194,0.0)
(196,0.0)
(202,0.0)
(204,0.0)
(210,0.0)
(212,0.0)
(216,0.0)
(222,0.0)
(224,0.0)
(228,0.0)
(232,0.0)
(238,0.0)
(242,0.0)
(246,0.0)
(248,0.0)
(254,0.0)
(256,0.0)
(262,0.0)
(264,0.0)
(270,0.0)
(274,0.0)
(278,0.0)
(280,0.0)
(286,0.0)
(288,0.0)
(294,0.0)
(296,0.0)
(302,0.0)
(304,0.0)
(308,0.0)
(314,0.0)
(316,0.0)
(322,0.0)
(324,0.0)
(328,0.0)
(332,0.0)
(336,0.0)
(340,0.0)
(346,0.0)
(350,0.0)
(352,0.0)
(358,0.0)
(360,0.0)
(364,0.0)
(368,0.0)
(372,0.0)
(378,0.0)
(380,0.0)
(384,0.0)
(388,0.0)
(392,0.0)
(398,0.0)
(402,0.0)
(404,0.0)
(408,0.0)
(412,0.0)
(418,0.0)
(422,0.0)
(426,0.0)
(428,0.0)
(434,0.0)
(436,0.0)
(440,0.0)
(444,0.0)
(450,0.0)
(452,0.0)
(456,0.0)
(462,0.0)
(466,0.0)
(470,0.0)
(472,0.0)
(478,0.0)
(480,0.0)
(486,0.0)
(490,0.0)
(494,0.0)
(498,0.0)
(502,0.0)
(506,0.0)
(510,0.0)
(514,0.0)
(518,0.0)
(522,0.0)
(524,0.0)
(530,0.0)
(534,0.0)
(536,0.0)
(542,0.0)
(544,0.0)
(550,0.0)
(554,0.0)
(556,0.0)
(560,0.0)
(566,0.0)
(568,0.0)
(574,0.0)
(578,0.0)
(582,0.0)
(584,0.0)
(588,0.0)
(592,0.0)
(598,0.0)
(600,0.0)
(606,0.0)
(608,0.0)
(614,0.0)
(616,0.0)
(622,0.0)
(624,0.0)
(630,0.0)
(634,0.0)
(638,0.0)
(642,0.0)
(644,0.0)
(648,0.0)
(652,0.0)
(658,0.0)
(660,0.0)
(666,0.0)
(668,0.0)
(672,0.0)
(676,0.0)
(680,0.0)
(684,0.0)
(690,0.0)
(692,0.0)
(698,0.0)
(702,0.0)
(706,0.0)
(710,0.0)
(714,0.0)
(716,0.0)
(720,0.0)
(726,0.0)
(730,0.0)
(732,0.0)
(738,0.0)
(742,0.0)
(744,0.0)
(750,0.0)
(752,0.0)
(758,0.0)
(762,0.0)
(766,0.0)
(770,0.0)
(774,0.0)
(776,0.0)
(780,0.0)
(786,0.0)
(790,0.0)
(792,0.0)
(798,0.0)
(800,0.0)
(804,0.0)
(810,0.0)
(814,0.0)
(818,0.0)
(820,0.0)
(824,0.0)
(828,0.0)
(832,0.0)
(836,0.0)
(840,0.0)
(844,0.0)
(850,0.0)
(854,0.0)
(858,0.0)
(860,0.0)
(864,0.0)
(870,0.0)
(872,0.0)
(878,0.0)
(880,0.0)
(886,0.0)
(888,0.0)
(894,0.0)
(896,0.0)
(900,0.0)
(906,0.0)
(910,0.0)
(912,0.0)
(916,0.0)
(922,0.0)
(924,0.0)
(928,0.0)
(932,0.0)
(938,0.0)
(942,0.0)
(946,0.0)
(948,0.0)
(952,0.0)
(958,0.0)
(960,0.0)
(964,0.0)
(970,0.0)
(974,0.0)
(976,0.0)
(980,0.0)
(984,0.0)
(988,0.0)
(994,0.0)
(996,0.0)
(1002,0.0)
(1006,0.0)
(1010,0.0)
(1012,0.0)
(1016,0.0)
(1022,0.0)
(1024,0.0)
(1028,0.0)
(1032,0.0)
(1036,0.0)
(1040,0.0)
(1046,0.0)
(1048,0.0)
(1052,0.0)
(1056,0.0)
(1060,0.0)
(1064,0.0)
(1070,0.0)
(1072,0.0)
(1076,0.0)
(1080,0.0)
(1084,0.0)
(1088,0.0)
(1094,0.0)
(1098,0.0)
(1100,0.0)
(1104,0.0)
(1110,0.0)
(1114,0.0)
(1118,0.0)
(1122,0.0)
(1124,0.0)
(1130,0.0)
(1132,0.0)
(1136,0.0)
(1142,0.0)
(1146,0.0)
(1150,0.0)
(1154,0.0)
(1156,0.0)
(1162,0.0)
(1166,0.0)
(1170,0.0)
(1172,0.0)
(1176,0.0)
(1182,0.0)
(1184,0.0)
(1188,0.0)
(1192,0.0)
(1196,0.0)
(1200,0.0)
(1204,0.0)
(1208,0.0)
(1212,0.0)
(1216,0.0)
(1222,0.0)
(1226,0.0)
(1228,0.0)
(1234,0.0)
(1236,0.0)
(1242,0.0)
(1244,0.0)
(1248,0.0)
(1252,0.0)
(1258,0.0)
(1262,0.0)
(1264,0.0)
(1268,0.0)
(1272,0.0)
(1278,0.0)
(1280,0.0)
(1286,0.0)
(1290,0.0)
(1292,0.0)
(1298,0.0)
(1302,0.0)
(1306,0.0)
(1310,0.0)
(1314,0.0)
(1316,0.0)
(1322,0.0)
(1326,0.0)
(1328,0.0)
(1334,0.0)
(1338,0.0)
(1340,0.0)
(1346,0.0)
(1348,0.0)
(1352,0.0)
(1356,0.0)
(1360,0.0)
(1364,0.0)
(1368,0.0)
(1374,0.0)
(1376,0.0)
(1382,0.0)
(1384,0.0)
(1388,0.0)
(1392,0.0)
(1396,0.0)
(1400,0.0)
(1404,0.0)
(1410,0.0)
(1414,0.0)
(1416,0.0)
(1422,0.0)
(1424,0.0)
(1428,0.0)
(1432,0.0)
(1438,0.0)
(1440,0.0)
(1444,0.0)
(1448,0.0)
(1452,0.0)
(1458,0.0)
(1462,0.0)
(1466,0.0)
(1468,0.0)
(1472,0.0)
(1478,0.0)
(1480,0.0)
(1484,0.0)
(1490,0.0)
(1494,0.0)
(1498,0.0)
(1500,0.0)
(1504,0.0)
(1510,0.0)
(1512,0.0)
(1516,0.0)
(1522,0.0)
(1524,0.0)
(1530,0.0)
(1534,0.0)
(1538,0.0)
(1542,0.0)
(1544,0.0)
(1550,0.0)
(1554,0.0)
(1556,0.0)
(1560,0.0)
(1566,0.0)
(1568,0.0)
(1572,0.0)
(1576,0.0)
(1580,0.0)
(1584,0.0)
(1590,0.0)
(1592,0.0)
(1596,0.0)
(1600,0.0)
(1606,0.0)
(1608,0.0)
(1612,0.0)
(1616,0.0)
(1620,0.0)
(1624,0.0)
(1628,0.0)
(1634,0.0)
(1636,0.0)
(1642,0.0)
(1646,0.0)
(1650,0.0)
(1652,0.0)
(1656,0.0)
(1660,0.0)
(1666,0.0)
(1668,0.0)
(1672,0.0)
(1678,0.0)
(1680,0.0)
(1684,0.0)
(1688,0.0)
(1694,0.0)
(1698,0.0)
(1700,0.0)
(1706,0.0)
(1710,0.0)
(1714,0.0)
(1718,0.0)
(1722,0.0)
(1724,0.0)
(1728,0.0)
(1734,0.0)
(1736,0.0)
(1740,0.0)
(1746,0.0)
(1748,0.0)
(1754,0.0)
(1758,0.0)
(1760,0.0)
(1764,0.0)
(1768,0.0)
(1774,0.0)
(1776,0.0)
(1780,0.0)
(1784,0.0)
(1790,0.0)
(1792,0.0)
(1796,0.0)
(1800,0.0)
(1804,0.0)
(1808,0.0)
(1814,0.0)
(1818,0.0)
(1822,0.0)
(1826,0.0)
(1828,0.0)
(1832,0.0)
(1838,0.0)
(1840,0.0)
(1846,0.0)
(1850,0.0)
(1852,0.0)
(1858,0.0)
(1862,0.0)
(1866,0.0)
(1868,0.0)
(1874,0.0)
(1876,0.0)
(1882,0.0)
(1886,0.0)
(1888,0.0)
(1894,0.0)
(1898,0.0)
(1900,0.0)
(1906,0.0)
(1910,0.0)
(1914,0.0)
(1918,0.0)
(1922,0.0)
(1924,0.0)
(1928,0.0)
(1934,0.0)
(1938,0.0)
(1942,0.0)
(1946,0.0)
(1948,0.0)
(1952,0.0)
(1958,0.0)
(1962,0.0)
(1964,0.0)
(1970,0.0)
(1972,0.0)
(1976,0.0)
(1980,0.0)
(1986,0.0)
(1990,0.0)
(1992,0.0)
(1996,0.0)
(2002,0.0)
(2004,0.0)
(2008,0.0)
(2014,0.0)
(2018,0.0)
(2022,0.0)
(2026,0.0)
(2030,0.0)
(2032,0.0)
(2038,0.0)
(2040,0.0)
(2046,0.0)
(2050,0.0)
(2052,0.0)
(2056,0.0)
(2060,0.0)
(2064,0.0)
(2070,0.0)
(2072,0.0)
(2076,0.0)
(2082,0.0)
(2084,0.0)
(2088,0.0)
(2092,0.0)
(2096,0.0)
(2100,0.0)
(2104,0.0)
(2108,0.0)
(2112,0.0)
(2116,0.0)
(2120,0.0)
(2126,0.0)
(2128,0.0)
(2132,0.0)
(2138,0.0)
(2140,0.0)
(2146,0.0)
(2148,0.0)
(2154,0.0)
(2158,0.0)
(2162,0.0)
(2166,0.0)
(2168,0.0)
(2172,0.0)
(2176,0.0)
(2182,0.0)
(2184,0.0)
(2188,0.0)
(2192,0.0)
(2198,0.0)
(2200,0.0)
(2206,0.0)
(2210,0.0)
(2212,0.0)
(2218,0.0)
(2222,0.0)
(2224,0.0)
(2230,0.0)
(2234,0.0)
(2236,0.0)
(2240,0.0)
(2244,0.0)
(2248,0.0)
(2252,0.0)
(2256,0.0)
(2262,0.0)
(2264,0.0)
(2268,0.0)
(2274,0.0)
(2278,0.0)
(2282,0.0)
(2286,0.0)
(2290,0.0)
(2292,0.0)
(2298,0.0)
(2302,0.0)
(2306,0.0)
(2308,0.0)
(2314,0.0)
(2318,0.0)
(2322,0.0)
(2326,0.0)
(2330,0.0)
(2332,0.0)
(2338,0.0)
(2340,0.0)
(2346,0.0)
(2350,0.0)
(2352,0.0)
(2358,0.0)
(2360,0.0)
(2364,0.0)
(2370,0.0)
(2372,0.0)
(2376,0.0)
(2382,0.0)
(2386,0.0)
(2390,0.0)
(2394,0.0)
(2396,0.0)
(2400,0.0)
(2406,0.0)
(2410,0.0)
(2414,0.0)
(2418,0.0)
(2422,0.0)
(2424,0.0)
(2428,0.0)
(2434,0.0)
(2438,0.0)
(2442,0.0)
(2444,0.0)
(2448,0.0)
(2452,0.0)
(2456,0.0)
(2462,0.0)
(2466,0.0)
(2470,0.0)
(2474,0.0)
(2478,0.0)
(2480,0.0)
(2486,0.0)
(2490,0.0)
(2494,0.0)
(2498,0.0)
(2502,0.0)
(2506,0.0)
(2508,0.0)
(2512,0.0)
(2516,0.0)
(2520,0.0)
(2526,0.0)
(2530,0.0)
(2532,0.0)
(2536,0.0)
(2540,0.0)
(2546,0.0)
(2550,0.0)
(2552,0.0)
(2556,0.0)
(2560,0.0)
(2564,0.0)
(2568,0.0)
(2574,0.0)
(2576,0.0)
(2580,0.0)
(2584,0.0)
(2590,0.0)
(2594,0.0)
(2598,0.0)
(2600,0.0)
(2604,0.0)
(2608,0.0)
(2614,0.0)
(2618,0.0)
(2622,0.0)
(2626,0.0)
(2628,0.0)
(2634,0.0)
(2638,0.0)
(2642,0.0)
(2644,0.0)
(2648,0.0)
(2652,0.0)
(2656,0.0)
(2662,0.0)
(2666,0.0)
(2670,0.0)
(2672,0.0)
(2678,0.0)
(2682,0.0)
(2684,0.0)
(2690,0.0)
(2694,0.0)
(2698,0.0)
(2700,0.0)
(2706,0.0)
(2708,0.0)
(2714,0.0)
(2716,0.0)
(2722,0.0)
(2724,0.0)
(2728,0.0)
(2732,0.0)
(2738,0.0)
(2740,0.0)
(2746,0.0)
(2748,0.0)
(2752,0.0)
(2758,0.0)
(2760,0.0)
(2766,0.0)
(2770,0.0)
(2772,0.0)
(2776,0.0)
(2782,0.0)
(2786,0.0)
(2790,0.0)
(2792,0.0)
(2798,0.0)
(2800,0.0)
(2806,0.0)
(2808,0.0)
(2812,0.0)
(2816,0.0)
(2822,0.0)
(2824,0.0)
(2830,0.0)
(2834,0.0)
(2838,0.0)
(2842,0.0)
(2846,0.0)
(2850,0.0)
(2852,0.0)
(2858,0.0)
(2862,0.0)
(2864,0.0)
(2868,0.0)
(2874,0.0)
(2876,0.0)
(2882,0.0)
(2886,0.0)
(2888,0.0)
(2892,0.0)
(2896,0.0)
(2900,0.0)
(2906,0.0)
(2910,0.0)
(2914,0.0)
(2918,0.0)
(2922,0.0)
(2926,0.0)
(2928,0.0)
(2934,0.0)
(2938,0.0)
(2940,0.0)
(2944,0.0)
(2950,0.0)
(2954,0.0)
(2956,0.0)
(2962,0.0)
(2966,0.0)
(2970,0.0)
(2972,0.0)
(2978,0.0)
(2980,0.0)
(2986,0.0)
(2990,0.0)
(2992,0.0)
(2998,0.0)
(3002,0.0)
(3004,0.0)
(3008,0.0)
(3014,0.0)
(3016,0.0)
(3020,0.0)
(3026,0.0)
(3028,0.0)
(3032,0.0)
(3036,0.0)
(3042,0.0)
(3046,0.0)
(3048,0.0)
(3052,0.0)
(3056,0.0)
(3062,0.0)
(3064,0.0)
(3068,0.0)
(3074,0.0)
(3076,0.0)
(3080,0.0)
(3084,0.0)
(3090,0.0)
(3094,0.0)
(3096,0.0)
(3100,0.0)
(3106,0.0)
(3108,0.0)
(3114,0.0)
(3116,0.0)
(3122,0.0)
(3124,0.0)
(3128,0.0)
(3134,0.0)
(3136,0.0)
(3140,0.0)
(3144,0.0)
(3150,0.0)
(3152,0.0)
(3156,0.0)
(3160,0.0)
(3164,0.0)
(3170,0.0)
(3172,0.0)
(3176,0.0)
(3182,0.0)
(3186,0.0)
(3188,0.0)
(3194,0.0)
(3196,0.0)
(3200,0.0)
(3204,0.0)
(3208,0.0)
(3214,0.0)
(3218,0.0)
(3222,0.0)
(3226,0.0)
(3230,0.0)
(3234,0.0)
(3236,0.0)
(3242,0.0)
(3244,0.0)
(3250,0.0)
(3254,0.0)
(3258,0.0)
(3262,0.0)
(3266,0.0)
(3270,0.0)
(3272,0.0)
(3276,0.0)
(3282,0.0)
(3284,0.0)
(3288,0.0)
(3292,0.0)
(3296,0.0)
(3300,0.0)
(3306,0.0)
(3308,0.0)
(3312,0.0)
(3318,0.0)
(3320,0.0)
(3326,0.0)
(3330,0.0)
(3334,0.0)
(3336,0.0)
(3340,0.0)
(3344,0.0)
(3348,0.0)
(3354,0.0)
(3358,0.0)
(3360,0.0)
(3364,0.0)
(3370,0.0)
(3374,0.0)
(3378,0.0)
(3380,0.0)
(3384,0.0)
(3390,0.0)
(3392,0.0)
(3398,0.0)
(3402,0.0)
(3406,0.0)
(3410,0.0)
(3414,0.0)
(3416,0.0)
(3420,0.0)
(3426,0.0)
(3430,0.0)
(3432,0.0)
(3438,0.0)
(3440,0.0)
(3444,0.0)
(3448,0.0)
(3454,0.0)
(3458,0.0)
(3462,0.0)
(3464,0.0)
(3470,0.0)
(3474,0.0)
(3478,0.0)
(3480,0.0)
(3486,0.0)
(3488,0.0)
(3494,0.0)
(3498,0.0)
(3502,0.0)
(3504,0.0)
(3510,0.0)
(3512,0.0)
(3516,0.0)
(3520,0.0)
(3526,0.0)
(3530,0.0)
(3532,0.0)
(3536,0.0)
(3542,0.0)
(3544,0.0)
(3550,0.0)
(3554,0.0)
(3556,0.0)
(3562,0.0)
(3566,0.0)
(3568,0.0)
(3574,0.0)
(3578,0.0)
(3580,0.0)
(3584,0.0)
(3590,0.0)
(3594,0.0)
(3598,0.0)
(3600,0.0)
(3604,0.0)
(3610,0.0)
(3612,0.0)
(3618,0.0)
(3620,0.0)
(3624,0.0)
(3630,0.0)
(3634,0.0)
(3636,0.0)
(3642,0.0)
(3644,0.0)
(3648,0.0)
(3654,0.0)
(3656,0.0)
(3660,0.0)
(3664,0.0)
(3668,0.0)
(3672,0.0)
(3678,0.0)
(3680,0.0)
(3686,0.0)
(3690,0.0)
(3692,0.0)
(3696,0.0)
(3700,0.0)
(3704,0.0)
(3710,0.0)
(3714,0.0)
(3716,0.0)
(3720,0.0)
(3726,0.0)
(3728,0.0)
(3734,0.0)
(3736,0.0)
(3742,0.0)
(3746,0.0)
(3748,0.0)
(3754,0.0)
(3758,0.0)
(3760,0.0)
(3764,0.0)
(3770,0.0)
(3772,0.0)
(3778,0.0)
(3782,0.0)
(3786,0.0)
(3788,0.0)
(3794,0.0)
(3798,0.0)
(3802,0.0)
(3806,0.0)
(3808,0.0)
(3812,0.0)
(3818,0.0)
(3820,0.0)
(3824,0.0)
(3828,0.0)
(3834,0.0)
(3838,0.0)
(3840,0.0)
(3844,0.0)
(3850,0.0)
(3852,0.0)
(3858,0.0)
(3862,0.0)
(3866,0.0)
(3870,0.0)
(3874,0.0)
(3876,0.0)
(3880,0.0)
(3886,0.0)
(3890,0.0)
(3894,0.0)
(3896,0.0)
(3900,0.0)
(3904,0.0)
(3910,0.0)
(3912,0.0)
(3918,0.0)
(3920,0.0)
(3924,0.0)
(3928,0.0)
(3932,0.0)
(3936,0.0)
(3942,0.0)
(3944,0.0)
(3950,0.0)
(3954,0.0)
(3956,0.0)
(3960,0.0)
(3966,0.0)
(3968,0.0)
(3974,0.0)
(3978,0.0)
(3982,0.0)
(3984,0.0)
(3990,0.0)
(3992,0.0)
(3998,0.0)
(4002,0.0)
(4004,0.0)
(4010,0.0)
(4012,0.0)
(4018,0.0)
(4022,0.0)
(4026,0.0)
(4030,0.0)
(4032,0.0)
(4038,0.0)
(4040,0.0)
(4044,0.0)
(4050,0.0)
(4052,0.0)
(4056,0.0)
(4060,0.0)
(4064,0.0)
(4068,0.0)
(4074,0.0)
(4078,0.0)
(4080,0.0)
(4086,0.0)
(4090,0.0)
(4092,0.0)
(4098,0.0)
(4100,0.0)
(4104,0.0)
(4110,0.0)
(4114,0.0)
(4116,0.0)
(4122,0.0)
(4126,0.0)
(4130,0.0)
(4132,0.0)
(4138,0.0)
(4140,0.0)
(4146,0.0)
(4148,0.0)
(4152,0.0)
(4158,0.0)
(4160,0.0)
(4164,0.0)
(4170,0.0)
(4174,0.0)
(4178,0.0)
(4182,0.0)
(4186,0.0)
(4190,0.0)
(4194,0.0)
(4196,0.0)
(4200,0.0)
(4204,0.0)
(4208,0.0)
(4214,0.0)
(4216,0.0)
(4222,0.0)
(4224,0.0)
(4228,0.0)
(4232,0.0)
(4238,0.0)
(4242,0.0)
(4246,0.0)
(4248,0.0)
(4252,0.0)
(4258,0.0)
(4260,0.0)
(4264,0.0)
(4268,0.0)
(4272,0.0)
(4276,0.0)
(4282,0.0)
(4284,0.0)
(4290,0.0)
(4292,0.0)
(4296,0.0)
(4300,0.0)
(4306,0.0)
(4310,0.0)
(4314,0.0)
(4318,0.0)
(4320,0.0)
(4326,0.0)
(4330,0.0)
(4332,0.0)
(4338,0.0)
(4342,0.0)
(4346,0.0)
(4350,0.0)
(4352,0.0)
(4358,0.0)
(4360,0.0)
(4366,0.0)
(4370,0.0)
(4374,0.0)
(4378,0.0)
(4380,0.0)
(4386,0.0)
(4390,0.0)
(4394,0.0)
(4398,0.0)
(4400,0.0)
(4404,0.0)
(4408,0.0)
(4414,0.0)
(4418,0.0)
(4420,0.0)
(4426,0.0)
(4428,0.0)
(4434,0.0)
(4436,0.0)
(4442,0.0)
(4446,0.0)
(4450,0.0)
(4452,0.0)
(4458,0.0)
(4460,0.0)
(4464,0.0)
(4468,0.0)
(4474,0.0)
(4476,0.0)
(4480,0.0)
(4484,0.0)
(4490,0.0)
(4494,0.0)
(4498,0.0)
(4500,0.0)
(4506,0.0)
(4508,0.0)
(4514,0.0)
(4516,0.0)
(4522,0.0)
(4526,0.0)
(4530,0.0)
(4534,0.0)
(4536,0.0)
(4540,0.0)
(4546,0.0)
(4550,0.0)
(4552,0.0)
(4558,0.0)
(4562,0.0)
(4564,0.0)
(4568,0.0)
(4574,0.0)
(4576,0.0)
(4580,0.0)
(4586,0.0)
(4588,0.0)
(4592,0.0)
(4598,0.0)
(4600,0.0)
(4604,0.0)
(4610,0.0)
(4614,0.0)
(4618,0.0)
(4620,0.0)
(4626,0.0)
(4630,0.0)
(4632,0.0)
(4638,0.0)
(4642,0.0)
(4646,0.0)
(4648,0.0)
(4652,0.0)
(4658,0.0)
(4662,0.0)
(4664,0.0)
(4668,0.0)
(4672,0.0)
(4678,0.0)
(4682,0.0)
(4684,0.0)
(4690,0.0)
(4692,0.0)
(4698,0.0)
(4702,0.0)
(4704,0.0)
(4708,0.0)
(4712,0.0)
(4716,0.0)
(4722,0.0)
(4724,0.0)
(4730,0.0)
(4732,0.0)
(4736,0.0)
(4740,0.0)
(4744,0.0)
(4750,0.0)
(4754,0.0)
(4756,0.0)
(4760,0.0)
(4766,0.0)
(4768,0.0)
(4774,0.0)
(4778,0.0)
(4782,0.0)
(4784,0.0)
(4788,0.0)
(4794,0.0)
(4796,0.0)
(4802,0.0)
(4806,0.0)
(4808,0.0)
(4812,0.0)
(4818,0.0)
(4822,0.0)
(4826,0.0)
(4830,0.0)
(4832,0.0)
(4838,0.0)
(4842,0.0)
(4846,0.0)
(4848,0.0)
(4852,0.0)
(4856,0.0)
(4860,0.0)
(4866,0.0)
(4868,0.0)
(4874,0.0)
(4876,0.0)
(4882,0.0)
(4884,0.0)
(4890,0.0)
(4894,0.0)
(4898,0.0)
(4902,0.0)
(4904,0.0)
(4910,0.0)
(4914,0.0)
(4918,0.0)
(4922,0.0)
(4924,0.0)
(4928,0.0)
(4932,0.0)
(4936,0.0)
(4942,0.0)
(4946,0.0)
(4950,0.0)
(4952,0.0)
(4958,0.0)
(4962,0.0)
(4964,0.0)
(4970,0.0)
(4974,0.0)
(4976,0.0)
(4982,0.0)
(4986,0.0)
(4990,0.0)
(4994,0.0)
(4996,0.0)
(5000,0.0)
(5004,0.0)
(5008,0.0)
(5014,0.0)
(5018,0.0)
(5022,0.0)
(5024,0.0)
(5030,0.0)
(5032,0.0)
(5038,0.0)
(5042,0.0)
(5044,0.0)
(5050,0.0)
(5054,0.0)
(5056,0.0)
(5062,0.0)
(5066,0.0)
(5070,0.0)
(5074,0.0)
(5078,0.0)
(5082,0.0)
(5084,0.0)
(5090,0.0)
(5092,0.0)
(5098,0.0)
(5100,0.0)
(5106,0.0)
(5108,0.0)
(5114,0.0)
(5116,0.0)
(5120,0.0)
(5126,0.0)
(5130,0.0)
(5134,0.0)
(5138,0.0)
(5140,0.0)
(5144,0.0)
(5150,0.0)
(5152,0.0)
(5158,0.0)
(5162,0.0)
(5166,0.0)
(5170,0.0)
(5172,0.0)
(5176,0.0)
(5182,0.0)
(5184,0.0)
(5190,0.0)
(5192,0.0)
(5198,0.0)
(5202,0.0)
(5206,0.0)
(5210,0.0)
(5212,0.0)
(5218,0.0)
(5220,0.0)
(5224,0.0)
(5228,0.0)
(5232,0.0)
(5236,0.0)
(5242,0.0)
(5244,0.0)
(5250,0.0)
(5252,0.0)
(5258,0.0)
(5260,0.0)
(5264,0.0)
(5268,0.0)
(5272,0.0)
(5276,0.0)
(5282,0.0)
(5286,0.0)
(5290,0.0)
(5292,0.0)
(5298,0.0)
(5300,0.0)
(5306,0.0)
(5310,0.0)
(5314,0.0)
(5318,0.0)
(5320,0.0)
(5324,0.0)
(5330,0.0)
(5334,0.0)
(5338,0.0)
(5340,0.0)
(5346,0.0)
(5350,0.0)
(5354,0.0)
(5358,0.0)
(5362,0.0)
(5364,0.0)
(5368,0.0)
(5374,0.0)
(5376,0.0)
(5382,0.0)
(5386,0.0)
(5388,0.0)
(5394,0.0)
(5398,0.0)
(5402,0.0)
(5404,0.0)
(5408,0.0)
(5412,0.0)
(5416,0.0)
(5420,0.0)
(5424,0.0)
(5430,0.0)
(5434,0.0)
(5436,0.0)
(5442,0.0)
(5444,0.0)
(5448,0.0)
(5452,0.0)
(5458,0.0)
(5462,0.0)
(5464,0.0)
(5470,0.0)
(5474,0.0)
(5478,0.0)
(5480,0.0)
(5484,0.0)
(5490,0.0)
(5492,0.0)
(5498,0.0)
(5502,0.0)
(5504,0.0)
(5510,0.0)
(5512,0.0)
(5518,0.0)
(5520,0.0)
(5526,0.0)
(5528,0.0)
(5534,0.0)
(5538,0.0)
(5540,0.0)
(5546,0.0)
(5548,0.0)
(5552,0.0)
(5556,0.0)
(5560,0.0)
(5566,0.0)
(5568,0.0)
(5572,0.0)
(5578,0.0)
(5580,0.0)
(5584,0.0)
(5590,0.0)
(5594,0.0)
(5598,0.0)
(5602,0.0)
(5606,0.0)
(5610,0.0)
(5612,0.0)
(5616,0.0)
(5622,0.0)
(5624,0.0)
(5628,0.0)
(5632,0.0)
(5636,0.0)
(5642,0.0)
(5644,0.0)
(5650,0.0)
(5654,0.0)
(5658,0.0)
(5660,0.0)
(5664,0.0)
(5668,0.0)
(5672,0.0)
(5676,0.0)
(5682,0.0)
(5684,0.0)
(5690,0.0)
(5694,0.0)
(5698,0.0)
(5700,0.0)
(5706,0.0)
(5710,0.0)
(5714,0.0)
(5716,0.0)
(5720,0.0)
(5724,0.0)
(5728,0.0)
(5734,0.0)
(5738,0.0)
(5740,0.0)
(5744,0.0)
(5750,0.0)
(5752,0.0)
(5756,0.0)
(5762,0.0)
(5766,0.0)
(5770,0.0)
(5772,0.0)
(5778,0.0)
(5780,0.0)
(5784,0.0)
(5790,0.0)
(5794,0.0)
(5798,0.0)
(5802,0.0)
(5804,0.0)
(5810,0.0)
(5812,0.0)
(5818,0.0)
(5820,0.0)
(5824,0.0)
(5830,0.0)
(5834,0.0)
(5838,0.0)
(5842,0.0)
(5846,0.0)
(5848,0.0)
(5854,0.0)
(5858,0.0)
(5862,0.0)
(5866,0.0)
(5870,0.0)
(5872,0.0)
(5878,0.0)
(5880,0.0)
(5886,0.0)
(5890,0.0)
(5894,0.0)
(5898,0.0)
(5900,0.0)
(5906,0.0)
(5910,0.0)
(5914,0.0)
(5916,0.0)
(5920,0.0)
(5924,0.0)
(5928,0.0)
(5932,0.0)
(5936,0.0)
(5940,0.0)
(5944,0.0)
(5948,0.0)
(5954,0.0)
(5956,0.0)
(5962,0.0)
(5964,0.0)
(5970,0.0)
(5974,0.0)
(5976,0.0)
(5980,0.0)
(5984,0.0)
(5990,0.0)
(5992,0.0)
(5996,0.0)
(6002,0.0)
(6004,0.0)
(6010,0.0)
(6012,0.0)
(6018,0.0)
(6020,0.0)
(6024,0.0)
(6028,0.0)
(6032,0.0)
(6038,0.0)
(6042,0.0)
(6044,0.0)
(6050,0.0)
(6054,0.0)
(6056,0.0)
(6062,0.0)
(6066,0.0)
(6070,0.0)
(6074,0.0)
(6076,0.0)
(6082,0.0)
(6084,0.0)
(6090,0.0)
(6092,0.0)
(6096,0.0)
(6102,0.0)
(6106,0.0)
(6108,0.0)
(6112,0.0)
(6118,0.0)
(6122,0.0)
(6126,0.0)
(6130,0.0)
(6132,0.0)
(6138,0.0)
(6140,0.0)
(6146,0.0)
(6150,0.0)
(6152,0.0)
(6158,0.0)
(6160,0.0)
(6166,0.0)
(6170,0.0)
(6174,0.0)
(6178,0.0)
(6180,0.0)
(6184,0.0)
(6188,0.0)
(6194,0.0)
(6198,0.0)
(6202,0.0)
(6204,0.0)
(6208,0.0)
(6212,0.0)
(6216,0.0)
(6220,0.0)
(6226,0.0)
(6230,0.0)
(6232,0.0)
(6238,0.0)
(6240,0.0)
(6246,0.0)
(6250,0.0)
(6254,0.0)
(6256,0.0)
(6260,0.0)
(6266,0.0)
(6270,0.0)
(6272,0.0)
(6276,0.0)
(6280,0.0)
(6284,0.0)
(6290,0.0)
(6294,0.0)
(6296,0.0)
(6300,0.0)
(6306,0.0)
(6308,0.0)
(6314,0.0)
(6316,0.0)
(6320,0.0)
(6324,0.0)
(6328,0.0)
(6332,0.0)
(6336,0.0)
(6342,0.0)
(6344,0.0)
(6350,0.0)
(6352,0.0)
(6356,0.0)
(6360,0.0)
(6366,0.0)
(6368,0.0)
(6374,0.0)
(6376,0.0)
(6380,0.0)
(6384,0.0)
(6388,0.0)
(6394,0.0)
(6396,0.0)
(6400,0.0)
(6406,0.0)
(6408,0.0)
(6414,0.0)
(6416,0.0)
(6420,0.0)
(6424,0.0)
(6428,0.0)
(6434,0.0)
(6438,0.0)
(6440,0.0)
(6446,0.0)
(6450,0.0)
(6454,0.0)
(6458,0.0)
(6462,0.0)
(6464,0.0)
(6470,0.0)
(6472,0.0)
(6476,0.0)
(6482,0.0)
(6484,0.0)
(6490,0.0)
(6494,0.0)
(6496,0.0)
(6500,0.0)
(6506,0.0)
(6508,0.0)
(6512,0.0)
(6516,0.0)
(6520,0.0)
(6524,0.0)
(6530,0.0)
(6532,0.0)
(6538,0.0)
(6540,0.0)
(6546,0.0)
(6550,0.0)
(6552,0.0)
(6556,0.0)
(6560,0.0)
(6564,0.0)
(6570,0.0)
(6574,0.0)
(6578,0.0)
(6580,0.0)
(6584,0.0)
(6590,0.0)
(6594,0.0)
(6596,0.0)
(6600,0.0)
(6604,0.0)
(6610,0.0)
(6614,0.0)
(6616,0.0)
(6622,0.0)
(6626,0.0)
(6630,0.0)
(6634,0.0)
(6638,0.0)
(6640,0.0)
(6646,0.0)
(6650,0.0)
(6654,0.0)
(6658,0.0)
(6662,0.0)
(6666,0.0)
(6668,0.0)
(6672,0.0)
(6678,0.0)
(6680,0.0)
(6686,0.0)
(6688,0.0)
(6694,0.0)
(6696,0.0)
(6702,0.0)
(6706,0.0)
(6710,0.0)
(6714,0.0)
(6716,0.0)
(6722,0.0)
(6726,0.0)
(6730,0.0)
(6732,0.0)
(6736,0.0)
(6742,0.0)
(6746,0.0)
(6748,0.0)
(6752,0.0)
(6756,0.0)
(6762,0.0)
(6764,0.0)
(6770,0.0)
(6774,0.0)
(6776,0.0)
(6782,0.0)
(6784,0.0)
(6790,0.0)
(6794,0.0)
(6796,0.0)
(6802,0.0)
(6804,0.0)
(6810,0.0)
(6814,0.0)
(6818,0.0)
(6820,0.0)
(6824,0.0)
(6830,0.0)
(6834,0.0)
(6838,0.0)
(6842,0.0)
(6844,0.0)
(6848,0.0)
(6852,0.0)
(6858,0.0)
(6862,0.0)
(6866,0.0)
(6868,0.0)
(6874,0.0)
(6876,0.0)
(6882,0.0)
(6884,0.0)
(6888,0.0)
(6892,0.0)
(6898,0.0)
(6900,0.0)
(6906,0.0)
(6910,0.0)
(6912,0.0)
(6918,0.0)
(6920,0.0)
(6926,0.0)
(6930,0.0)
(6934,0.0)
(6936,0.0)
(6940,0.0)
(6946,0.0)
(6948,0.0)
(6954,0.0)
(6956,0.0)
(6960,0.0)
(6966,0.0)
(6970,0.0)
(6972,0.0)
(6978,0.0)
(6980,0.0)
(6986,0.0)
(6990,0.0)
(6992,0.0)
(6996,0.0)
(7002,0.0)
(7006,0.0)
(7010,0.0)
(7014,0.0)
(7016,0.0)
(7020,0.0)
(7024,0.0)
(7030,0.0)
(7032,0.0)
(7036,0.0)
(7040,0.0)
(7044,0.0)
(7050,0.0)
(7054,0.0)
(7058,0.0)
(7062,0.0)
(7064,0.0)
(7070,0.0)
(7074,0.0)
(7078,0.0)
(7082,0.0)
(7086,0.0)
(7088,0.0)
(7092,0.0)
(7096,0.0)
(7100,0.0)
(7104,0.0)
(7110,0.0)
(7114,0.0)
(7118,0.0)
(7120,0.0)
(7124,0.0)
(7128,0.0)
(7134,0.0)
(7138,0.0)
(7140,0.0)
(7146,0.0)
(7150,0.0)
(7152,0.0)
(7158,0.0)
(7162,0.0)
(7164,0.0)
(7170,0.0)
(7172,0.0)
(7176,0.0)
(7182,0.0)
(7186,0.0)
(7188,0.0)
(7192,0.0)
(7198,0.0)
(7202,0.0)
(7206,0.0)
(7208,0.0)
(7212,0.0)
(7216,0.0)
(7220,0.0)
(7224,0.0)
(7228,0.0)
(7232,0.0)
(7238,0.0)
(7242,0.0)
(7244,0.0)
(7250,0.0)
(7252,0.0)
(7258,0.0)
(7260,0.0)
(7264,0.0)
(7268,0.0)
(7272,0.0)
(7276,0.0)
(7280,0.0)
(7286,0.0)
(7290,0.0)
(7294,0.0)
(7296,0.0)
(7302,0.0)
(7304,0.0)
(7310,0.0)
(7314,0.0)
(7316,0.0)
(7320,0.0)
(7324,0.0)
(7328,0.0)
(7334,0.0)
(7336,0.0)
(7340,0.0)
(7346,0.0)
(7348,0.0)
(7352,0.0)
(7358,0.0)
(7362,0.0)
(7364,0.0)
(7370,0.0)
(7372,0.0)
(7376,0.0)
(7380,0.0)
(7386,0.0)
(7388,0.0)
(7394,0.0)
(7398,0.0)
(7402,0.0)
(7406,0.0)
(7408,0.0)
(7412,0.0)
(7416,0.0)
(7420,0.0)
(7426,0.0)
(7430,0.0)
(7432,0.0)
(7436,0.0)
(7442,0.0)
(7444,0.0)
(7448,0.0)
(7454,0.0)
(7458,0.0)
(7462,0.0)
(7466,0.0)
(7470,0.0)
(7474,0.0)
(7476,0.0)
(7480,0.0)
(7486,0.0)
(7488,0.0)
(7492,0.0)
(7498,0.0)
(7500,0.0)
(7504,0.0)
(7508,0.0)
(7512,0.0)
(7518,0.0)
(7522,0.0)
(7526,0.0)
(7528,0.0)
(7532,0.0)
(7538,0.0)
(7542,0.0)
(7544,0.0)
(7548,0.0)
(7552,0.0)
(7556,0.0)
(7560,0.0)
(7566,0.0)
(7570,0.0)
(7574,0.0)
(7578,0.0)
(7580,0.0)
(7584,0.0)
(7588,0.0)
(7594,0.0)
(7598,0.0)
(7600,0.0)
(7604,0.0)
(7608,0.0)
(7612,0.0)
(7616,0.0)
(7620,0.0)
(7624,0.0)
(7628,0.0)
(7632,0.0)
(7638,0.0)
(7640,0.0)
(7644,0.0)
(7648,0.0)
(7652,0.0)
(7656,0.0)
(7660,0.0)
(7666,0.0)
(7668,0.0)
(7672,0.0)
(7678,0.0)
(7682,0.0)
(7686,0.0)
(7690,0.0)
(7692,0.0)
(7696,0.0)
(7700,0.0)
(7704,0.0)
(7708,0.0)
(7712,0.0)
(7716,0.0)
(7722,0.0)
(7726,0.0)
(7728,0.0)
(7732,0.0)
(7738,0.0)
(7740,0.0)
(7744,0.0)
(7748,0.0)
(7752,0.0)
(7756,0.0)
(7762,0.0)
(7764,0.0)
(7768,0.0)
(7774,0.0)
(7778,0.0)
(7780,0.0)
(7786,0.0)
(7788,0.0)
(7794,0.0)
(7796,0.0)
(7800,0.0)
(7804,0.0)
(7810,0.0)
(7814,0.0)
(7816,0.0)
(7822,0.0)
(7826,0.0)
(7828,0.0)
(7834,0.0)
(7838,0.0)
(7840,0.0)
(7844,0.0)
(7848,0.0)
(7852,0.0)
(7856,0.0)
(7860,0.0)
(7864,0.0)
(7868,0.0)
(7872,0.0)
(7878,0.0)
(7882,0.0)
(7886,0.0)
(7890,0.0)
(7894,0.0)
(7896,0.0)
(7900,0.0)
(7904,0.0)
(7908,0.0)
(7914,0.0)
(7918,0.0)
(7920,0.0)
(7926,0.0)
(7930,0.0)
(7934,0.0)
(7936,0.0)
(7942,0.0)
(7944,0.0)
(7950,0.0)
(7954,0.0)
(7958,0.0)
(7960,0.0)
(7964,0.0)
(7970,0.0)
(7974,0.0)
(7976,0.0)
(7980,0.0)
(7986,0.0)
(7990,0.0)
(7992,0.0)
(7998,0.0)
(8000,0.0)
(8006,0.0)
(8008,0.0)
(8014,0.0)
(8018,0.0)
(8020,0.0)
(8024,0.0)
(8030,0.0)
(8032,0.0)
(8038,0.0)
(8040,0.0)
(8044,0.0)
(8048,0.0)
(8054,0.0)
(8058,0.0)
(8060,0.0)
(8064,0.0)
(8070,0.0)
(8074,0.0)
(8078,0.0)
(8080,0.0)
(8086,0.0)
(8090,0.0)
(8092,0.0)
(8096,0.0)
(8100,0.0)
(8104,0.0)
(8110,0.0)
(8114,0.0)
(8116,0.0)
(8120,0.0)
(8126,0.0)
(8128,0.0)
(8132,0.0)
(8136,0.0)
(8142,0.0)
(8146,0.0)
(8148,0.0)
(8152,0.0)
(8158,0.0)
(8162,0.0)
(8164,0.0)
(8168,0.0)
(8174,0.0)
(8178,0.0)
(8182,0.0)
(8186,0.0)
(8190,0.0)
(8194,0.0)
(8196,0.0)
(8200,0.0)
(8206,0.0)
(8208,0.0)
(8212,0.0)
(8218,0.0)
(8220,0.0)
(8224,0.0)
(8230,0.0)
(8232,0.0)
(8238,0.0)
(8240,0.0)
(8244,0.0)
(8248,0.0)
(8252,0.0)
(8258,0.0)
(8260,0.0)
(8266,0.0)
(8268,0.0)
(8274,0.0)
(8278,0.0)
(8282,0.0)
(8284,0.0)
(8290,0.0)
(8294,0.0)
(8296,0.0)
(8300,0.0)
(8306,0.0)
(8310,0.0)
(8314,0.0)
(8316,0.0)
(8320,0.0)
(8326,0.0)
(8330,0.0)
(8332,0.0)
(8338,0.0)
(8342,0.0)
(8344,0.0)
(8350,0.0)
(8352,0.0)
(8356,0.0)
(8360,0.0)
(8364,0.0)
(8370,0.0)
(8372,0.0)
(8376,0.0)
(8380,0.0)
(8386,0.0)
(8390,0.0)
(8392,0.0)
(8396,0.0)
(8400,0.0)
(8406,0.0)
(8408,0.0)
(8414,0.0)
(8418,0.0)
(8420,0.0)
(8426,0.0)
(8428,0.0)
(8432,0.0)
(8436,0.0)
(8440,0.0)
(8444,0.0)
(8448,0.0)
(8454,0.0)
(8456,0.0)
(8462,0.0)
(8464,0.0)
(8468,0.0)
(8474,0.0)
(8478,0.0)
(8482,0.0)
(8486,0.0)
(8490,0.0)
(8492,0.0)
(8496,0.0)
(8500,0.0)
(8504,0.0)
(8510,0.0)
(8514,0.0)
(8516,0.0)
(8522,0.0)
(8524,0.0)
(8530,0.0)
(8534,0.0)
(8538,0.0)
(8540,0.0)
(8544,0.0)
(8550,0.0)
(8552,0.0)
(8556,0.0)
(8562,0.0)
(8564,0.0)
(8568,0.0)
(8574,0.0)
(8576,0.0)
(8580,0.0)
(8586,0.0)
(8588,0.0)
(8592,0.0)
(8596,0.0)
(8602,0.0)
(8606,0.0)
(8610,0.0)
(8614,0.0)
(8618,0.0)
(8622,0.0)
(8626,0.0)
(8630,0.0)
(8632,0.0)
(8636,0.0)
(8642,0.0)
(8646,0.0)
(8648,0.0)
(8654,0.0)
(8658,0.0)
(8660,0.0)
(8666,0.0)
(8670,0.0)
(8674,0.0)
(8676,0.0)
(8682,0.0)
(8684,0.0)
(8688,0.0)
(8694,0.0)
(8696,0.0)
(8700,0.0)
(8706,0.0)
(8710,0.0)
(8714,0.0)
(8718,0.0)
(8722,0.0)
(8724,0.0)
(8730,0.0)
(8732,0.0)
(8738,0.0)
(8740,0.0)
(8744,0.0)
(8748,0.0)
(8752,0.0)
(8756,0.0)
(8762,0.0)
(8766,0.0)
(8768,0.0)
(8774,0.0)
(8776,0.0)
(8782,0.0)
(8786,0.0)
(8788,0.0)
(8792,0.0)
(8796,0.0)
(8800,0.0)
(8806,0.0)
(8810,0.0)
(8812,0.0)
(8816,0.0)
(8822,0.0)
(8826,0.0)
(8830,0.0)
(8832,0.0)
(8836,0.0)
(8840,0.0)
(8846,0.0)
(8848,0.0)
(8854,0.0)
(8858,0.0)
(8860,0.0)
(8864,0.0)
(8870,0.0)
(8872,0.0)
(8876,0.0)
(8880,0.0)
(8886,0.0)
(8890,0.0)
(8892,0.0)
(8898,0.0)
(8900,0.0)
(8906,0.0)
(8908,0.0)
(8912,0.0)
(8918,0.0)
(8922,0.0)
(8924,0.0)
(8928,0.0)
(8932,0.0)
(8936,0.0)
(8940,0.0)
(8946,0.0)
(8950,0.0)
(8954,0.0)
(8958,0.0)
(8962,0.0)
(8966,0.0)
(8968,0.0)
(8972,0.0)
(8978,0.0)
(8982,0.0)
(8984,0.0)
(8990,0.0)
(8994,0.0)
(8996,0.0)
(9002,0.0)
(9006,0.0)
(9008,0.0)
(9012,0.0)
(9018,0.0)
(9022,0.0)
(9024,0.0)
(9028,0.0)
(9034,0.0)
(9036,0.0)
(9042,0.0)
(9044,0.0)
(9048,0.0)
(9054,0.0)
(9056,0.0)
(9062,0.0)
(9066,0.0)
(9070,0.0)
(9072,0.0)
(9076,0.0)
(9080,0.0)
(9084,0.0)
(9090,0.0)
(9092,0.0)
(9096,0.0)
(9100,0.0)
(9104,0.0)
(9108,0.0)
(9114,0.0)
(9118,0.0)
(9120,0.0)
(9124,0.0)
(9128,0.0)
(9132,0.0)
(9138,0.0)
(9142,0.0)
(9146,0.0)
(9150,0.0)
(9154,0.0)
(9158,0.0)
(9160,0.0)
(9164,0.0)
(9170,0.0)
(9172,0.0)
(9178,0.0)
(9180,0.0)
(9186,0.0)
(9188,0.0)
(9194,0.0)
(9196,0.0)
(9200,0.0)
(9204,0.0)
(9208,0.0)
(9214,0.0)
(9216,0.0)
(9220,0.0)
(9224,0.0)
(9228,0.0)
(9232,0.0)
(9238,0.0)
(9242,0.0)
(9244,0.0)
(9248,0.0)
(9254,0.0)
(9258,0.0)
(9262,0.0)
(9264,0.0)
(9268,0.0)
(9272,0.0)
(9278,0.0)
(9282,0.0)
(9284,0.0)
(9290,0.0)
(9294,0.0)
(9298,0.0)
(9300,0.0)
(9306,0.0)
(9308,0.0)
(9312,0.0)
(9316,0.0)
(9320,0.0)
(9324,0.0)
(9328,0.0)
(9332,0.0)
(9336,0.0)
(9342,0.0)
(9344,0.0)
(9348,0.0)
(9354,0.0)
(9356,0.0)
(9362,0.0)
(9366,0.0)
(9370,0.0)
(9374,0.0)
(9376,0.0)
(9380,0.0)
(9384,0.0)
(9390,0.0)
(9392,0.0)
(9398,0.0)
(9400,0.0)
(9404,0.0)
(9410,0.0)
(9412,0.0)
(9418,0.0)
(9420,0.0)
(9424,0.0)
(9428,0.0)
(9434,0.0)
(9438,0.0)
(9440,0.0)
(9446,0.0)
(9450,0.0)
(9454,0.0)
(9456,0.0)
(9462,0.0)
(9464,0.0)
(9468,0.0)
(9474,0.0)
(9478,0.0)
(9482,0.0)
(9486,0.0)
(9488,0.0)
(9492,0.0)
(9496,0.0)
(9502,0.0)
(9504,0.0)
(9510,0.0)
(9512,0.0)
(9516,0.0)
(9520,0.0)
(9524,0.0)
(9528,0.0)
(9534,0.0)
(9536,0.0)
(9542,0.0)
(9544,0.0)
(9550,0.0)
(9554,0.0)
(9558,0.0)
(9560,0.0)
(9564,0.0)
(9568,0.0)
(9574,0.0)
(9578,0.0)
(9580,0.0)
(9586,0.0)
(9590,0.0)
(9594,0.0)
(9596,0.0)
(9600,0.0)
(9604,0.0)
(9610,0.0)
(9614,0.0)
(9616,0.0)
(9620,0.0)
(9624,0.0)
(9628,0.0)
(9634,0.0)
(9636,0.0)
(9640,0.0)
(9646,0.0)
(9648,0.0)
(9654,0.0)
(9656,0.0)
(9662,0.0)
(9664,0.0)
(9668,0.0)
(9672,0.0)
(9676,0.0)
(9682,0.0)
(9684,0.0)
(9688,0.0)
(9692,0.0)
(9698,0.0)
(9702,0.0)
(9704,0.0)
(9708,0.0)
(9712,0.0)
(9718,0.0)
(9722,0.0)
(9724,0.0)
(9730,0.0)
(9732,0.0)
(9738,0.0)
(9742,0.0)
(9744,0.0)
(9750,0.0)
(9754,0.0)
(9758,0.0)
(9762,0.0)
(9764,0.0)
(9768,0.0)
(9772,0.0)
(9778,0.0)
(9782,0.0)
(9786,0.0)
(9790,0.0)
(9794,0.0)
(9798,0.0)
(9802,0.0)
(9806,0.0)
(9810,0.0)
(9814,0.0)
(9818,0.0)
(9820,0.0)
(9824,0.0)
(9830,0.0)
(9834,0.0)
(9836,0.0)
(9842,0.0)
(9844,0.0)
(9850,0.0)
(9852,0.0)
(9856,0.0)
(9860,0.0)
(9864,0.0)
(9870,0.0)
(9872,0.0)
(9878,0.0)
(9880,0.0)
(9886,0.0)
(9890,0.0)
(9894,0.0)
(9898,0.0)
(9900,0.0)
(9904,0.0)
(9908,0.0)
(9912,0.0)
(9918,0.0)
(9922,0.0)
(9926,0.0)
(9928,0.0)
(9932,0.0)
(9938,0.0)
(9942,0.0)
(9946,0.0)
(9950,0.0)
(9954,0.0)
(9956,0.0)
(9960,0.0)
(9964,0.0)
(9968,0.0)
(9974,0.0)
(9976,0.0)
(9980,0.0)
(9986,0.0)
(9988,0.0)
(9994,0.0)
(9998,0.0)
(10000,0.0)
(10004,0.0)
(10010,0.0)
(10014,0.0)
(10018,0.0)
(10020,0.0)
(10024,0.0)
(10030,0.0)
(10034,0.0)
(10036,0.0)
(10040,0.0)
(10044,0.0)
(10050,0.0)
(10054,0.0)
(10058,0.0)
(10060,0.0)
(10064,0.0)
(10068,0.0)
(10072,0.0)
(10078,0.0)
(10080,0.0)
(10084,0.0)
(10090,0.0)
(10092,0.0)
(10098,0.0)
(10100,0.0)
(10104,0.0)
(10108,0.0)
(10112,0.0)
(10116,0.0)
(10120,0.0)
(10124,0.0)
(10128,0.0)
(10134,0.0)
(10136,0.0)
(10142,0.0)
(10146,0.0)
(10148,0.0)
(10152,0.0)
(10156,0.0)
(10160,0.0)
(10164,0.0)
(10170,0.0)
(10174,0.0)
(10178,0.0)
(10180,0.0)
(10184,0.0)
(10188,0.0)
(10192,0.0)
(10196,0.0)
(10202,0.0)
(10204,0.0)
(10208,0.0)
(10214,0.0)
(10216,0.0)
(10222,0.0)
(10226,0.0)
(10228,0.0)
(10234,0.0)
(10238,0.0)
(10240,0.0)
(10246,0.0)
(10248,0.0)
(10252,0.0)
(10256,0.0)
(10260,0.0)
(10266,0.0)
(10268,0.0)
(10272,0.0)
(10278,0.0)
(10280,0.0)
(10284,0.0)
(10288,0.0)
(10294,0.0)
(10298,0.0)
(10302,0.0)
(10306,0.0)
(10310,0.0)
(10314,0.0)
(10318,0.0)
(10322,0.0)
(10326,0.0)
(10330,0.0)
(10334,0.0)
(10336,0.0)
(10342,0.0)
(10344,0.0)
(10350,0.0)
(10352,0.0)
(10356,0.0)
(10360,0.0)
(10364,0.0)
(10370,0.0)
(10372,0.0)
(10378,0.0)
(10380,0.0)
(10384,0.0)
(10388,0.0)
(10392,0.0)
(10396,0.0)
(10400,0.0)
(10404,0.0)
(10408,0.0)
(10412,0.0)
(10416,0.0)
(10420,0.0)
(10426,0.0)
(10430,0.0)
(10434,0.0)
(10438,0.0)
(10442,0.0)
(10446,0.0)
(10448,0.0)
(10452,0.0)
(10456,0.0)
(10460,0.0)
(10464,0.0)
(10470,0.0)
(10474,0.0)
(10476,0.0)
(10482,0.0)
(10486,0.0)
(10488,0.0)
(10492,0.0)
(10496,0.0)
(10502,0.0)
(10504,0.0)
(10508,0.0)
(10512,0.0)
(10516,0.0)
(10522,0.0)
(10524,0.0)
(10530,0.0)
(10534,0.0)
(10536,0.0)
(10542,0.0)
(10546,0.0)
(10550,0.0)
(10552,0.0)
(10558,0.0)
(10560,0.0)
(10566,0.0)
(10568,0.0)
(10572,0.0)
(10576,0.0)
(10580,0.0)
(10584,0.0)
(10588,0.0)
(10594,0.0)
(10598,0.0)
(10600,0.0)
(10604,0.0)
(10610,0.0)
(10612,0.0)
(10618,0.0)
(10622,0.0)
(10624,0.0)
(10630,0.0)
(10634,0.0)
(10636,0.0)
(10640,0.0)
(10644,0.0)
(10648,0.0)
(10654,0.0)
(10656,0.0)
(10660,0.0)
(10664,0.0)
(10670,0.0)
(10674,0.0)
(10676,0.0)
(10680,0.0)
(10684,0.0)
(10688,0.0)
(10692,0.0)
(10696,0.0)
(10700,0.0)
(10706,0.0)
(10710,0.0)
(10712,0.0)
(10716,0.0)
(10720,0.0)
(10724,0.0)
(10730,0.0)
(10734,0.0)
(10736,0.0)
(10740,0.0)
(10744,0.0)
(10748,0.0)
(10754,0.0)
(10756,0.0)
(10760,0.0)
(10766,0.0)
(10768,0.0)
(10772,0.0)
(10776,0.0)
(10780,0.0)
(10784,0.0)
(10788,0.0)
(10792,0.0)
(10796,0.0)
(10802,0.0)
(10804,0.0)
(10808,0.0)
(10814,0.0)
(10818,0.0)
(10820,0.0)
(10826,0.0)
(10828,0.0)
(10834,0.0)
(10838,0.0)
(10840,0.0)
(10844,0.0)
(10850,0.0)
(10854,0.0)
(10858,0.0)
(10862,0.0)
(10866,0.0)
(10868,0.0)
(10872,0.0)
(10878,0.0)
(10880,0.0)
(10884,0.0)
(10888,0.0)
(10892,0.0)
(10898,0.0)
(10902,0.0)
(10906,0.0)
(10910,0.0)
(10914,0.0)
(10918,0.0)
(10922,0.0)
(10924,0.0)
(10930,0.0)
(10934,0.0)
(10938,0.0)
(10940,0.0)
(10944,0.0)
(10948,0.0)
(10952,0.0)
(10958,0.0)
(10962,0.0)
(10966,0.0)
(10970,0.0)
(10972,0.0)
(10976,0.0)
(10982,0.0)
(10984,0.0)
(10988,0.0)
(10994,0.0)
(10996,0.0)
(11002,0.0)
(11006,0.0)
(11008,0.0)
(11014,0.0)
(11018,0.0)
(11022,0.0)
(11024,0.0)
(11028,0.0)
(11034,0.0)
(11036,0.0)
(11042,0.0)
(11044,0.0)
(11048,0.0)
(11054,0.0)
(11056,0.0)
(11060,0.0)
(11066,0.0)
(11068,0.0)
(11072,0.0)
(11076,0.0)
(11082,0.0)
(11084,0.0)
(11090,0.0)
(11094,0.0)
(11096,0.0)
(11102,0.0)
(11104,0.0)
(11108,0.0)
(11114,0.0)
(11118,0.0)
(11120,0.0)
(11124,0.0)
(11128,0.0)
(11134,0.0)
(11136,0.0)
(11142,0.0)
(11144,0.0)
(11148,0.0)
(11152,0.0)
(11158,0.0)
(11160,0.0)
(11166,0.0)
(11168,0.0)
(11174,0.0)
(11176,0.0)
(11180,0.0)
(11186,0.0)
(11188,0.0)
(11192,0.0)
(11198,0.0)
(11200,0.0)
(11206,0.0)
(11210,0.0)
(11214,0.0)
(11216,0.0)
(11220,0.0)
(11224,0.0)
(11228,0.0)
(11232,0.0)
(11236,0.0)
(11242,0.0)
(11246,0.0)
(11248,0.0)
(11254,0.0)
(11256,0.0)
(11260,0.0)
(11266,0.0)
(11268,0.0)
(11274,0.0)
(11278,0.0)
(11280,0.0)
(11286,0.0)
(11288,0.0)
(11292,0.0)
(11296,0.0)
(11302,0.0)
(11304,0.0)
(11310,0.0)
(11314,0.0)
(11316,0.0)
(11322,0.0)
(11326,0.0)
(11330,0.0)
(11332,0.0)
(11336,0.0)
(11340,0.0)
(11344,0.0)
(11348,0.0)
(11352,0.0)
(11358,0.0)
(11360,0.0)
(11364,0.0)
(11368,0.0)
(11374,0.0)
(11378,0.0)
(11380,0.0)
(11386,0.0)
(11388,0.0)
(11392,0.0)
(11396,0.0)
(11402,0.0)
(11404,0.0)
(11408,0.0)
(11412,0.0)
(11416,0.0)
(11420,0.0)
(11426,0.0)
(11428,0.0)
(11432,0.0)
(11436,0.0)
(11440,0.0)
(11446,0.0)
(11450,0.0)
(11452,0.0)
(11458,0.0)
(11462,0.0)
(11464,0.0)
(11468,0.0)
(11474,0.0)
(11476,0.0)
(11482,0.0)
(11484,0.0)
(11488,0.0)
(11494,0.0)
(11498,0.0)
(11500,0.0)
(11506,0.0)
(11508,0.0)
(11512,0.0)
(11518,0.0)
(11522,0.0)
(11524,0.0)
(11528,0.0)
(11534,0.0)
(11536,0.0)
(11540,0.0)
(11546,0.0)
(11550,0.0)
(11554,0.0)
(11558,0.0)
(11562,0.0)
(11566,0.0)
(11568,0.0)
(11572,0.0)
(11578,0.0)
(11580,0.0)
(11586,0.0)
(11590,0.0)
(11592,0.0)
(11596,0.0)
(11600,0.0)
(11606,0.0)
(11608,0.0)
(11612,0.0)
(11616,0.0)
(11622,0.0)
(11624,0.0)
(11630,0.0)
(11632,0.0)
(11638,0.0)
(11640,0.0)
(11646,0.0)
(11650,0.0)
(11652,0.0)
(11656,0.0)
(11662,0.0)
(11666,0.0)
(11670,0.0)
(11672,0.0)
(11676,0.0)
(11682,0.0)
(11686,0.0)
(11690,0.0)
(11694,0.0)
(11698,0.0)
(11702,0.0)
(11706,0.0)
(11708,0.0)
(11712,0.0)
(11718,0.0)
(11720,0.0)
(11724,0.0)
(11728,0.0)
(11734,0.0)
(11738,0.0)
(11740,0.0)
(11744,0.0)
(11750,0.0)
(11754,0.0)
(11756,0.0)
(11760,0.0)
(11764,0.0)
(11770,0.0)
(11774,0.0)
(11776,0.0)
(11782,0.0)
(11784,0.0)
(11790,0.0)
(11794,0.0)
(11796,0.0)
(11802,0.0)
(11804,0.0)
(11810,0.0)
(11814,0.0)
(11818,0.0)
(11820,0.0)
(11824,0.0)
(11830,0.0)
(11832,0.0)
(11836,0.0)
(11840,0.0)
(11846,0.0)
(11850,0.0)
(11854,0.0)
(11856,0.0)
(11860,0.0)
(11866,0.0)
(11868,0.0)
(11874,0.0)
(11878,0.0)
(11882,0.0)
(11884,0.0)
(11890,0.0)
(11892,0.0)
(11898,0.0)
(11902,0.0)
(11904,0.0)
(11908,0.0)
(11914,0.0)
(11918,0.0)
(11920,0.0)
(11924,0.0)
(11930,0.0)
(11932,0.0)
(11938,0.0)
(11940,0.0)
(11944,0.0)
(11950,0.0)
(11954,0.0)
(11958,0.0)
(11960,0.0)
(11964,0.0)
(11968,0.0)
(11974,0.0)
(11978,0.0)
(11980,0.0)
(11986,0.0)
(11988,0.0)
(11992,0.0)
(11996,0.0)
(12002,0.0)
(12006,0.0)
(12008,0.0)
(12012,0.0)
(12016,0.0)
(12020,0.0)
(12024,0.0)
(12028,0.0)
(12032,0.0)
(12038,0.0)
(12042,0.0)
(12044,0.0)
(12050,0.0)
(12052,0.0)
(12056,0.0)
(12062,0.0)
(12064,0.0)
(12070,0.0)
(12072,0.0)
(12076,0.0)
(12080,0.0)
(12084,0.0)
(12088,0.0)
(12092,0.0)
(12098,0.0)
(12102,0.0)
(12104,0.0)
(12108,0.0)
(12114,0.0)
(12116,0.0)
(12122,0.0)
(12126,0.0)
(12128,0.0)
(12134,0.0)
(12138,0.0)
(12140,0.0)
(12146,0.0)
(12150,0.0)
(12152,0.0)
(12158,0.0)
(12160,0.0)
(12166,0.0)
(12168,0.0)
(12172,0.0)
(12178,0.0)
(12180,0.0)
(12186,0.0)
(12190,0.0)
(12194,0.0)
(12198,0.0)
(12202,0.0)
(12206,0.0)
(12208,0.0)
(12214,0.0)
(12218,0.0)
(12222,0.0)
(12224,0.0)
(12230,0.0)
(12232,0.0)
(12236,0.0)
(12240,0.0)
(12246,0.0)
(12250,0.0)
(12252,0.0)
(12256,0.0)
(12260,0.0)
(12264,0.0)
(12268,0.0)
(12272,0.0)
(12276,0.0)
(12282,0.0)
(12284,0.0)
(12290,0.0)
(12294,0.0)
(12296,0.0)
(12300,0.0)
(12304,0.0)
(12310,0.0)
(12314,0.0)
(12318,0.0)
(12322,0.0)
(12326,0.0)
(12330,0.0)
(12334,0.0)
(12336,0.0)
(12340,0.0)
(12344,0.0)
(12350,0.0)
(12352,0.0)
(12356,0.0)
(12362,0.0)
(12364,0.0)
(12370,0.0)
(12372,0.0)
(12376,0.0)
(12380,0.0)
(12384,0.0)
(12388,0.0)
(12392,0.0)
(12396,0.0)
(12400,0.0)
(12406,0.0)
(12410,0.0)
(12414,0.0)
(12418,0.0)
(12422,0.0)
(12426,0.0)
(12430,0.0)
(12434,0.0)
(12436,0.0)
(12440,0.0)
(12444,0.0)
(12450,0.0)
(12454,0.0)
(12458,0.0)
(12460,0.0)
(12464,0.0)
(12470,0.0)
(12474,0.0)
(12476,0.0)
(12480,0.0)
(12484,0.0)
(12488,0.0)
(12494,0.0)
(12496,0.0)
(12500,0.0)
(12506,0.0)
(12508,0.0)
(12512,0.0)
(12518,0.0)
(12522,0.0)
(12524,0.0)
(12530,0.0)
(12532,0.0)
(12538,0.0)
(12540,0.0)
(12546,0.0)
(12548,0.0)
(12554,0.0)
(12556,0.0)
(12560,0.0)
(12566,0.0)
(12568,0.0)
(12572,0.0)
(12578,0.0)
(12582,0.0)
(12584,0.0)
(12590,0.0)
(12594,0.0)
(12598,0.0)
(12602,0.0)
(12606,0.0)
(12610,0.0)
(12614,0.0)
(12616,0.0)
(12622,0.0)
(12626,0.0)
(12628,0.0)
(12634,0.0)
(12638,0.0)
(12642,0.0)
(12644,0.0)
(12650,0.0)
(12652,0.0)
(12656,0.0)
(12660,0.0)
(12664,0.0)
(12668,0.0)
(12672,0.0)
(12678,0.0)
(12680,0.0)
(12684,0.0)
(12690,0.0)
(12694,0.0)
(12696,0.0)
(12700,0.0)
(12704,0.0)
(12708,0.0)
(12714,0.0)
(12718,0.0)
(12722,0.0)
(12724,0.0)
(12728,0.0)
(12732,0.0)
(12738,0.0)
(12742,0.0)
(12746,0.0)
(12748,0.0)
(12754,0.0)
(12758,0.0)
(12762,0.0)
(12764,0.0)
(12770,0.0)
(12772,0.0)
(12778,0.0)
(12780,0.0)
(12784,0.0)
(12790,0.0)
(12792,0.0)
(12796,0.0)
(12802,0.0)
(12804,0.0)
(12808,0.0)
(12812,0.0)
(12818,0.0)
(12822,0.0)
(12824,0.0)
(12828,0.0)
(12834,0.0)
(12838,0.0)
(12842,0.0)
(12846,0.0)
(12850,0.0)
(12852,0.0)
(12858,0.0)
(12860,0.0)
(12866,0.0)
(12870,0.0)
(12872,0.0)
(12876,0.0)
(12880,0.0)
(12886,0.0)
(12888,0.0)
(12894,0.0)
(12898,0.0)
(12902,0.0)
(12906,0.0)
(12910,0.0)
(12914,0.0)
(12918,0.0)
(12922,0.0)
(12924,0.0)
(12928,0.0)
(12934,0.0)
(12936,0.0)
(12942,0.0)
(12944,0.0)
(12948,0.0)
(12954,0.0)
(12956,0.0)
(12962,0.0)
(12966,0.0)
(12970,0.0)
(12972,0.0)
(12978,0.0)
(12980,0.0)
(12984,0.0)
(12988,0.0)
(12994,0.0)
(12996,0.0)
(13000,0.0)
(13006,0.0)
(13010,0.0)
(13012,0.0)
(13018,0.0)
(13020,0.0)
(13024,0.0)
(13028,0.0)
(13034,0.0)
(13038,0.0)
(13040,0.0)
(13044,0.0)
(13050,0.0)
(13052,0.0)
(13058,0.0)
(13062,0.0)
(13066,0.0)
(13068,0.0)
(13074,0.0)
(13078,0.0)
(13080,0.0)
(13084,0.0)
(13088,0.0)
(13094,0.0)
(13096,0.0)
(13102,0.0)
(13106,0.0)
(13108,0.0)
(13114,0.0)
(13118,0.0)
(13120,0.0)
(13126,0.0)
(13128,0.0)
(13134,0.0)
(13138,0.0)
(13142,0.0)
(13146,0.0)
(13150,0.0)
(13152,0.0)
(13156,0.0)
(13160,0.0)
(13164,0.0)
(13168,0.0)
(13174,0.0)
(13176,0.0)
(13182,0.0)
(13184,0.0)
(13190,0.0)
(13194,0.0)
(13198,0.0)
(13200,0.0)
(13206,0.0)
(13210,0.0)
(13212,0.0)
(13216,0.0)
(13222,0.0)
(13226,0.0)
(13228,0.0)
(13234,0.0)
(13236,0.0)
(13242,0.0)
(13246,0.0)
(13250,0.0)
(13254,0.0)
(13256,0.0)
(13262,0.0)
(13266,0.0)
(13270,0.0)
(13272,0.0)
(13278,0.0)
(13282,0.0)
(13286,0.0)
(13290,0.0)
(13294,0.0)
(13296,0.0)
(13302,0.0)
(13306,0.0)
(13310,0.0)
(13312,0.0)
(13316,0.0)
(13320,0.0)
(13326,0.0)
(13328,0.0)
(13332,0.0)
(13338,0.0)
(13340,0.0)
(13346,0.0)
(13350,0.0)
(13352,0.0)
(13358,0.0)
(13362,0.0)
(13366,0.0)
(13368,0.0)
(13374,0.0)
(13378,0.0)
(13382,0.0)
(13384,0.0)
(13388,0.0)
(13392,0.0)
(13396,0.0)
(13402,0.0)
(13404,0.0)
(13410,0.0)
(13412,0.0)
(13418,0.0)
(13420,0.0)
(13426,0.0)
(13428,0.0)
(13434,0.0)
(13438,0.0)
(13442,0.0)
(13446,0.0)
(13448,0.0)
(13454,0.0)
(13458,0.0)
(13460,0.0)
(13466,0.0)
(13470,0.0)
(13474,0.0)
(13476,0.0)
(13480,0.0)
(13484,0.0)
(13490,0.0)
(13492,0.0)
(13498,0.0)
(13500,0.0)
(13506,0.0)
(13510,0.0)
(13512,0.0)
(13516,0.0)
(13520,0.0)
(13526,0.0)
(13528,0.0)
(13534,0.0)
(13538,0.0)
(13542,0.0)
(13546,0.0)
(13548,0.0)
(13552,0.0)
(13556,0.0)
(13560,0.0)
(13566,0.0)
(13568,0.0)
(13572,0.0)
(13576,0.0)
(13582,0.0)
(13584,0.0)
(13590,0.0)
(13592,0.0)
(13598,0.0)
(13602,0.0)
(13604,0.0)
(13608,0.0)
(13614,0.0)
(13618,0.0)
(13622,0.0)
(13626,0.0)
(13628,0.0)
(13634,0.0)
(13636,0.0)
(13640,0.0)
(13646,0.0)
(13650,0.0)
(13652,0.0)
(13656,0.0)
(13662,0.0)
(13664,0.0)
(13668,0.0)
(13674,0.0)
(13676,0.0)
(13680,0.0)
(13686,0.0)
(13690,0.0)
(13692,0.0)
(13696,0.0)
(13702,0.0)
(13704,0.0)
(13708,0.0)
(13712,0.0)
(13716,0.0)
(13720,0.0)
(13724,0.0)
(13730,0.0)
(13732,0.0)
(13738,0.0)
(13740,0.0)
(13746,0.0)
(13748,0.0)
(13752,0.0)
(13756,0.0)
(13760,0.0)
(13766,0.0)
(13770,0.0)
(13772,0.0)
(13778,0.0)
(13780,0.0)
(13786,0.0)
(13790,0.0)
(13792,0.0)
(13796,0.0)
(13802,0.0)
(13804,0.0)
(13808,0.0)
(13812,0.0)
(13818,0.0)
(13820,0.0)
(13826,0.0)
(13830,0.0)
(13832,0.0)
(13836,0.0)
(13842,0.0)
(13844,0.0)
(13848,0.0)
(13852,0.0)
(13856,0.0)
(13862,0.0)
(13864,0.0)
(13868,0.0)
(13874,0.0)
(13878,0.0)
(13880,0.0)
(13884,0.0)
(13888,0.0)
(13892,0.0)
(13896,0.0)
(13902,0.0)
(13904,0.0)
(13910,0.0)
(13914,0.0)
(13916,0.0)
(13922,0.0)
(13924,0.0)
(13928,0.0)
(13934,0.0)
(13938,0.0)
(13942,0.0)
(13946,0.0)
(13948,0.0)
(13952,0.0)
(13956,0.0)
(13960,0.0)
(13964,0.0)
(13968,0.0)
(13972,0.0)
(13976,0.0)
(13982,0.0)
(13986,0.0)
(13990,0.0)
(13994,0.0)
(13998,0.0)
(14000,0.0)
(14006,0.0)
(14010,0.0)
(14012,0.0)
(14018,0.0)
(14022,0.0)
(14026,0.0)
(14030,0.0)
(14032,0.0)
(14036,0.0)
(14042,0.0)
(14046,0.0)
(14050,0.0)
(14052,0.0)
(14058,0.0)
(14060,0.0)
(14066,0.0)
(14068,0.0)
(14072,0.0)
(14076,0.0)
(14080,0.0)
(14086,0.0)
(14088,0.0)
(14094,0.0)
(14098,0.0)
(14100,0.0)
(14104,0.0)
(14110,0.0)
(14114,0.0)
(14118,0.0)
(14120,0.0)
(14126,0.0)
(14128,0.0)
(14134,0.0)
(14138,0.0)
(14140,0.0)
(14144,0.0)
(14150,0.0)
(14154,0.0)
(14156,0.0)
(14162,0.0)
(14166,0.0)
(14170,0.0)
(14172,0.0)
(14178,0.0)
(14180,0.0)
(14184,0.0)
(14188,0.0)
(14194,0.0)
(14198,0.0)
(14200,0.0)
(14206,0.0)
(14208,0.0)
(14212,0.0)
(14216,0.0)
(14222,0.0)
(14226,0.0)
(14228,0.0)
(14232,0.0)
(14236,0.0)
(14242,0.0)
(14244,0.0)
(14248,0.0)
(14252,0.0)
(14258,0.0)
(14262,0.0)
(14264,0.0)
(14270,0.0)
(14272,0.0)
(14278,0.0)
(14282,0.0)
(14284,0.0)
(14288,0.0)
(14294,0.0)
(14296,0.0)
(14302,0.0)
(14306,0.0)
(14310,0.0)
(14312,0.0)
(14316,0.0)
(14320,0.0)
(14324,0.0)
(14328,0.0)
(14332,0.0)
(14338,0.0)
(14340,0.0)
(14346,0.0)
(14348,0.0)
(14354,0.0)
(14356,0.0)
(14360,0.0)
(14364,0.0)
(14368,0.0)
(14372,0.0)
(14376,0.0)
(14380,0.0)
(14384,0.0)
(14388,0.0)
(14394,0.0)
(14396,0.0)
(14400,0.0)
(14406,0.0)
(14408,0.0)
(14412,0.0)
(14416,0.0)
(14422,0.0)
(14424,0.0)
(14430,0.0)
(14432,0.0)
(14436,0.0)
(14440,0.0)
(14444,0.0)
(14448,0.0)
(14452,0.0)
(14456,0.0)
(14462,0.0)
(14464,0.0)
(14470,0.0)
(14474,0.0)
(14478,0.0)
(14482,0.0)
(14484,0.0)
(14488,0.0)
(14492,0.0)
(14496,0.0)
(14500,0.0)
(14504,0.0)
(14508,0.0)
(14514,0.0)
(14518,0.0)
(14522,0.0)
(14526,0.0)
(14528,0.0)
(14534,0.0)
(14538,0.0)
(14540,0.0)
(14544,0.0)
(14550,0.0)
(14552,0.0)
(14556,0.0)
(14562,0.0)
(14564,0.0)
(14568,0.0)
(14572,0.0)
(14576,0.0)
(14580,0.0)
(14586,0.0)
(14588,0.0)
(14592,0.0)
(14598,0.0)
(14600,0.0)
(14606,0.0)
(14610,0.0)
(14612,0.0)
(14618,0.0)
(14622,0.0)
(14624,0.0)
(14630,0.0)
(14632,0.0)
(14638,0.0)
(14642,0.0)
(14646,0.0)
(14648,0.0)
(14654,0.0)
(14656,0.0)
(14660,0.0)
(14664,0.0)
(14670,0.0)
(14674,0.0)
(14676,0.0)
(14682,0.0)
(14686,0.0)
(14688,0.0)
(14692,0.0)
(14698,0.0)
(14700,0.0)
(14704,0.0)
(14708,0.0)
(14712,0.0)
(14716,0.0)
(14722,0.0)
(14724,0.0)
(14728,0.0)
(14732,0.0)
(14736,0.0)
(14742,0.0)
(14744,0.0)
(14750,0.0)
(14754,0.0)
(14756,0.0)
(14760,0.0)
(14764,0.0)
(14770,0.0)
(14774,0.0)
(14778,0.0)
(14782,0.0)
(14786,0.0)
(14790,0.0)
(14792,0.0)
(14796,0.0)
(14802,0.0)
(14804,0.0)
(14810,0.0)
(14814,0.0)
(14816,0.0)
(14820,0.0)
(14826,0.0)
(14828,0.0)
(14834,0.0)
(14836,0.0)
(14842,0.0)
(14844,0.0)
(14848,0.0)
(14854,0.0)
(14858,0.0)
(14862,0.0)
(14864,0.0)
(14870,0.0)
(14872,0.0)
(14878,0.0)
(14882,0.0)
(14884,0.0)
(14890,0.0)
(14892,0.0)
(14898,0.0)
(14902,0.0)
(14906,0.0)
(14908,0.0)
(14912,0.0)
(14916,0.0)
(14922,0.0)
(14924,0.0)
(14928,0.0)
(14932,0.0)
(14938,0.0)
(14940,0.0)
(14946,0.0)
(14950,0.0)
(14952,0.0)
(14956,0.0)
(14962,0.0)
(14966,0.0)
(14968,0.0)
(14974,0.0)
(14976,0.0)
(14982,0.0)
(14984,0.0)
(14990,0.0)
(14992,0.0)
(14996,0.0)
(15000,0.0)
(15006,0.0)
(15010,0.0)
(15012,0.0)
(15018,0.0)
(15020,0.0)
(15026,0.0)
(15030,0.0)
(15034,0.0)
(15038,0.0)
(15042,0.0)
(15044,0.0)
(15050,0.0)
(15054,0.0)
(15056,0.0)
(15062,0.0)
(15066,0.0)
(15070,0.0)
(15072,0.0)
(15078,0.0)
(15082,0.0)
(15086,0.0)
(15090,0.0)
(15092,0.0)
(15096,0.0)
(15102,0.0)
(15106,0.0)
(15110,0.0)
(15112,0.0)
(15116,0.0)
(15122,0.0)
(15126,0.0)
(15130,0.0)
(15132,0.0)
(15138,0.0)
(15142,0.0)
(15146,0.0)
(15148,0.0)
(15152,0.0)
(15156,0.0)
(15162,0.0)
(15166,0.0)
(15168,0.0)
(15174,0.0)
(15176,0.0)
(15180,0.0)
(15184,0.0)
(15190,0.0)
(15192,0.0)
(15196,0.0)
(15200,0.0)
(15206,0.0)
(15210,0.0)
(15214,0.0)
(15218,0.0)
(15222,0.0)
(15226,0.0)
(15230,0.0)
(15232,0.0)
(15238,0.0)
(15242,0.0)
(15244,0.0)
(15248,0.0)
(15252,0.0)
(15256,0.0)
(15262,0.0)
(15266,0.0)
(15270,0.0)
(15274,0.0)
(15278,0.0)
(15282,0.0)
(15286,0.0)
(15288,0.0)
(15294,0.0)
(15296,0.0)
(15300,0.0)
(15304,0.0)
(15308,0.0)
(15314,0.0)
(15316,0.0)
(15320,0.0)
(15324,0.0)
(15330,0.0)
(15334,0.0)
(15338,0.0)
(15342,0.0)
(15344,0.0)
(15348,0.0)
(15352,0.0)
(15358,0.0)
(15360,0.0)
(15366,0.0)
(15370,0.0)
(15372,0.0)
(15378,0.0)
(15382,0.0)
(15384,0.0)
(15390,0.0)
(15394,0.0)
(15398,0.0)
(15400,0.0)
(15404,0.0)
(15408,0.0)
(15414,0.0)
(15416,0.0)
(15420,0.0)
(15426,0.0)
(15428,0.0)
(15432,0.0)
(15438,0.0)
(15440,0.0)
(15444,0.0)
(15450,0.0)
(15454,0.0)
(15458,0.0)
(15460,0.0)
(15464,0.0)
(15468,0.0)
(15474,0.0)
(15476,0.0)
(15482,0.0)
(15486,0.0)
(15490,0.0)
(15492,0.0)
(15498,0.0)
(15502,0.0)
(15506,0.0)
(15510,0.0)
(15512,0.0)
(15516,0.0)
(15522,0.0)
(15524,0.0)
(15530,0.0)
(15534,0.0)
(15538,0.0)
(15542,0.0)
(15544,0.0)
(15550,0.0)
(15554,0.0)
(15556,0.0)
(15560,0.0)
(15566,0.0)
(15570,0.0)
(15574,0.0)
(15576,0.0)
(15580,0.0)
(15586,0.0)
(15590,0.0)
(15592,0.0)
(15596,0.0)
(15602,0.0)
(15606,0.0)
(15610,0.0)
(15614,0.0)
(15618,0.0)
(15622,0.0)
(15624,0.0)
(15630,0.0)
(15632,0.0)
(15636,0.0)
(15642,0.0)
(15646,0.0)
(15648,0.0)
(15652,0.0)
(15658,0.0)
(15660,0.0)
(15666,0.0)
(15670,0.0)
(15674,0.0)
(15676,0.0)
(15682,0.0)
(15686,0.0)
(15690,0.0)
(15692,0.0)
(15696,0.0)
(15700,0.0)
(15706,0.0)
(15710,0.0)
(15714,0.0)
(15718,0.0)
(15720,0.0)
(15724,0.0)
(15730,0.0)
(15734,0.0)
(15738,0.0)
(15740,0.0)
(15744,0.0)
(15750,0.0)
(15754,0.0)
(15758,0.0)
(15762,0.0)
(15766,0.0)
(15768,0.0)
(15772,0.0)
(15778,0.0)
(15782,0.0)
(15784,0.0)
(15790,0.0)
(15792,0.0)
(15798,0.0)
(15802,0.0)
(15804,0.0)
(15808,0.0)
(15814,0.0)
(15816,0.0)
(15820,0.0)
(15826,0.0)
(15830,0.0)
(15834,0.0)
(15836,0.0)
(15842,0.0)
(15846,0.0)
(15848,0.0)
(15852,0.0)
(15858,0.0)
(15860,0.0)
(15864,0.0)
(15870,0.0)
(15874,0.0)
(15876,0.0)
(15880,0.0)
(15886,0.0)
(15890,0.0)
(15894,0.0)
(15898,0.0)
(15900,0.0)
(15904,0.0)
(15910,0.0)
(15914,0.0)
(15918,0.0)
(15920,0.0)
(15926,0.0)
(15930,0.0)
(15932,0.0)
(15936,0.0)
(15942,0.0)
(15944,0.0)
(15950,0.0)
(15954,0.0)
(15958,0.0)
(15962,0.0)
(15964,0.0)
(15970,0.0)
(15974,0.0)
(15976,0.0)
(15980,0.0)
(15986,0.0)
(15988,0.0)
(15994,0.0)
(15998,0.0)
(16000,0.0)
(16004,0.0)
(16008,0.0)
(16014,0.0)
(16018,0.0)
(16022,0.0)
(16024,0.0)
(16030,0.0)
(16032,0.0)
(16038,0.0)
(16040,0.0)
(16044,0.0)
(16048,0.0)
(16054,0.0)
(16056,0.0)
(16060,0.0)
(16066,0.0)
(16068,0.0)
(16074,0.0)
(16076,0.0)
(16082,0.0)
(16084,0.0)
(16088,0.0)
(16092,0.0)
(16096,0.0)
(16100,0.0)
(16104,0.0)
(16110,0.0)
(16112,0.0)
(16116,0.0)
(16120,0.0)
(16126,0.0)
(16128,0.0)
(16132,0.0)
(16136,0.0)
(16142,0.0)
(16146,0.0)
(16148,0.0)
(16152,0.0)
(16158,0.0)
(16160,0.0)
(16166,0.0)
(16170,0.0)
(16172,0.0)
(16176,0.0)
(16182,0.0)
(16186,0.0)
(16190,0.0)
(16194,0.0)
(16196,0.0)
(16202,0.0)
(16206,0.0)
(16210,0.0)
(16214,0.0)
(16218,0.0)
(16222,0.0)
(16226,0.0)
(16228,0.0)
(16232,0.0)
(16236,0.0)
(16240,0.0)
(16246,0.0)
(16250,0.0)
(16252,0.0)
(16258,0.0)
(16262,0.0)
(16266,0.0)
(16270,0.0)
(16272,0.0)
(16278,0.0)
(16280,0.0)
(16284,0.0)
(16288,0.0)
(16292,0.0)
(16296,0.0)
(16302,0.0)
(16306,0.0)
(16310,0.0)
(16312,0.0)
(16318,0.0)
(16320,0.0)
(16324,0.0)
(16328,0.0)
(16334,0.0)
(16338,0.0)
(16342,0.0)
(16344,0.0)
(16350,0.0)
(16354,0.0)
(16356,0.0)
(16362,0.0)
(16366,0.0)
(16370,0.0)
(16372,0.0)
(16378,0.0)
(16382,0.0)
(16386,0.0)
(16388,0.0)
(16392,0.0)
(16398,0.0)
(16400,0.0)
(16404,0.0)
(16410,0.0)
(16412,0.0)
(16416,0.0)
(16420,0.0)
(16426,0.0)
(16428,0.0)
(16434,0.0)
(16436,0.0)
(16442,0.0)
(16446,0.0)
(16448,0.0)
(16454,0.0)
(16456,0.0)
(16462,0.0)
(16464,0.0)
(16468,0.0)
(16472,0.0)
(16476,0.0)
(16482,0.0)
(16486,0.0)
(16490,0.0)
(16492,0.0)
(16498,0.0)
(16502,0.0)
(16506,0.0)
(16510,0.0)
(16514,0.0)
(16518,0.0)
(16520,0.0)
(16526,0.0)
(16528,0.0)
(16532,0.0)
(16536,0.0)
(16540,0.0)
(16544,0.0)
(16550,0.0)
(16552,0.0)
(16558,0.0)
(16562,0.0)
(16566,0.0)
(16570,0.0)
(16574,0.0)
(16576,0.0)
(16582,0.0)
(16586,0.0)
(16590,0.0)
(16592,0.0)
(16598,0.0)
(16602,0.0)
(16606,0.0)
(16610,0.0)
(16612,0.0)
(16618,0.0)
(16620,0.0)
(16626,0.0)
(16630,0.0)
(16634,0.0)
(16638,0.0)
(16640,0.0)
(16644,0.0)
(16648,0.0)
(16652,0.0)
(16656,0.0)
(16660,0.0)
(16666,0.0)
(16668,0.0)
(16672,0.0)
(16678,0.0)
(16682,0.0)
(16686,0.0)
(16690,0.0)
(16692,0.0)
(16698,0.0)
(16702,0.0)
(16704,0.0)
(16708,0.0)
(16712,0.0)
(16716,0.0)
(16722,0.0)
(16726,0.0)
(16730,0.0)
(16732,0.0)
(16736,0.0)
(16740,0.0)
(16746,0.0)
(16750,0.0)
(16754,0.0)
(16756,0.0)
(16760,0.0)
(16764,0.0)
(16768,0.0)
(16774,0.0)
(16776,0.0)
(16780,0.0)
(16786,0.0)
(16790,0.0)
(16792,0.0)
(16798,0.0)
(16802,0.0)
(16804,0.0)
(16810,0.0)
(16812,0.0)
(16816,0.0)
(16820,0.0)
(16826,0.0)
(16828,0.0)
(16832,0.0)
(16836,0.0)
(16840,0.0)
(16846,0.0)
(16850,0.0)
(16854,0.0)
(16856,0.0)
(16862,0.0)
(16864,0.0)
(16870,0.0)
(16874,0.0)
(16878,0.0)
(16882,0.0)
(16886,0.0)
(16890,0.0)
(16892,0.0)
(16896,0.0)
(16900,0.0)
(16904,0.0)
(16908,0.0)
(16914,0.0)
(16918,0.0)
(16922,0.0)
(16924,0.0)
(16930,0.0)
(16932,0.0)
(16936,0.0)
(16942,0.0)
(16944,0.0)
(16948,0.0)
(16952,0.0)
(16956,0.0)
(16960,0.0)
(16964,0.0)
(16968,0.0)
(16974,0.0)
(16976,0.0)
(16980,0.0)
(16986,0.0)
(16988,0.0)
(16994,0.0)
(16996,0.0)
(17002,0.0)
(17004,0.0)
(17010,0.0)
(17014,0.0)
(17016,0.0)
(17020,0.0)
(17026,0.0)
(17030,0.0)
(17032,0.0)
(17036,0.0)
(17040,0.0)
(17046,0.0)
(17050,0.0)
(17054,0.0)
(17056,0.0)
(17062,0.0)
(17064,0.0)
(17068,0.0)
(17074,0.0)
(17076,0.0)
(17082,0.0)
(17086,0.0)
(17090,0.0)
(17094,0.0)
(17098,0.0)
(17102,0.0)
(17106,0.0)
(17108,0.0)
(17114,0.0)
(17116,0.0)
(17120,0.0)
(17124,0.0)
(17128,0.0)
(17134,0.0)
(17138,0.0)
(17142,0.0)
(17146,0.0)
(17148,0.0)
(17152,0.0)
(17158,0.0)
(17162,0.0)
(17164,0.0)
(17170,0.0)
(17172,0.0)
(17178,0.0)
(17182,0.0)
(17186,0.0)
(17190,0.0)
(17194,0.0)
(17198,0.0)
(17200,0.0)
(17204,0.0)
(17208,0.0)
(17214,0.0)
(17218,0.0)
(17222,0.0)
(17224,0.0)
(17228,0.0)
(17234,0.0)
(17238,0.0)
(17240,0.0)
(17246,0.0)
(17250,0.0)
(17254,0.0)
(17258,0.0)
(17262,0.0)
(17264,0.0)
(17268,0.0)
(17274,0.0)
(17276,0.0)
(17280,0.0)
(17284,0.0)
(17288,0.0)
(17294,0.0)
(17296,0.0)
(17302,0.0)
(17304,0.0)
(17308,0.0)
(17312,0.0)
(17318,0.0)
(17322,0.0)
(17324,0.0)
(17328,0.0)
(17334,0.0)
(17338,0.0)
(17342,0.0)
(17346,0.0)
(17350,0.0)
(17352,0.0)
(17356,0.0)
(17360,0.0)
(17364,0.0)
(17368,0.0)
(17372,0.0)
(17378,0.0)
(17382,0.0)
(17386,0.0)
(17390,0.0)
(17394,0.0)
(17396,0.0)
(17402,0.0)
(17406,0.0)
(17410,0.0)
(17414,0.0)
(17416,0.0)
(17422,0.0)
(17424,0.0)
(17428,0.0)
(17434,0.0)
(17438,0.0)
(17440,0.0)
(17444,0.0)
(17450,0.0)
(17452,0.0)
(17456,0.0)
(17462,0.0)
(17466,0.0)
(17470,0.0)
(17472,0.0)
(17478,0.0)
(17482,0.0)
(17486,0.0)
(17488,0.0)
(17494,0.0)
(17498,0.0)
(17502,0.0)
(17504,0.0)
(17508,0.0)
(17514,0.0)
(17516,0.0)
(17520,0.0)
(17524,0.0)
(17530,0.0)
(17534,0.0)
(17536,0.0)
(17540,0.0)
(17546,0.0)
(17548,0.0)
(17552,0.0)
(17556,0.0)
(17562,0.0)
(17564,0.0)
(17570,0.0)
(17574,0.0)
(17576,0.0)
(17582,0.0)
(17584,0.0)
(17588,0.0)
(17592,0.0)
(17596,0.0)
(17602,0.0)
(17606,0.0)
(17610,0.0)
(17614,0.0)
(17618,0.0)
(17620,0.0)
(17626,0.0)
(17630,0.0)
(17632,0.0)
(17636,0.0)
(17642,0.0)
(17646,0.0)
(17648,0.0)
(17654,0.0)
(17656,0.0)
(17660,0.0)
(17666,0.0)
(17670,0.0)
(17674,0.0)
(17678,0.0)
(17680,0.0)
(17684,0.0)
(17688,0.0)
(17694,0.0)
(17698,0.0)
(17700,0.0)
(17704,0.0)
(17710,0.0)
(17712,0.0)
(17716,0.0)
(17720,0.0)
(17724,0.0)
(17730,0.0)
(17734,0.0)
(17738,0.0)
(17740,0.0)
(17744,0.0)
(17748,0.0)
(17752,0.0)
(17756,0.0)
(17760,0.0)
(17766,0.0)
(17770,0.0)
(17774,0.0)
(17776,0.0)
(17780,0.0)
(17786,0.0)
(17790,0.0)
(17794,0.0)
(17796,0.0)
(17802,0.0)
(17806,0.0)
(17810,0.0)
(17814,0.0)
(17816,0.0)
(17820,0.0)
(17826,0.0)
(17828,0.0)
(17832,0.0)
(17836,0.0)
(17840,0.0)
(17844,0.0)
(17848,0.0)
(17852,0.0)
(17858,0.0)
(17862,0.0)
(17864,0.0)
(17870,0.0)
(17872,0.0)
(17876,0.0)
(17880,0.0)
(17884,0.0)
(17888,0.0)
(17894,0.0)
(17898,0.0)
(17900,0.0)
(17906,0.0)
(17910,0.0)
(17912,0.0)
(17918,0.0)
(17922,0.0)
(17926,0.0)
(17928,0.0)
(17932,0.0)
(17936,0.0)
(17942,0.0)
(17946,0.0)
(17950,0.0)
(17954,0.0)
(17958,0.0)
(17962,0.0)
(17964,0.0)
(17970,0.0)
(17974,0.0)
(17976,0.0)
(17980,0.0)
(17986,0.0)
(17988,0.0)
(17992,0.0)
(17998,0.0)
(18002,0.0)
(18004,0.0)
(18010,0.0)
(18014,0.0)
(18018,0.0)
(18022,0.0)
(18026,0.0)
(18030,0.0)
(18032,0.0)
(18038,0.0)
(18040,0.0)
(18046,0.0)
(18048,0.0)
(18052,0.0)
(18056,0.0)
(18060,0.0)
(18066,0.0)
(18070,0.0)
(18072,0.0)
(18078,0.0)
(18080,0.0)
(18086,0.0)
(18090,0.0)
(18094,0.0)
(18098,0.0)
(18102,0.0)
(18106,0.0)
(18108,0.0)
(18114,0.0)
(18118,0.0)
(18122,0.0)
(18124,0.0)
(18130,0.0)
(18132,0.0)
(18138,0.0)
(18142,0.0)
(18146,0.0)
(18150,0.0)
(18152,0.0)
(18158,0.0)
(18160,0.0)
(18164,0.0)
(18170,0.0)
(18174,0.0)
(18176,0.0)
(18182,0.0)
(18186,0.0)
(18188,0.0)
(18192,0.0)
(18198,0.0)
(18202,0.0)
(18204,0.0)
(18210,0.0)
(18212,0.0)
(18218,0.0)
(18220,0.0)
(18226,0.0)
(18228,0.0)
(18232,0.0)
(18236,0.0)
(18240,0.0)
(18246,0.0)
(18250,0.0)
(18254,0.0)
(18258,0.0)
(18260,0.0)
(18264,0.0)
