(18285,0.0)
(18291,0.0)
(18293,0.0)
(18299,0.0)
(18301,0.0)
(18307,0.0)
(18309,0.0)
(18315,0.0)
(18317,0.0)
(18323,0.0)
(18325,0.0)
(18331,0.0)
(18333,0.0)
(18339,0.0)
(18341,0.0)
(18347,0.0)
(18349,0.0)
(18355,0.0)
(18357,0.0)
(18363,0.0)
(18365,0.0)
(18371,0.0)
(18375,0.0)
(18377,0.0)
(18383,0.0)
(18385,0.0)
(18391,0.0)
(18393,0.0)
(18399,0.0)
(18401,0.0)
(18407,0.0)
(18409,0.0)
(18415,0.0)
(18417,0.0)
(18423,0.0)
(18425,0.0)
(18431,0.0)
(18433,0.0)
(18439,0.0)
(18441,0.0)
(18447,0.0)
(18449,0.0)
(18455,0.0)
(18457,0.0)
(18463,0.0)
(18465,0.0)
(18471,0.0)
(18473,0.0)
(18479,0.0)
(18481,0.0)
(18487,0.0)
(18489,0.0)
(18495,0.0)
(18497,0.0)
(18503,0.0)
(18505,0.0)
(18511,0.0)
(18513,0.0)
(18519,0.0)
(18521,0.0)
(18527,0.0)
(18529,0.0)
(18535,0.0)
(18537,0.0)
(18543,0.0)
(18545,0.0)
(18551,0.0)
(18553,0.0)
(18559,0.0)
(18561,0.0)
(18567,0.0)
(18569,0.0)
(18575,0.0)
(18577,0.0)
(18583,0.0)
(18585,0.0)
(18591,0.0)
(18593,0.0)
(18599,0.0)
(18601,0.0)
(18607,0.0)
(18609,0.0)
(18615,0.0)
(18617,0.0)
(18623,0.0)
(18625,0.0)
(18631,0.0)
(18633,0.0)
(18639,0.0)
(18641,0.0)
(18647,0.0)
(18649,0.0)
(18655,0.0)
(18657,0.0)
(18663,0.0)
(18665,0.0)
(18671,0.0)
(18673,0.0)
(18679,0.0)
(18681,0.0)
(18687,0.0)
(18689,0.0)
(18695,0.0)
(18697,0.0)
(18703,0.0)
(18705,0.0)
(18711,0.0)
(18713,0.0)
(18719,0.0)
(18721,0.0)
(18727,0.0)
(18729,0.0)
(18735,0.0)
(18737,0.0)
(18743,0.0)
(18745,0.0)
(18751,0.0)
(18753,0.0)
(18759,0.0)
(18761,0.0)
(18767,0.0)
(18769,0.0)
(18773,0.0)
(18779,0.0)
(18781,0.0)
(18787,0.0)
(18789,0.0)
(18795,0.0)
(18797,0.0)
(18803,0.0)
(18805,0.0)
(18811,0.0)
(18813,0.0)
(18819,0.0)
(18821,0.0)
(18825,0.0)
(18831,0.0)
(18833,0.0)
(18839,0.0)
(18841,0.0)
(18847,0.0)
(18849,0.0)
(18855,0.0)
(18857,0.0)
(18863,0.0)
(18865,0.0)
(18871,0.0)
(18873,0.0)
(18879,0.0)
(18881,0.0)
(18887,0.0)
(18889,0.0)
(18895,0.0)
(18897,0.0)
(18903,0.0)
(18905,0.0)
(18911,0.0)
(18913,0.0)
(18919,0.0)
(18921,0.0)
(18927,0.0)
(18929,0.0)
(18935,0.0)
(18937,0.0)
(18943,0.0)
(18945,0.0)
(18951,0.0)
(18953,0.0)
(18957,0.0)
(18963,0.0)
(18965,0.0)
(18971,0.0)
(18973,0.0)
(18979,0.0)
(18981,0.0)
(18987,0.0)
(18989,0.0)
(18995,0.0)
(18997,0.0)
(19003,0.0)
(19005,0.0)
(19011,0.0)
(19013,0.0)
(19019,0.0)
(19021,0.0)
(19027,0.0)
(19029,0.0)
(19035,0.0)
(19037,0.0)
(19043,0.0)
(19045,0.0)
(19051,0.0)
(19053,0.0)
(19059,0.0)
(19061,0.0)
(19067,0.0)
(19069,0.0)
(19075,0.0)
(19077,0.0)
(19083,0.0)
(19085,0.0)
(19091,0.0)
(19093,0.0)
(19099,0.0)
(19101,0.0)
(19107,0.0)
(19109,0.0)
(19115,0.0)
(19117,0.0)
(19123,0.0)
(19125,0.0)
(19131,0.0)
(19133,0.0)
(19139,0.0)
(19141,0.0)
(19147,0.0)
(19149,0.0)
(19155,0.0)
(19157,0.0)
(19163,0.0)
(19165,0.0)
(19171,0.0)
(19173,0.0)
(19179,0.0)
(19181,0.0)
(19187,0.0)
(19189,0.0)
(19195,0.0)
(19197,0.0)
(19203,0.0)
(19205,0.0)
(19211,0.0)
(19215,0.0)
(19217,0.0)
(19223,0.0)
(19225,0.0)
(19231,0.0)
(19233,0.0)
(19239,0.0)
(19241,0.0)
(19247,0.0)
(19249,0.0)
(19255,0.0)
(19257,0.0)
(19263,0.0)
(19265,0.0)
(19271,0.0)
(19273,0.0)
(19279,0.0)
(19281,0.0)
(19287,0.0)
(19289,0.0)
(19295,0.0)
(19297,0.0)
(19303,0.0)
(19305,0.0)
(19311,0.0)
(19313,0.0)
(19319,0.0)
(19321,0.0)
(19327,0.0)
(19329,0.0)
(19335,0.0)
(19337,0.0)
(19343,0.0)
(19345,0.0)
(19351,0.0)
(19353,0.0)
(19359,0.0)
(19361,0.0)
(19367,0.0)
(19369,0.0)
(19375,0.0)
(19377,0.0)
(19383,0.0)
(19385,0.0)
(19391,0.0)
(19393,0.0)
(19399,0.0)
(19401,0.0)
(19407,0.0)
(19409,0.0)
(19415,0.0)
(19417,0.0)
(19423,0.0)
(19425,0.0)
(19431,0.0)
(19433,0.0)
(19439,0.0)
(19441,0.0)
(19447,0.0)
(19449,0.0)
(19455,0.0)
(19457,0.0)
(19463,0.0)
(19465,0.0)
(19471,0.0)
(19473,0.0)
(19479,0.0)
(19481,0.0)
(19487,0.0)
(19489,0.0)
(19495,0.0)
(19497,0.0)
(19503,0.0)
(19505,0.0)
(19511,0.0)
(19513,0.0)
(19519,0.0)
(19521,0.0)
(19527,0.0)
(19529,0.0)
(19535,0.0)
(19537,0.0)
(19543,0.0)
(19545,0.0)
(19551,0.0)
(19553,0.0)
(19559,0.0)
(19561,0.0)
(19567,0.0)
(19569,0.0)
(19575,0.0)
(19577,0.0)
(19583,0.0)
(19585,0.0)
(19591,0.0)
(19593,0.0)
(19599,0.0)
(19601,0.0)
(19607,0.0)
(19609,0.0)
(19615,0.0)
(19617,0.0)
(19623,0.0)
(19625,0.0)
(19631,0.0)
(19633,0.0)
(19637,0.0)
(19643,0.0)
(19645,0.0)
(19651,0.0)
(19653,0.0)
(19659,0.0)
(19661,0.0)
(19667,0.0)
(19669,0.0)
(19675,0.0)
(19677,0.0)
(19683,0.0)
(19685,0.0)
(19691,0.0)
(19693,0.0)
(19699,0.0)
(19701,0.0)
(19707,0.0)
(19709,0.0)
(19715,0.0)
(19717,0.0)
(19723,0.0)
(19725,0.0)
(19731,0.0)
(19733,0.0)
(19739,0.0)
(19741,0.0)
(19747,0.0)
(19749,0.0)
(19755,0.0)
(19757,0.0)
(19763,0.0)
(19765,0.0)
(19771,0.0)
(19773,0.0)
(19779,0.0)
(19783,0.0)
(19785,0.0)
(19791,0.0)
(19793,0.0)
(19799,0.0)
(19801,0.0)
(19807,0.0)
(19809,0.0)
(19815,0.0)
(19817,0.0)
(19823,0.0)
(19825,0.0)
(19831,0.0)
(19833,0.0)
(19839,0.0)
(19841,0.0)
(19847,0.0)
(19849,0.0)
(19855,0.0)
(19857,0.0)
(19863,0.0)
(19865,0.0)
(19871,0.0)
(19873,0.0)
(19879,0.0)
(19881,0.0)
(19887,0.0)
(19889,0.0)
(19895,0.0)
(19897,0.0)
(19903,0.0)
(19905,0.0)
(19909,0.0)
(19915,0.0)
(19917,0.0)
(19923,0.0)
(19925,0.0)
(19931,0.0)
(19933,0.0)
(19939,0.0)
(19941,0.0)
(19947,0.0)
(19949,0.0)
(19955,0.0)
(19957,0.0)
(19963,0.0)
(19965,0.0)
(19971,0.0)
(19973,0.0)
(19979,0.0)
(19981,0.0)
(19987,0.0)
(19989,0.0)
(19995,0.0)
(19997,0.0)
(20003,0.0)
(20005,0.0)
(20011,0.0)
(20013,0.0)
(20019,0.0)
(20021,0.0)
(20027,0.0)
(20029,0.0)
(20035,0.0)
(20037,0.0)
(20043,0.0)
(20045,0.0)
(20051,0.0)
(20053,0.0)
(20059,0.0)
(20061,0.0)
(20067,0.0)
(20069,0.0)
(20075,0.0)
(20079,0.0)
(20081,0.0)
(20087,0.0)
(20089,0.0)
(20095,0.0)
(20097,0.0)
(20103,0.0)
(20105,0.0)
(20111,0.0)
(20113,0.0)
(20119,0.0)
(20121,0.0)
(20127,0.0)
(20129,0.0)
(20135,0.0)
(20137,0.0)
(20143,0.0)
(20145,0.0)
(20151,0.0)
(20153,0.0)
(20159,0.0)
(20161,0.0)
(20167,0.0)
(20169,0.0)
(20175,0.0)
(20177,0.0)
(20183,0.0)
(20185,0.0)
(20191,0.0)
(20193,0.0)
(20199,0.0)
(20201,0.0)
(20207,0.0)
(20209,0.0)
(20215,0.0)
(20217,0.0)
(20223,0.0)
(20225,0.0)
(20231,0.0)
(20235,0.0)
(20237,0.0)
(20243,0.0)
(20245,0.0)
(20251,0.0)
(20253,0.0)
(20259,0.0)
(20261,0.0)
(20267,0.0)
(20269,0.0)
(20275,0.0)
(20277,0.0)
(20281,0.0)
(20285,0.0)
(20291,0.0)
(20293,0.0)
(20299,0.0)
(20301,0.0)
(20307,0.0)
(20309,0.0)
(20315,0.0)
(20317,0.0)
(20323,0.0)
(20325,0.0)
(20331,0.0)
(20333,0.0)
(20339,0.0)
(20341,0.0)
(20347,0.0)
(20349,0.0)
(20355,0.0)
(20357,0.0)
(20363,0.0)
(20365,0.0)
(20371,0.0)
(20373,0.0)
(20379,0.0)
(20381,0.0)
(20387,0.0)
(20389,0.0)
(20395,0.0)
(20397,0.0)
(20403,0.0)
(20405,0.0)
(20411,0.0)
(20413,0.0)
(20419,0.0)
(20421,0.0)
(20427,0.0)
(20429,0.0)
(20435,0.0)
(20437,0.0)
(20443,0.0)
(20445,0.0)
(20451,0.0)
(20453,0.0)
(20459,0.0)
(20461,0.0)
(20467,0.0)
(20469,0.0)
(20475,0.0)
(20477,0.0)
(20483,0.0)
(20485,0.0)
(20491,0.0)
(20493,0.0)
(20499,0.0)
(20501,0.0)
(20507,0.0)
(20509,0.0)
(20513,0.0)
(20519,0.0)
(20521,0.0)
(20527,0.0)
(20529,0.0)
(20535,0.0)
(20537,0.0)
(20543,0.0)
(20545,0.0)
(20551,0.0)
(20553,0.0)
(20559,0.0)
(20561,0.0)
(20567,0.0)
(20569,0.0)
(20575,0.0)
(20577,0.0)
(20583,0.0)
(20585,0.0)
(20591,0.0)
(20593,0.0)
(20599,0.0)
(20601,0.0)
(20607,0.0)
(20609,0.0)
(20613,0.0)
(20619,0.0)
(20621,0.0)
(20627,0.0)
(20629,0.0)
(20635,0.0)
(20637,0.0)
(20643,0.0)
(20645,0.0)
(20651,0.0)
(20653,0.0)
(20659,0.0)
(20661,0.0)
(20667,0.0)
(20669,0.0)
(20675,0.0)
(20677,0.0)
(20683,0.0)
(20685,0.0)
(20691,0.0)
(20693,0.0)
(20699,0.0)
(20701,0.0)
(20707,0.0)
(20709,0.0)
(20715,0.0)
(20717,0.0)
(20723,0.0)
(20725,0.0)
(20731,0.0)
(20733,0.0)
(20739,0.0)
(20741,0.0)
(20747,0.0)
(20749,0.0)
(20755,0.0)
(20757,0.0)
(20763,0.0)
(20765,0.0)
(20771,0.0)
(20773,0.0)
(20779,0.0)
(20781,0.0)
(20785,0.0)
(20791,0.0)
(20793,0.0)
(20799,0.0)
(20801,0.0)
(20807,0.0)
(20809,0.0)
(20815,0.0)
(20817,0.0)
(20823,0.0)
(20825,0.0)
(20831,0.0)
(20833,0.0)
(20839,0.0)
(20841,0.0)
(20847,0.0)
(20849,0.0)
(20855,0.0)
(20857,0.0)
(20863,0.0)
(20865,0.0)
(20871,0.0)
(20873,0.0)
(20879,0.0)
(20881,0.0)
(20887,0.0)
(20889,0.0)
(20895,0.0)
(20897,0.0)
(20903,0.0)
(20905,0.0)
(20911,0.0)
(20913,0.0)
(20919,0.0)
(20921,0.0)
(20927,0.0)
(20929,0.0)
(20935,0.0)
(20937,0.0)
(20943,0.0)
(20945,0.0)
(20951,0.0)
(20953,0.0)
(20959,0.0)
(20961,0.0)
(20967,0.0)
(20969,0.0)
(20975,0.0)
(20977,0.0)
(20983,0.0)
(20985,0.0)
(20991,0.0)
(20993,0.0)
(20999,0.0)
(21001,0.0)
(21007,0.0)
(21009,0.0)
(21015,0.0)
(21017,0.0)
(21023,0.0)
(21025,0.0)
(21031,0.0)
(21033,0.0)
(21039,0.0)
(21041,0.0)
(21047,0.0)
(21049,0.0)
(21055,0.0)
(21057,0.0)
(21063,0.0)
(21065,0.0)
(21071,0.0)
(21073,0.0)
(21079,0.0)
(21081,0.0)
(21087,0.0)
(21089,0.0)
(21095,0.0)
(21097,0.0)
(21103,0.0)
(21105,0.0)
(21111,0.0)
(21113,0.0)
(21119,0.0)
(21121,0.0)
(21127,0.0)
(21129,0.0)
(21135,0.0)
(21137,0.0)
(21143,0.0)
(21145,0.0)
(21151,0.0)
(21153,0.0)
(21159,0.0)
(21161,0.0)
(21167,0.0)
(21169,0.0)
(21175,0.0)
(21177,0.0)
(21183,0.0)
(21185,0.0)
(21191,0.0)
(21195,0.0)
(21197,0.0)
(21203,0.0)
(21205,0.0)
(21211,0.0)
(21213,0.0)
(21219,0.0)
(21221,0.0)
(21227,0.0)
(21229,0.0)
(21235,0.0)
(21237,0.0)
(21243,0.0)
(21245,0.0)
(21251,0.0)
(21253,0.0)
(21259,0.0)
(21261,0.0)
(21267,0.0)
(21269,0.0)
(21275,0.0)
(21277,0.0)
(21283,0.0)
(21285,0.0)
(21291,0.0)
(21293,0.0)
(21299,0.0)
(21301,0.0)
(21307,0.0)
(21309,0.0)
(21315,0.0)
(21317,0.0)
(21323,0.0)
(21325,0.0)
(21331,0.0)
(21333,0.0)
(21339,0.0)
(21341,0.0)
(21347,0.0)
(21349,0.0)
(21355,0.0)
(21357,0.0)
(21363,0.0)
(21365,0.0)
(21371,0.0)
(21373,0.0)
(21379,0.0)
(21381,0.0)
(21387,0.0)
(21389,0.0)
(21395,0.0)
(21397,0.0)
(21403,0.0)
(21405,0.0)
(21411,0.0)
(21413,0.0)
(21419,0.0)
(21421,0.0)
(21427,0.0)
(21429,0.0)
(21435,0.0)
(21437,0.0)
(21443,0.0)
(21445,0.0)
(21451,0.0)
(21453,0.0)
(21459,0.0)
(21461,0.0)
(21467,0.0)
(21469,0.0)
(21475,0.0)
(21477,0.0)
(21483,0.0)
(21485,0.0)
(21491,0.0)
(21493,0.0)
(21499,0.0)
(21501,0.0)
(21507,0.0)
(21509,0.0)
(21515,0.0)
(21517,0.0)
(21523,0.0)
(21525,0.0)
(21531,0.0)
(21533,0.0)
(21539,0.0)
(21541,0.0)
(21547,0.0)
(21551,0.0)
(21553,0.0)
(21559,0.0)
(21561,0.0)
(21567,0.0)
(21569,0.0)
(21573,0.0)
(21579,0.0)
(21581,0.0)
(21587,0.0)
(21589,0.0)
(21595,0.0)
(21597,0.0)
(21603,0.0)
(21605,0.0)
(21611,0.0)
(21613,0.0)
(21619,0.0)
(21621,0.0)
(21627,0.0)
(21629,0.0)
(21635,0.0)
(21637,0.0)
(21643,0.0)
(21645,0.0)
(21651,0.0)
(21653,0.0)
(21659,0.0)
(21661,0.0)
(21667,0.0)
(21671,0.0)
(21673,0.0)
(21679,0.0)
(21681,0.0)
(21687,0.0)
(21689,0.0)
(21695,0.0)
(21697,0.0)
(21703,0.0)
(21705,0.0)
(21711,0.0)
(21713,0.0)
(21719,0.0)
(21721,0.0)
(21727,0.0)
(21729,0.0)
(21735,0.0)
(21737,0.0)
(21743,0.0)
(21745,0.0)
(21751,0.0)
(21753,0.0)
(21759,0.0)
(21761,0.0)
(21767,0.0)
(21769,0.0)
(21775,0.0)
(21777,0.0)
(21783,0.0)
(21785,0.0)
(21791,0.0)
(21793,0.0)
(21799,0.0)
(21801,0.0)
(21807,0.0)
(21809,0.0)
(21815,0.0)
(21817,0.0)
(21823,0.0)
(21825,0.0)
(21831,0.0)
(21833,0.0)
(21839,0.0)
(21841,0.0)
(21847,0.0)
(21849,0.0)
(21855,0.0)
(21857,0.0)
(21863,0.0)
(21865,0.0)
(21871,0.0)
(21873,0.0)
(21879,0.0)
(21883,0.0)
(21885,0.0)
(21891,0.0)
(21893,0.0)
(21899,0.0)
(21901,0.0)
(21907,0.0)
(21909,0.0)
(21915,0.0)
(21917,0.0)
(21923,0.0)
(21925,0.0)
(21931,0.0)
(21933,0.0)
(21939,0.0)
(21941,0.0)
(21947,0.0)
(21949,0.0)
(21955,0.0)
(21957,0.0)
(21963,0.0)
(21965,0.0)
(21971,0.0)
(21973,0.0)
(21979,0.0)
(21981,0.0)
(21987,0.0)
(21989,0.0)
(21995,0.0)
(21997,0.0)
(22003,0.0)
(22005,0.0)
(22011,0.0)
(22013,0.0)
(22019,0.0)
(22021,0.0)
(22027,0.0)
(22029,0.0)
(22035,0.0)
(22037,0.0)
(22043,0.0)
(22045,0.0)
(22051,0.0)
(22053,0.0)
(22059,0.0)
(22061,0.0)
(22067,0.0)
(22069,0.0)
(22075,0.0)
(22077,0.0)
(22083,0.0)
(22085,0.0)
(22091,0.0)
(22093,0.0)
(22099,0.0)
(22101,0.0)
(22107,0.0)
(22109,0.0)
(22115,0.0)
(22117,0.0)
(22123,0.0)
(22125,0.0)
(22131,0.0)
(22133,0.0)
(22139,0.0)
(22141,0.0)
(22147,0.0)
(22149,0.0)
(22155,0.0)
(22157,0.0)
(22163,0.0)
(22165,0.0)
(22171,0.0)
(22173,0.0)
(22179,0.0)
(22181,0.0)
(22185,0.0)
(22191,0.0)
(22193,0.0)
(22199,0.0)
(22201,0.0)
(22207,0.0)
(22209,0.0)
(22215,0.0)
(22217,0.0)
(22223,0.0)
(22225,0.0)
(22231,0.0)
(22233,0.0)
(22239,0.0)
(22241,0.0)
(22247,0.0)
(22249,0.0)
(22255,0.0)
(22257,0.0)
(22263,0.0)
(22265,0.0)
(22271,0.0)
(22273,0.0)
(22279,0.0)
(22281,0.0)
(22287,0.0)
(22289,0.0)
(22295,0.0)
(22297,0.0)
(22303,0.0)
(22305,0.0)
(22311,0.0)
(22313,0.0)
(22319,0.0)
(22321,0.0)
(22327,0.0)
(22329,0.0)
(22335,0.0)
(22337,0.0)
(22343,0.0)
(22345,0.0)
(22351,0.0)
(22353,0.0)
(22359,0.0)
(22361,0.0)
(22367,0.0)
(22369,0.0)
(22375,0.0)
(22377,0.0)
(22383,0.0)
(22385,0.0)
(22391,0.0)
(22393,0.0)
(22399,0.0)
(22401,0.0)
(22407,0.0)
(22409,0.0)
(22415,0.0)
(22417,0.0)
(22423,0.0)
(22425,0.0)
(22431,0.0)
(22433,0.0)
(22439,0.0)
(22441,0.0)
(22447,0.0)
(22449,0.0)
(22455,0.0)
(22457,0.0)
(22463,0.0)
(22465,0.0)
(22471,0.0)
(22473,0.0)
(22479,0.0)
(22481,0.0)
(22487,0.0)
(22489,0.0)
(22495,0.0)
(22497,0.0)
(22503,0.0)
(22505,0.0)
(22511,0.0)
(22513,0.0)
(22519,0.0)
(22521,0.0)
(22527,0.0)
(22529,0.0)
(22535,0.0)
(22537,0.0)
(22543,0.0)
(22545,0.0)
(22551,0.0)
(22553,0.0)
(22559,0.0)
(22561,0.0)
(22567,0.0)
(22569,0.0)
(22575,0.0)
(22577,0.0)
(22583,0.0)
(22585,0.0)
(22591,0.0)
(22593,0.0)
(22599,0.0)
(22601,0.0)
(22607,0.0)
(22609,0.0)
(22615,0.0)
(22617,0.0)
(22623,0.0)
(22625,0.0)
(22631,0.0)
(22633,0.0)
(22639,0.0)
(22641,0.0)
(22647,0.0)
(22649,0.0)
(22655,0.0)
(22657,0.0)
(22663,0.0)
(22665,0.0)
(22671,0.0)
(22673,0.0)
(22679,0.0)
(22681,0.0)
(22687,0.0)
(22689,0.0)
(22695,0.0)
(22697,0.0)
(22703,0.0)
(22705,0.0)
(22711,0.0)
(22713,0.0)
(22719,0.0)
(22721,0.0)
(22727,0.0)
(22729,0.0)
(22735,0.0)
(22737,0.0)
(22743,0.0)
(22745,0.0)
(22751,0.0)
(22753,0.0)
(22759,0.0)
(22761,0.0)
(22767,0.0)
(22769,0.0)
(22775,0.0)
(22777,0.0)
(22783,0.0)
(22785,0.0)
(22791,0.0)
(22793,0.0)
(22799,0.0)
(22801,0.0)
(22807,0.0)
(22809,0.0)
(22815,0.0)
(22817,0.0)
(22823,0.0)
(22825,0.0)
(22831,0.0)
(22833,0.0)
(22837,0.0)
(22843,0.0)
(22845,0.0)
(22851,0.0)
(22853,0.0)
(22859,0.0)
(22861,0.0)
(22867,0.0)
(22869,0.0)
(22875,0.0)
(22877,0.0)
(22883,0.0)
(22885,0.0)
(22889,0.0)
(22895,0.0)
(22897,0.0)
(22903,0.0)
(22905,0.0)
(22911,0.0)
(22913,0.0)
(22919,0.0)
(22921,0.0)
(22927,0.0)
(22929,0.0)
(22935,0.0)
(22937,0.0)
(22943,0.0)
(22945,0.0)
(22951,0.0)
(22953,0.0)
(22959,0.0)
(22961,0.0)
(22967,0.0)
(22969,0.0)
(22975,0.0)
(22977,0.0)
(22983,0.0)
(22985,0.0)
(22991,0.0)
(22993,0.0)
(22999,0.0)
(23001,0.0)
(23007,0.0)
(23009,0.0)
(23015,0.0)
(23017,0.0)
(23023,0.0)
(23025,0.0)
(23031,0.0)
(23033,0.0)
(23039,0.0)
(23041,0.0)
(23047,0.0)
(23049,0.0)
(23055,0.0)
(23057,0.0)
(23063,0.0)
(23065,0.0)
(23071,0.0)
(23073,0.0)
(23079,0.0)
(23081,0.0)
(23087,0.0)
(23089,0.0)
(23095,0.0)
(23097,0.0)
(23103,0.0)
(23105,0.0)
(23111,0.0)
(23113,0.0)
(23119,0.0)
(23121,0.0)
(23127,0.0)
(23129,0.0)
(23135,0.0)
(23139,0.0)
(23141,0.0)
(23147,0.0)
(23149,0.0)
(23155,0.0)
(23157,0.0)
(23163,0.0)
(23165,0.0)
(23171,0.0)
(23173,0.0)
(23179,0.0)
(23181,0.0)
(23187,0.0)
(23189,0.0)
(23195,0.0)
(23197,0.0)
(23203,0.0)
(23205,0.0)
(23211,0.0)
(23213,0.0)
(23219,0.0)
(23221,0.0)
(23227,0.0)
(23229,0.0)
(23235,0.0)
(23237,0.0)
(23243,0.0)
(23245,0.0)
(23251,0.0)
(23253,0.0)
(23259,0.0)
(23263,0.0)
(23265,0.0)
(23269,0.0)
(23275,0.0)
(23277,0.0)
(23283,0.0)
(23285,0.0)
(23291,0.0)
(23293,0.0)
(23299,0.0)
(23301,0.0)
(23307,0.0)
(23309,0.0)
(23315,0.0)
(23317,0.0)
(23323,0.0)
(23325,0.0)
(23331,0.0)
(23333,0.0)
(23337,0.0)
(23341,0.0)
(23345,0.0)
(23351,0.0)
(23353,0.0)
(23359,0.0)
(23361,0.0)
(23367,0.0)
(23369,0.0)
(23375,0.0)
(23377,0.0)
(23383,0.0)
(23385,0.0)
(23389,0.0)
(23395,0.0)
(23397,0.0)
(23403,0.0)
(23405,0.0)
(23411,0.0)
(23413,0.0)
(23419,0.0)
(23421,0.0)
(23427,0.0)
(23429,0.0)
(23435,0.0)
(23437,0.0)
(23443,0.0)
(23445,0.0)
(23451,0.0)
(23453,0.0)
(23459,0.0)
(23461,0.0)
(23465,0.0)
(23471,0.0)
(23473,0.0)
(23479,0.0)
(23481,0.0)
(23487,0.0)
(23489,0.0)
(23493,0.0)
(23499,0.0)
(23501,0.0)
(23507,0.0)
(23509,0.0)
(23515,0.0)
(23517,0.0)
(23523,0.0)
(23525,0.0)
(23531,0.0)
(23533,0.0)
(23539,0.0)
(23541,0.0)
(23547,0.0)
(23549,0.0)
(23555,0.0)
(23557,0.0)
(23563,0.0)
(23565,0.0)
(23571,0.0)
(23573,0.0)
(23579,0.0)
(23581,0.0)
(23587,0.0)
(23589,0.0)
(23595,0.0)
(23597,0.0)
(23603,0.0)
(23605,0.0)
(23611,0.0)
(23613,0.0)
(23619,0.0)
(23621,0.0)
(23627,0.0)
(23629,0.0)
(23635,0.0)
(23637,0.0)
(23641,0.0)
(23647,0.0)
(23649,0.0)
(23655,0.0)
(23657,0.0)
(23663,0.0)
(23665,0.0)
(23671,0.0)
(23673,0.0)
(23679,0.0)
(23681,0.0)
(23687,0.0)
(23689,0.0)
(23695,0.0)
(23697,0.0)
(23703,0.0)
(23707,0.0)
(23709,0.0)
(23715,0.0)
(23717,0.0)
(23723,0.0)
(23725,0.0)
(23731,0.0)
(23733,0.0)
(23739,0.0)
(23741,0.0)
(23747,0.0)
(23749,0.0)
(23755,0.0)
(23759,0.0)
(23761,0.0)
(23767,0.0)
(23769,0.0)
(23775,0.0)
(23779,0.0)
(23783,0.0)
(23787,0.0)
(23789,0.0)
(23795,0.0)
(23797,0.0)
(23803,0.0)
(23807,0.0)
(23811,0.0)
(23815,0.0)
(23819,0.0)
(23823,0.0)
(23825,0.0)
(23831,0.0)
(23833,0.0)
(23839,0.0)
(23841,0.0)
(23847,0.0)
(23849,0.0)
(23855,0.0)
(23857,0.0)
(23863,0.0)
(23865,0.0)
(23871,0.0)
(23873,0.0)
(23879,0.0)
(23881,0.0)
(23887,0.0)
(23889,0.0)
(23895,0.0)
(23897,0.0)
(23901,0.0)
(23907,0.0)
(23909,0.0)
(23915,0.0)
(23917,0.0)
(23923,0.0)
(23925,0.0)
(23931,0.0)
(23933,0.0)
(23939,0.0)
(23941,0.0)
(23947,0.0)
(23949,0.0)
(23955,0.0)
(23957,0.0)
(23963,0.0)
(23965,0.0)
(23971,0.0)
(23973,0.0)
(23979,0.0)
(23983,0.0)
(23985,0.0)
(23991,0.0)
(23993,0.0)
(23999,0.0)
(24001,0.0)
(24007,0.0)
(24009,0.0)
(24015,0.0)
(24017,0.0)
(24023,0.0)
(24025,0.0)
(24031,0.0)
(24033,0.0)
(24037,0.0)
(24043,0.0)
(24045,0.0)
(24051,0.0)
(24053,0.0)
(24059,0.0)
(24061,0.0)
(24067,0.0)
(24069,0.0)
(24075,0.0)
(24077,0.0)
(24083,0.0)
(24085,0.0)
(24091,0.0)
(24093,0.0)
(24099,0.0)
(24101,0.0)
(24107,0.0)
(24109,0.0)
(24115,0.0)
(24117,0.0)
(24123,0.0)
(24125,0.0)
(24131,0.0)
(24133,0.0)
(24139,0.0)
(24141,0.0)
(24147,0.0)
(24149,0.0)
(24155,0.0)
(24157,0.0)
(24163,0.0)
(24165,0.0)
(24171,0.0)
(24173,0.0)
(24179,0.0)
(24181,0.0)
(24187,0.0)
(24189,0.0)
(24193,0.0)
(24199,0.0)
(24201,0.0)
(24207,0.0)
(24209,0.0)
(24215,0.0)
(24217,0.0)
(24223,0.0)
(24225,0.0)
(24231,0.0)
(24233,0.0)
(24239,0.0)
(24241,0.0)
(24247,0.0)
(24249,0.0)
(24255,0.0)
(24257,0.0)
(24263,0.0)
(24265,0.0)
(24271,0.0)
(24273,0.0)
(24279,0.0)
(24281,0.0)
(24287,0.0)
(24289,0.0)
(24295,0.0)
(24297,0.0)
(24303,0.0)
(24307,0.0)
(24309,0.0)
(24315,0.0)
(24317,0.0)
(24323,0.0)
(24325,0.0)
(24331,0.0)
(24333,0.0)
(24339,0.0)
(24341,0.0)
(24347,0.0)
(24349,0.0)
(24355,0.0)
(24357,0.0)
(24363,0.0)
(24365,0.0)
(24371,0.0)
(24373,0.0)
(24379,0.0)
(24381,0.0)
(24387,0.0)
(24389,0.0)
(24395,0.0)
(24397,0.0)
(24403,0.0)
(24405,0.0)
(24411,0.0)
(24413,0.0)
(24419,0.0)
(24421,0.0)
(24427,0.0)
(24429,0.0)
(24435,0.0)
(24437,0.0)
(24443,0.0)
(24445,0.0)
(24451,0.0)
(24453,0.0)
(24459,0.0)
(24461,0.0)
(24467,0.0)
(24469,0.0)
(24475,0.0)
(24477,0.0)
(24483,0.0)
(24485,0.0)
(24491,0.0)
(24493,0.0)
(24499,0.0)
(24501,0.0)
(24507,0.0)
(24509,0.0)
(24515,0.0)
(24517,0.0)
(24523,0.0)
(24525,0.0)
(24531,0.0)
(24533,0.0)
(24539,0.0)
(24541,0.0)
(24547,0.0)
(24551,0.0)
(24553,0.0)
(24559,0.0)
(24561,0.0)
(24567,0.0)
(24569,0.0)
(24575,0.0)
(24577,0.0)
(24583,0.0)
(24585,0.0)
(24591,0.0)
(24593,0.0)
(24599,0.0)
(24601,0.0)
(24607,0.0)
(24609,0.0)
(24615,0.0)
(24617,0.0)
(24623,0.0)
(24625,0.0)
(24631,0.0)
(24633,0.0)
(24639,0.0)
(24641,0.0)
(24647,0.0)
(24649,0.0)
(24655,0.0)
(24657,0.0)
(24663,0.0)
(24665,0.0)
(24671,0.0)
(24673,0.0)
(24679,0.0)
(24681,0.0)
(24687,0.0)
(24689,0.0)
(24695,0.0)
(24697,0.0)
(24703,0.0)
(24705,0.0)
(24711,0.0)
(24713,0.0)
(24719,0.0)
(24721,0.0)
(24727,0.0)
(24729,0.0)
(24735,0.0)
(24737,0.0)
(24743,0.0)
(24745,0.0)
(24751,0.0)
(24753,0.0)
(24759,0.0)
(24761,0.0)
(24767,0.0)
(24769,0.0)
(24775,0.0)
(24777,0.0)
(24783,0.0)
(24785,0.0)
(24791,0.0)
(24795,0.0)
(24797,0.0)
(24803,0.0)
(24805,0.0)
(24811,0.0)
(24813,0.0)
(24819,0.0)
(24821,0.0)
(24827,0.0)
(24829,0.0)
(24835,0.0)
(24837,0.0)
(24843,0.0)
(24845,0.0)
(24851,0.0)
(24853,0.0)
(24859,0.0)
(24861,0.0)
(24867,0.0)
(24869,0.0)
(24875,0.0)
(24877,0.0)
(24883,0.0)
(24885,0.0)
(24891,0.0)
(24893,0.0)
(24899,0.0)
(24901,0.0)
(24907,0.0)
(24909,0.0)
(24915,0.0)
(24917,0.0)
(24923,0.0)
(24927,0.0)
(24929,0.0)
(24935,0.0)
(24937,0.0)
(24943,0.0)
(24945,0.0)
(24951,0.0)
(24953,0.0)
(24959,0.0)
(24961,0.0)
(24965,0.0)
(24971,0.0)
(24973,0.0)
(24979,0.0)
(24983,0.0)
(24987,0.0)
(24989,0.0)
(24995,0.0)
(24997,0.0)
(25001,0.0)
(25007,0.0)
(25009,0.0)
(25015,0.0)
(25017,0.0)
(25023,0.0)
(25025,0.0)
(25031,0.0)
(25033,0.0)
(25039,0.0)
(25041,0.0)
(25047,0.0)
(25051,0.0)
(25053,0.0)
(25059,0.0)
(25061,0.0)
(25067,0.0)
(25069,0.0)
(25075,0.0)
(25077,0.0)
(25083,0.0)
(25085,0.0)
(25091,0.0)
(25093,0.0)
(25099,0.0)
(25101,0.0)
(25107,0.0)
(25109,0.0)
(25115,0.0)
(25117,0.0)
(25123,0.0)
(25125,0.0)
(25129,0.0)
(25135,0.0)
(25137,0.0)
(25143,0.0)
(25145,0.0)
(25151,0.0)
(25153,0.0)
(25159,0.0)
(25161,0.0)
(25167,0.0)
(25171,0.0)
(25173,0.0)
(25179,0.0)
(25181,0.0)
(25187,0.0)
(25189,0.0)
(25195,0.0)
(25197,0.0)
(25203,0.0)
(25205,0.0)
(25211,0.0)
(25213,0.0)
(25217,0.0)
(25223,0.0)
(25225,0.0)
(25231,0.0)
(25235,0.0)
(25237,0.0)
(25241,0.0)
(25247,0.0)
(25251,0.0)
(25255,0.0)
(25257,0.0)
(25263,0.0)
(25265,0.0)
(25271,0.0)
(25273,0.0)
(25279,0.0)
(25281,0.0)
(25287,0.0)
(25289,0.0)
(25295,0.0)
(25297,0.0)
(25303,0.0)
(25305,0.0)
(25311,0.0)
(25313,0.0)
(25319,0.0)
(25321,0.0)
(25327,0.0)
(25329,0.0)
(25335,0.0)
(25337,0.0)
(25343,0.0)
(25345,0.0)
(25351,0.0)
(25353,0.0)
(25359,0.0)
(25361,0.0)
(25367,0.0)
(25371,0.0)
(25373,0.0)
(25379,0.0)
(25381,0.0)
(25387,0.0)
(25389,0.0)
(25393,0.0)
(25399,0.0)
(25403,0.0)
(25405,0.0)
(25411,0.0)
(25413,0.0)
(25419,0.0)
(25421,0.0)
(25427,0.0)
(25429,0.0)
(25435,0.0)
(25437,0.0)
(25443,0.0)
(25445,0.0)
(25449,0.0)
(25455,0.0)
(25457,0.0)
(25463,0.0)
(25467,0.0)
(25469,0.0)
(25475,0.0)
(25479,0.0)
(25481,0.0)
(25487,0.0)
(25489,0.0)
(25495,0.0)
(25497,0.0)
(25503,0.0)
(25505,0.0)
(25511,0.0)
(25513,0.0)
(25517,0.0)
(25523,0.0)
(25525,0.0)
(25531,0.0)
(25533,0.0)
(25539,0.0)
(25541,0.0)
(25547,0.0)
(25549,0.0)
(25555,0.0)
(25557,0.0)
(25563,0.0)
(25565,0.0)
(25571,0.0)
(25573,0.0)
(25579,0.0)
(25581,0.0)
(25587,0.0)
(25589,0.0)
(25595,0.0)
(25599,0.0)
(25601,0.0)
(25607,0.0)
(25609,0.0)
(25615,0.0)
(25617,0.0)
(25623,0.0)
(25625,0.0)
(25631,0.0)
(25633,0.0)
(25639,0.0)
(25641,0.0)
(25647,0.0)
(25649,0.0)
(25655,0.0)
(25657,0.0)
(25663,0.0)
(25665,0.0)
(25671,0.0)
(25673,0.0)
(25679,0.0)
(25681,0.0)
(25687,0.0)
(25689,0.0)
(25695,0.0)
(25697,0.0)
(25703,0.0)
(25705,0.0)
(25711,0.0)
(25713,0.0)
(25719,0.0)
(25721,0.0)
(25727,0.0)
(25729,0.0)
(25735,0.0)
(25737,0.0)
(25743,0.0)
(25745,0.0)
(25749,0.0)
(25755,0.0)
(25757,0.0)
(25763,0.0)
(25765,0.0)
(25771,0.0)
(25773,0.0)
(25779,0.0)
(25783,0.0)
(25785,0.0)
(25791,0.0)
(25793,0.0)
(25799,0.0)
(25801,0.0)
(25807,0.0)
(25809,0.0)
(25815,0.0)
(25817,0.0)
(25821,0.0)
(25827,0.0)
(25829,0.0)
(25835,0.0)
(25837,0.0)
(25843,0.0)
(25845,0.0)
(25851,0.0)
(25853,0.0)
(25859,0.0)
(25861,0.0)
(25867,0.0)
(25869,0.0)
(25873,0.0)
(25879,0.0)
(25881,0.0)
(25887,0.0)
(25889,0.0)
(25895,0.0)
(25897,0.0)
(25903,0.0)
(25905,0.0)
(25911,0.0)
(25913,0.0)
(25919,0.0)
(25921,0.0)
(25927,0.0)
(25931,0.0)
(25933,0.0)
(25939,0.0)
(25941,0.0)
(25947,0.0)
(25949,0.0)
(25955,0.0)
(25957,0.0)
(25963,0.0)
(25965,0.0)
(25971,0.0)
(25973,0.0)
(25979,0.0)
(25981,0.0)
(25985,0.0)
(25991,0.0)
(25993,0.0)
(25999,0.0)
(26001,0.0)
(26007,0.0)
(26011,0.0)
(26013,0.0)
(26019,0.0)
(26021,0.0)
(26027,0.0)
(26029,0.0)
(26035,0.0)
(26037,0.0)
(26043,0.0)
(26045,0.0)
(26051,0.0)
(26053,0.0)
(26059,0.0)
(26061,0.0)
(26065,0.0)
(26071,0.0)
(26073,0.0)
(26079,0.0)
(26081,0.0)
(26087,0.0)
(26089,0.0)
(26095,0.0)
(26097,0.0)
(26103,0.0)
(26105,0.0)
(26111,0.0)
(26113,0.0)
(26119,0.0)
(26121,0.0)
(26127,0.0)
(26129,0.0)
(26135,0.0)
(26137,0.0)
(26143,0.0)
(26145,0.0)
(26151,0.0)
(26153,0.0)
(26159,0.0)
(26161,0.0)
(26167,0.0)
(26169,0.0)
(26175,0.0)
(26177,0.0)
(26183,0.0)
(26187,0.0)
(26189,0.0)
(26195,0.0)
(26197,0.0)
(26203,0.0)
(26205,0.0)
(26211,0.0)
(26213,0.0)
(26219,0.0)
(26221,0.0)
(26227,0.0)
(26229,0.0)
(26235,0.0)
(26237,0.0)
(26243,0.0)
(26245,0.0)
(26251,0.0)
(26253,0.0)
(26259,0.0)
(26261,0.0)
(26267,0.0)
(26269,0.0)
(26275,0.0)
(26277,0.0)
(26281,0.0)
(26287,0.0)
(26289,0.0)
(26295,0.0)
(26297,0.0)
(26303,0.0)
(26305,0.0)
(26311,0.0)
(26313,0.0)
(26319,0.0)
(26321,0.0)
(26327,0.0)
(26329,0.0)
(26335,0.0)
(26337,0.0)
(26343,0.0)
(26345,0.0)
(26351,0.0)
(26353,0.0)
(26359,0.0)
(26361,0.0)
(26367,0.0)
(26369,0.0)
(26375,0.0)
(26377,0.0)
(26383,0.0)
(26385,0.0)
(26391,0.0)
(26393,0.0)
(26399,0.0)
(26401,0.0)
(26407,0.0)
(26409,0.0)
(26415,0.0)
(26417,0.0)
(26423,0.0)
(26425,0.0)
(26431,0.0)
(26433,0.0)
(26439,0.0)
(26441,0.0)
(26447,0.0)
(26451,0.0)
(26453,0.0)
(26459,0.0)
(26461,0.0)
(26467,0.0)
(26469,0.0)
(26475,0.0)
(26477,0.0)
(26483,0.0)
(26485,0.0)
(26491,0.0)
(26493,0.0)
(26499,0.0)
(26501,0.0)
(26507,0.0)
(26511,0.0)
(26513,0.0)
(26519,0.0)
(26521,0.0)
(26527,0.0)
(26529,0.0)
(26535,0.0)
(26537,0.0)
(26541,0.0)
(26547,0.0)
(26549,0.0)
(26555,0.0)
(26557,0.0)
(26563,0.0)
(26565,0.0)
(26571,0.0)
(26573,0.0)
(26579,0.0)
(26581,0.0)
(26587,0.0)
(26589,0.0)
(26595,0.0)
(26597,0.0)
(26601,0.0)
(26607,0.0)
(26609,0.0)
(26615,0.0)
(26617,0.0)
(26623,0.0)
(26625,0.0)
(26631,0.0)
(26633,0.0)
(26639,0.0)
(26641,0.0)
(26647,0.0)
(26649,0.0)
(26655,0.0)
(26657,0.0)
(26663,0.0)
(26665,0.0)
(26671,0.0)
(26673,0.0)
(26679,0.0)
(26681,0.0)
(26687,0.0)
(26689,0.0)
(26695,0.0)
(26697,0.0)
(26701,0.0)
(26707,0.0)
(26709,0.0)
(26715,0.0)
(26717,0.0)
(26723,0.0)
(26725,0.0)
(26731,0.0)
(26733,0.0)
(26739,0.0)
(26741,0.0)
(26747,0.0)
(26749,0.0)
(26755,0.0)
(26757,0.0)
(26763,0.0)
(26765,0.0)
(26771,0.0)
(26773,0.0)
(26779,0.0)
(26781,0.0)
(26787,0.0)
(26789,0.0)
(26795,0.0)
(26797,0.0)
(26803,0.0)
(26805,0.0)
(26811,0.0)
(26813,0.0)
(26819,0.0)
(26821,0.0)
(26827,0.0)
(26831,0.0)
(26833,0.0)
(26839,0.0)
(26841,0.0)
(26847,0.0)
(26849,0.0)
(26855,0.0)
(26857,0.0)
(26863,0.0)
(26865,0.0)
(26871,0.0)
(26875,0.0)
(26877,0.0)
(26883,0.0)
(26885,0.0)
(26891,0.0)
(26893,0.0)
(26899,0.0)
(26901,0.0)
(26907,0.0)
(26909,0.0)
(26915,0.0)
(26917,0.0)
(26923,0.0)
(26925,0.0)
(26931,0.0)
(26933,0.0)
(26939,0.0)
(26941,0.0)
(26947,0.0)
(26949,0.0)
(26955,0.0)
(26957,0.0)
(26963,0.0)
(26965,0.0)
(26971,0.0)
(26973,0.0)
(26979,0.0)
(26981,0.0)
(26987,0.0)
(26989,0.0)
(26995,0.0)
(26997,0.0)
(27003,0.0)
(27005,0.0)
(27011,0.0)
(27013,0.0)
(27019,0.0)
(27021,0.0)
(27027,0.0)
(27029,0.0)
(27035,0.0)
(27037,0.0)
(27043,0.0)
(27045,0.0)
(27051,0.0)
(27053,0.0)
(27059,0.0)
(27061,0.0)
(27067,0.0)
(27069,0.0)
(27075,0.0)
(27077,0.0)
(27083,0.0)
(27085,0.0)
(27091,0.0)
(27093,0.0)
(27099,0.0)
(27101,0.0)
(27107,0.0)
(27109,0.0)
(27115,0.0)
(27117,0.0)
(27123,0.0)
(27125,0.0)
(27131,0.0)
(27133,0.0)
(27139,0.0)
(27141,0.0)
(27147,0.0)
(27149,0.0)
(27155,0.0)
(27157,0.0)
(27163,0.0)
(27167,0.0)
(27169,0.0)
(27175,0.0)
(27177,0.0)
(27183,0.0)
(27185,0.0)
(27191,0.0)
(27193,0.0)
(27199,0.0)
(27201,0.0)
(27207,0.0)
(27209,0.0)
(27215,0.0)
(27217,0.0)
(27223,0.0)
(27225,0.0)
(27231,0.0)
(27233,0.0)
(27239,0.0)
(27241,0.0)
(27247,0.0)
(27249,0.0)
(27255,0.0)
(27257,0.0)
(27263,0.0)
(27265,0.0)
(27271,0.0)
(27273,0.0)
(27279,0.0)
(27281,0.0)
(27287,0.0)
(27289,0.0)
(27295,0.0)
(27297,0.0)
(27303,0.0)
(27305,0.0)
(27311,0.0)
(27313,0.0)
(27319,0.0)
(27321,0.0)
(27327,0.0)
(27329,0.0)
(27335,0.0)
(27337,0.0)
(27343,0.0)
(27345,0.0)
(27351,0.0)
(27353,0.0)
(27359,0.0)
(27361,0.0)
(27367,0.0)
(27369,0.0)
(27375,0.0)
(27377,0.0)
(27383,0.0)
(27385,0.0)
(27389,0.0)
(27395,0.0)
(27397,0.0)
(27403,0.0)
(27405,0.0)
(27411,0.0)
(27413,0.0)
(27419,0.0)
(27421,0.0)
(27427,0.0)
(27429,0.0)
(27435,0.0)
(27437,0.0)
(27443,0.0)
(27445,0.0)
(27451,0.0)
(27453,0.0)
(27459,0.0)
(27461,0.0)
(27467,0.0)
(27469,0.0)
(27475,0.0)
(27477,0.0)
(27483,0.0)
(27487,0.0)
(27489,0.0)
(27495,0.0)
(27497,0.0)
(27503,0.0)
(27505,0.0)
(27511,0.0)
(27513,0.0)
(27519,0.0)
(27521,0.0)
(27527,0.0)
(27529,0.0)
(27533,0.0)
(27539,0.0)
(27541,0.0)
(27547,0.0)
(27549,0.0)
(27555,0.0)
(27557,0.0)
(27561,0.0)
(27567,0.0)
(27569,0.0)
(27575,0.0)
(27577,0.0)
(27583,0.0)
(27585,0.0)
(27591,0.0)
(27593,0.0)
(27599,0.0)
(27601,0.0)
(27607,0.0)
(27609,0.0)
(27615,0.0)
(27617,0.0)
(27623,0.0)
(27625,0.0)
(27631,0.0)
(27633,0.0)
(27639,0.0)
(27641,0.0)
(27647,0.0)
(27649,0.0)
(27655,0.0)
(27657,0.0)
(27663,0.0)
(27665,0.0)
(27671,0.0)
(27673,0.0)
(27679,0.0)
(27681,0.0)
(27687,0.0)
(27689,0.0)
(27695,0.0)
(27697,0.0)
(27703,0.0)
(27705,0.0)
(27711,0.0)
(27713,0.0)
(27719,0.0)
(27721,0.0)
(27727,0.0)
(27731,0.0)
(27733,0.0)
(27739,0.0)
(27741,0.0)
(27745,0.0)
(27751,0.0)
(27753,0.0)
(27759,0.0)
(27761,0.0)
(27767,0.0)
(27769,0.0)
(27775,0.0)
(27777,0.0)
(27783,0.0)
(27785,0.0)
(27791,0.0)
(27793,0.0)
(27799,0.0)
(27801,0.0)
(27807,0.0)
(27809,0.0)
(27815,0.0)
(27817,0.0)
(27823,0.0)
(27825,0.0)
(27831,0.0)
(27833,0.0)
(27839,0.0)
(27841,0.0)
(27847,0.0)
(27849,0.0)
(27855,0.0)
(27857,0.0)
(27863,0.0)
(27865,0.0)
(27871,0.0)
(27873,0.0)
(27879,0.0)
(27881,0.0)
(27887,0.0)
(27889,0.0)
(27895,0.0)
(27899,0.0)
(27901,0.0)
(27907,0.0)
(27909,0.0)
(27915,0.0)
(27917,0.0)
(27923,0.0)
(27925,0.0)
(27931,0.0)
(27933,0.0)
(27939,0.0)
(27941,0.0)
(27947,0.0)
(27949,0.0)
(27955,0.0)
(27957,0.0)
(27963,0.0)
(27965,0.0)
(27971,0.0)
(27973,0.0)
(27977,0.0)
(27983,0.0)
(27985,0.0)
(27991,0.0)
(27993,0.0)
(27999,0.0)
(28001,0.0)
(28007,0.0)
(28009,0.0)
(28015,0.0)
(28017,0.0)
(28023,0.0)
(28025,0.0)
(28031,0.0)
(28033,0.0)
(28039,0.0)
(28041,0.0)
(28047,0.0)
(28049,0.0)
(28055,0.0)
(28057,0.0)
(28063,0.0)
(28065,0.0)
(28071,0.0)
(28073,0.0)
(28079,0.0)
(28081,0.0)
(28087,0.0)
(28089,0.0)
(28095,0.0)
(28097,0.0)
(28103,0.0)
(28105,0.0)
(28111,0.0)
(28113,0.0)
(28119,0.0)
(28121,0.0)
(28127,0.0)
(28129,0.0)
(28135,0.0)
(28137,0.0)
(28143,0.0)
(28145,0.0)
(28151,0.0)
(28153,0.0)
(28159,0.0)
(28163,0.0)
(28165,0.0)
(28171,0.0)
(28175,0.0)
(28177,0.0)
(28183,0.0)
(28185,0.0)
(28191,0.0)
(28193,0.0)
(28199,0.0)
(28201,0.0)
(28207,0.0)
(28209,0.0)
(28215,0.0)
(28217,0.0)
(28223,0.0)
(28225,0.0)
(28231,0.0)
(28233,0.0)
(28239,0.0)
(28241,0.0)
(28247,0.0)
(28249,0.0)
(28255,0.0)
(28257,0.0)
(28261,0.0)
(28267,0.0)
(28269,0.0)
(28275,0.0)
(28277,0.0)
(28283,0.0)
(28285,0.0)
(28291,0.0)
(28293,0.0)
(28299,0.0)
(28301,0.0)
(28307,0.0)
(28309,0.0)
(28315,0.0)
(28317,0.0)
(28323,0.0)
(28325,0.0)
(28331,0.0)
(28333,0.0)
(28339,0.0)
(28341,0.0)
(28347,0.0)
(28351,0.0)
(28353,0.0)
(28357,0.0)
(28363,0.0)
(28365,0.0)
(28371,0.0)
(28373,0.0)
(28379,0.0)
(28381,0.0)
(28387,0.0)
(28389,0.0)
(28395,0.0)
(28397,0.0)
(28403,0.0)
(28405,0.0)
(28411,0.0)
(28413,0.0)
(28419,0.0)
(28421,0.0)
(28427,0.0)
(28429,0.0)
(28435,0.0)
(28439,0.0)
(28441,0.0)
(28447,0.0)
(28449,0.0)
(28455,0.0)
(28457,0.0)
(28463,0.0)
(28465,0.0)
(28471,0.0)
(28473,0.0)
(28479,0.0)
(28481,0.0)
(28487,0.0)
(28489,0.0)
(28495,0.0)
(28497,0.0)
(28503,0.0)
(28505,0.0)
(28511,0.0)
(28513,0.0)
(28519,0.0)
(28521,0.0)
(28527,0.0)
(28529,0.0)
(28535,0.0)
(28537,0.0)
(28543,0.0)
(28545,0.0)
(28551,0.0)
(28553,0.0)
(28559,0.0)
(28561,0.0)
(28567,0.0)
(28569,0.0)
(28575,0.0)
(28577,0.0)
(28583,0.0)
(28585,0.0)
(28591,0.0)
(28593,0.0)
(28599,0.0)
(28601,0.0)
(28607,0.0)
(28609,0.0)
(28615,0.0)
(28617,0.0)
(28623,0.0)
(28625,0.0)
(28631,0.0)
(28633,0.0)
(28639,0.0)
(28641,0.0)
(28647,0.0)
(28649,0.0)
(28655,0.0)
(28657,0.0)
(28663,0.0)
(28665,0.0)
(28671,0.0)
(28673,0.0)
(28679,0.0)
(28681,0.0)
(28687,0.0)
(28689,0.0)
(28695,0.0)
(28697,0.0)
(28703,0.0)
(28705,0.0)
(28711,0.0)
(28713,0.0)
(28719,0.0)
(28721,0.0)
(28727,0.0)
(28729,0.0)
(28735,0.0)
(28737,0.0)
(28743,0.0)
(28745,0.0)
(28751,0.0)
(28753,0.0)
(28759,0.0)
(28761,0.0)
(28767,0.0)
(28769,0.0)
(28775,0.0)
(28777,0.0)
(28783,0.0)
(28785,0.0)
(28791,0.0)
(28793,0.0)
(28799,0.0)
(28803,0.0)
(28805,0.0)
(28811,0.0)
(28813,0.0)
(28819,0.0)
(28821,0.0)
(28827,0.0)
(28829,0.0)
(28835,0.0)
(28837,0.0)
(28843,0.0)
(28845,0.0)
(28851,0.0)
(28853,0.0)
(28859,0.0)
(28861,0.0)
(28867,0.0)
(28871,0.0)
(28873,0.0)
(28879,0.0)
(28881,0.0)
(28887,0.0)
(28889,0.0)
(28895,0.0)
(28897,0.0)
(28903,0.0)
(28905,0.0)
(28911,0.0)
(28913,0.0)
(28919,0.0)
(28923,0.0)
(28925,0.0)
(28931,0.0)
(28933,0.0)
(28939,0.0)
(28941,0.0)
(28947,0.0)
(28949,0.0)
(28955,0.0)
(28957,0.0)
(28963,0.0)
(28965,0.0)
(28971,0.0)
(28973,0.0)
(28979,0.0)
(28981,0.0)
(28987,0.0)
(28989,0.0)
(28995,0.0)
(28997,0.0)
(29003,0.0)
(29005,0.0)
(29011,0.0)
(29015,0.0)
(29017,0.0)
(29023,0.0)
(29025,0.0)
(29031,0.0)
(29033,0.0)
(29039,0.0)
(29041,0.0)
(29047,0.0)
(29049,0.0)
(29055,0.0)
(29057,0.0)
(29063,0.0)
(29065,0.0)
(29071,0.0)
(29073,0.0)
(29079,0.0)
(29081,0.0)
(29087,0.0)
(29089,0.0)
(29095,0.0)
(29097,0.0)
(29103,0.0)
(29105,0.0)
(29111,0.0)
(29113,0.0)
(29119,0.0)
(29121,0.0)
(29127,0.0)
(29129,0.0)
(29135,0.0)
(29137,0.0)
(29143,0.0)
(29145,0.0)
(29151,0.0)
(29153,0.0)
(29159,0.0)
(29161,0.0)
(29167,0.0)
(29169,0.0)
(29175,0.0)
(29177,0.0)
(29183,0.0)
(29185,0.0)
(29191,0.0)
(29193,0.0)
(29199,0.0)
(29201,0.0)
(29207,0.0)
(29209,0.0)
(29215,0.0)
(29217,0.0)
(29223,0.0)
(29225,0.0)
(29231,0.0)
(29233,0.0)
(29239,0.0)
(29241,0.0)
(29247,0.0)
(29249,0.0)
(29255,0.0)
(29257,0.0)
(29263,0.0)
(29265,0.0)
(29271,0.0)
(29273,0.0)
(29279,0.0)
(29281,0.0)
(29287,0.0)
(29289,0.0)
(29295,0.0)
(29297,0.0)
(29303,0.0)
(29305,0.0)
(29311,0.0)
(29313,0.0)
(29319,0.0)
(29321,0.0)
(29327,0.0)
(29329,0.0)
(29335,0.0)
(29337,0.0)
(29343,0.0)
(29347,0.0)
(29349,0.0)
(29355,0.0)
(29359,0.0)
(29361,0.0)
(29367,0.0)
(29369,0.0)
(29375,0.0)
(29377,0.0)
(29383,0.0)
(29385,0.0)
(29391,0.0)
(29393,0.0)
(29399,0.0)
(29401,0.0)
(29407,0.0)
(29409,0.0)
(29415,0.0)
(29417,0.0)
(29423,0.0)
(29425,0.0)
(29431,0.0)
(29433,0.0)
(29439,0.0)
(29441,0.0)
(29447,0.0)
(29449,0.0)
(29455,0.0)
(29457,0.0)
(29463,0.0)
(29465,0.0)
(29471,0.0)
(29473,0.0)
(29479,0.0)
(29481,0.0)
(29487,0.0)
(29489,0.0)
(29495,0.0)
(29497,0.0)
(29503,0.0)
(29505,0.0)
(29511,0.0)
(29513,0.0)
(29519,0.0)
(29521,0.0)
(29527,0.0)
(29529,0.0)
(29535,0.0)
(29537,0.0)
(29543,0.0)
(29545,0.0)
(29551,0.0)
(29553,0.0)
(29559,0.0)
(29561,0.0)
(29567,0.0)
(29569,0.0)
(29575,0.0)
(29577,0.0)
(29583,0.0)
(29585,0.0)
(29591,0.0)
(29593,0.0)
(29599,0.0)
(29601,0.0)
(29607,0.0)
(29609,0.0)
(29615,0.0)
(29619,0.0)
(29621,0.0)
(29627,0.0)
(29629,0.0)
(29635,0.0)
(29637,0.0)
(29643,0.0)
(29645,0.0)
(29651,0.0)
(29653,0.0)
(29659,0.0)
(29661,0.0)
(29667,0.0)
(29669,0.0)
(29675,0.0)
(29677,0.0)
(29683,0.0)
(29685,0.0)
(29691,0.0)
(29693,0.0)
(29699,0.0)
(29701,0.0)
(29707,0.0)
(29709,0.0)
(29715,0.0)
(29717,0.0)
(29723,0.0)
(29725,0.0)
(29731,0.0)
(29733,0.0)
(29739,0.0)
(29741,0.0)
(29747,0.0)
(29749,0.0)
(29753,0.0)
(29759,0.0)
(29761,0.0)
(29767,0.0)
(29769,0.0)
(29775,0.0)
(29777,0.0)
(29783,0.0)
(29785,0.0)
(29791,0.0)
(29795,0.0)
(29797,0.0)
(29803,0.0)
(29805,0.0)
(29811,0.0)
(29813,0.0)
(29819,0.0)
(29821,0.0)
(29825,0.0)
(29831,0.0)
(29833,0.0)
(29839,0.0)
(29841,0.0)
(29847,0.0)
(29851,0.0)
(29853,0.0)
(29859,0.0)
(29861,0.0)
(29867,0.0)
(29871,0.0)
(29875,0.0)
(29877,0.0)
(29883,0.0)
(29885,0.0)
(29891,0.0)
(29893,0.0)
(29899,0.0)
(29901,0.0)
(29907,0.0)
(29909,0.0)
(29915,0.0)
(29917,0.0)
(29923,0.0)
(29925,0.0)
(29929,0.0)
(29935,0.0)
(29937,0.0)
(29941,0.0)
(29945,0.0)
(29949,0.0)
(29955,0.0)
(29957,0.0)
(29963,0.0)
(29967,0.0)
(29969,0.0)
(29973,0.0)
(29979,0.0)
(29983,0.0)
(29985,0.0)
(29991,0.0)
(29993,0.0)
(29999,0.0)
(30001,0.0)
(30007,0.0)
(30009,0.0)
(30015,0.0)
(30017,0.0)
(30023,0.0)
(30025,0.0)
(30031,0.0)
(30033,0.0)
(30039,0.0)
(30041,0.0)
(30047,0.0)
(30049,0.0)
(30053,0.0)
(30059,0.0)
(30061,0.0)
(30067,0.0)
(30069,0.0)
(30075,0.0)
(30077,0.0)
(30083,0.0)
(30085,0.0)
(30091,0.0)
(30093,0.0)
(30099,0.0)
(30101,0.0)
(30107,0.0)
(30109,0.0)
(30115,0.0)
(30117,0.0)
(30123,0.0)
(30125,0.0)
(30131,0.0)
(30133,0.0)
(30139,0.0)
(30141,0.0)
(30147,0.0)
(30151,0.0)
(30153,0.0)
(30159,0.0)
(30161,0.0)
(30167,0.0)
(30169,0.0)
(30173,0.0)
(30179,0.0)
(30181,0.0)
(30187,0.0)
(30189,0.0)
(30195,0.0)
(30197,0.0)
(30203,0.0)
(30205,0.0)
(30211,0.0)
(30213,0.0)
(30219,0.0)
(30221,0.0)
(30227,0.0)
(30229,0.0)
(30235,0.0)
(30237,0.0)
(30243,0.0)
(30245,0.0)
(30251,0.0)
(30253,0.0)
(30259,0.0)
(30261,0.0)
(30267,0.0)
(30269,0.0)
(30275,0.0)
(30277,0.0)
(30283,0.0)
(30285,0.0)
(30291,0.0)
(30293,0.0)
(30299,0.0)
(30301,0.0)
(30307,0.0)
(30309,0.0)
(30315,0.0)
(30317,0.0)
(30323,0.0)
(30325,0.0)
(30331,0.0)
(30333,0.0)
(30339,0.0)
(30343,0.0)
(30345,0.0)
(30351,0.0)
(30353,0.0)
(30359,0.0)
(30361,0.0)
(30367,0.0)
(30369,0.0)
(30373,0.0)
(30379,0.0)
(30381,0.0)
(30387,0.0)
(30389,0.0)
(30395,0.0)
(30397,0.0)
(30403,0.0)
(30405,0.0)
(30411,0.0)
(30413,0.0)
(30419,0.0)
(30421,0.0)
(30427,0.0)
(30431,0.0)
(30433,0.0)
(30439,0.0)
(30441,0.0)
(30447,0.0)
(30449,0.0)
(30455,0.0)
(30457,0.0)
(30461,0.0)
(30467,0.0)
(30469,0.0)
(30475,0.0)
(30477,0.0)
(30483,0.0)
(30485,0.0)
(30491,0.0)
(30495,0.0)
(30497,0.0)
(30503,0.0)
(30505,0.0)
(30511,0.0)
(30513,0.0)
(30519,0.0)
(30521,0.0)
(30525,0.0)
(30531,0.0)
(30533,0.0)
(30539,0.0)
(30543,0.0)
(30547,0.0)
(30549,0.0)
(30555,0.0)
(30557,0.0)
(30563,0.0)
(30565,0.0)
(30571,0.0)
(30575,0.0)
(30577,0.0)
(30583,0.0)
(30585,0.0)
(30591,0.0)
(30593,0.0)
(30599,0.0)
(30601,0.0)
(30607,0.0)
(30609,0.0)
(30613,0.0)
(30617,0.0)
(30623,0.0)
(30625,0.0)
(30629,0.0)
(30635,0.0)
(30637,0.0)
(30643,0.0)
(30645,0.0)
(30651,0.0)
(30653,0.0)
(30659,0.0)
(30663,0.0)
(30665,0.0)
(30671,0.0)
(30673,0.0)
(30679,0.0)
(30683,0.0)
(30685,0.0)
(30691,0.0)
(30695,0.0)
(30697,0.0)
(30703,0.0)
(30705,0.0)
(30709,0.0)
(30715,0.0)
(30717,0.0)
(30723,0.0)
(30725,0.0)
(30731,0.0)
(30733,0.0)
(30739,0.0)
(30741,0.0)
(30747,0.0)
(30749,0.0)
(30755,0.0)
(30757,0.0)
(30763,0.0)
(30765,0.0)
(30771,0.0)
(30773,0.0)
(30779,0.0)
(30783,0.0)
(30785,0.0)
(30791,0.0)
(30793,0.0)
(30799,0.0)
(30801,0.0)
(30807,0.0)
(30809,0.0)
(30815,0.0)
(30817,0.0)
(30823,0.0)
(30825,0.0)
(30831,0.0)
(30833,0.0)
(30839,0.0)
(30841,0.0)
(30847,0.0)
(30849,0.0)
(30855,0.0)
(30857,0.0)
(30863,0.0)
(30865,0.0)
(30871,0.0)
(30873,0.0)
(30879,0.0)
(30881,0.0)
(30887,0.0)
(30889,0.0)
(30895,0.0)
(30897,0.0)
(30903,0.0)
(30905,0.0)
(30911,0.0)
(30913,0.0)
(30919,0.0)
(30921,0.0)
(30927,0.0)
(30929,0.0)
(30933,0.0)
(30939,0.0)
(30941,0.0)
(30947,0.0)
(30949,0.0)
(30955,0.0)
(30957,0.0)
(30963,0.0)
(30965,0.0)
(30971,0.0)
(30973,0.0)
(30979,0.0)
(30981,0.0)
(30987,0.0)
(30989,0.0)
(30995,0.0)
(30997,0.0)
(31003,0.0)
(31005,0.0)
(31011,0.0)
(31013,0.0)
(31019,0.0)
(31021,0.0)
(31027,0.0)
(31029,0.0)
(31035,0.0)
(31037,0.0)
(31041,0.0)
(31047,0.0)
(31049,0.0)
(31055,0.0)
(31057,0.0)
(31063,0.0)
(31065,0.0)
(31071,0.0)
(31073,0.0)
(31079,0.0)
(31081,0.0)
(31087,0.0)
(31089,0.0)
(31095,0.0)
(31097,0.0)
(31103,0.0)
(31105,0.0)
(31111,0.0)
(31113,0.0)
(31119,0.0)
(31121,0.0)
(31127,0.0)
(31129,0.0)
(31135,0.0)
(31137,0.0)
(31143,0.0)
(31145,0.0)
(31151,0.0)
(31153,0.0)
(31159,0.0)
(31161,0.0)
(31167,0.0)
(31169,0.0)
(31175,0.0)
(31177,0.0)
(31183,0.0)
(31185,0.0)
(31191,0.0)
(31193,0.0)
(31199,0.0)
(31201,0.0)
(31207,0.0)
(31209,0.0)
(31215,0.0)
(31217,0.0)
(31223,0.0)
(31225,0.0)
(31231,0.0)
(31233,0.0)
(31239,0.0)
(31241,0.0)
(31247,0.0)
(31249,0.0)
(31255,0.0)
(31257,0.0)
(31263,0.0)
(31265,0.0)
(31271,0.0)
(31273,0.0)
(31279,0.0)
(31281,0.0)
(31287,0.0)
(31289,0.0)
(31295,0.0)
(31297,0.0)
(31303,0.0)
(31305,0.0)
(31311,0.0)
(31313,0.0)
(31319,0.0)
(31321,0.0)
(31327,0.0)
(31329,0.0)
(31335,0.0)
(31337,0.0)
(31343,0.0)
(31345,0.0)
(31351,0.0)
(31355,0.0)
(31359,0.0)
(31361,0.0)
(31367,0.0)
(31369,0.0)
(31375,0.0)
(31377,0.0)
(31381,0.0)
(31387,0.0)
(31389,0.0)
(31395,0.0)
(31397,0.0)
(31403,0.0)
(31405,0.0)
(31411,0.0)
(31413,0.0)
(31419,0.0)
(31421,0.0)
(31427,0.0)
(31431,0.0)
(31433,0.0)
(31439,0.0)
(31441,0.0)
(31447,0.0)
(31449,0.0)
(31455,0.0)
(31457,0.0)
(31463,0.0)
(31465,0.0)
(31471,0.0)
(31473,0.0)
(31479,0.0)
(31481,0.0)
(31487,0.0)
(31489,0.0)
(31495,0.0)
(31497,0.0)
(31503,0.0)
(31505,0.0)
(31511,0.0)
(31513,0.0)
(31519,0.0)
(31521,0.0)
(31527,0.0)
(31529,0.0)
(31535,0.0)
(31537,0.0)
(31543,0.0)
(31545,0.0)
(31551,0.0)
(31553,0.0)
(31559,0.0)
(31561,0.0)
(31567,0.0)
(31569,0.0)
(31575,0.0)
(31577,0.0)
(31583,0.0)
(31585,0.0)
(31591,0.0)
(31593,0.0)
(31599,0.0)
(31601,0.0)
(31607,0.0)
(31609,0.0)
(31615,0.0)
(31617,0.0)
(31623,0.0)
(31625,0.0)
(31631,0.0)
(31633,0.0)
(31639,0.0)
(31641,0.0)
(31647,0.0)
(31649,0.0)
(31655,0.0)
(31657,0.0)
(31663,0.0)
(31665,0.0)
(31671,0.0)
(31673,0.0)
(31679,0.0)
(31681,0.0)
(31687,0.0)
(31689,0.0)
(31695,0.0)
(31697,0.0)
(31703,0.0)
(31705,0.0)
(31711,0.0)
(31713,0.0)
(31719,0.0)
(31721,0.0)
(31725,0.0)
(31731,0.0)
(31733,0.0)
(31739,0.0)
(31741,0.0)
(31747,0.0)
(31749,0.0)
(31755,0.0)
(31757,0.0)
(31763,0.0)
(31765,0.0)
(31771,0.0)
(31773,0.0)
(31779,0.0)
(31781,0.0)
(31785,0.0)
(31791,0.0)
(31793,0.0)
(31799,0.0)
(31801,0.0)
(31807,0.0)
(31811,0.0)
(31813,0.0)
(31819,0.0)
(31821,0.0)
(31827,0.0)
(31829,0.0)
(31835,0.0)
(31837,0.0)
(31843,0.0)
(31845,0.0)
(31851,0.0)
(31853,0.0)
(31859,0.0)
(31861,0.0)
(31867,0.0)
(31869,0.0)
(31875,0.0)
(31877,0.0)
(31883,0.0)
(31885,0.0)
(31891,0.0)
(31893,0.0)
(31899,0.0)
(31901,0.0)
(31905,0.0)
(31911,0.0)
(31913,0.0)
(31919,0.0)
(31921,0.0)
(31927,0.0)
(31929,0.0)
(31935,0.0)
(31937,0.0)
(31943,0.0)
(31947,0.0)
(31949,0.0)
(31955,0.0)
(31957,0.0)
(31963,0.0)
(31965,0.0)
(31971,0.0)
(31973,0.0)
(31979,0.0)
(31981,0.0)
(31987,0.0)
(31989,0.0)
(31995,0.0)
(31997,0.0)
(32003,0.0)
(32005,0.0)
(32011,0.0)
(32013,0.0)
(32019,0.0)
(32021,0.0)
(32027,0.0)
(32029,0.0)
(32033,0.0)
(32037,0.0)
(32043,0.0)
(32045,0.0)
(32051,0.0)
(32053,0.0)
(32059,0.0)
(32063,0.0)
(32065,0.0)
(32071,0.0)
(32073,0.0)
(32079,0.0)
(32081,0.0)
(32087,0.0)
(32089,0.0)
(32095,0.0)
(32097,0.0)
(32103,0.0)
(32105,0.0)
(32111,0.0)
(32113,0.0)
(32119,0.0)
(32121,0.0)
(32127,0.0)
(32129,0.0)
(32135,0.0)
(32139,0.0)
(32141,0.0)
(32145,0.0)
(32151,0.0)
(32153,0.0)
(32157,0.0)
(32163,0.0)
(32165,0.0)
(32171,0.0)
(32173,0.0)
(32179,0.0)
(32181,0.0)
(32187,0.0)
(32189,0.0)
(32193,0.0)
(32197,0.0)
(32203,0.0)
(32205,0.0)
(32211,0.0)
(32213,0.0)
(32219,0.0)
(32221,0.0)
(32227,0.0)
(32231,0.0)
(32235,0.0)
(32237,0.0)
(32243,0.0)
(32245,0.0)
(32251,0.0)
(32255,0.0)
(32257,0.0)
(32261,0.0)
(32267,0.0)
(32269,0.0)
(32275,0.0)
(32277,0.0)
(32283,0.0)
(32285,0.0)
(32291,0.0)
(32293,0.0)
(32299,0.0)
(32301,0.0)
(32307,0.0)
(32309,0.0)
(32315,0.0)
(32319,0.0)
(32321,0.0)
(32327,0.0)
(32329,0.0)
(32335,0.0)
(32337,0.0)
(32343,0.0)
(32345,0.0)
(32351,0.0)
(32353,0.0)
(32359,0.0)
(32361,0.0)
(32367,0.0)
(32369,0.0)
(32375,0.0)
(32377,0.0)
(32383,0.0)
(32385,0.0)
(32391,0.0)
(32393,0.0)
(32399,0.0)
(32401,0.0)
(32407,0.0)
(32409,0.0)
(32413,0.0)
(32419,0.0)
(32421,0.0)
(32427,0.0)
(32429,0.0)
(32435,0.0)
(32437,0.0)
(32443,0.0)
(32445,0.0)
(32451,0.0)
(32453,0.0)
(32459,0.0)
(32461,0.0)
(32467,0.0)
(32469,0.0)
(32475,0.0)
(32477,0.0)
(32483,0.0)
(32485,0.0)
(32491,0.0)
(32493,0.0)
(32499,0.0)
(32501,0.0)
(32507,0.0)
(32509,0.0)
(32515,0.0)
(32517,0.0)
(32523,0.0)
(32525,0.0)
(32531,0.0)
(32533,0.0)
(32539,0.0)
(32541,0.0)
(32547,0.0)
(32549,0.0)
(32555,0.0)
(32557,0.0)
(32563,0.0)
(32565,0.0)
(32571,0.0)
(32573,0.0)
(32579,0.0)
(32581,0.0)
(32587,0.0)
(32589,0.0)
(32595,0.0)
(32597,0.0)
(32603,0.0)
(32605,0.0)
(32611,0.0)
(32613,0.0)
(32619,0.0)
(32621,0.0)
(32627,0.0)
(32629,0.0)
(32635,0.0)
(32637,0.0)
(32643,0.0)
(32645,0.0)
(32651,0.0)
(32653,0.0)
(32659,0.0)
(32661,0.0)
(32667,0.0)
(32669,0.0)
(32675,0.0)
(32677,0.0)
(32683,0.0)
(32685,0.0)
(32691,0.0)
(32693,0.0)
(32699,0.0)
(32701,0.0)
(32707,0.0)
(32709,0.0)
(32715,0.0)
(32719,0.0)
(32721,0.0)
(32727,0.0)
(32729,0.0)
(32735,0.0)
(32737,0.0)
(32743,0.0)
(32745,0.0)
(32751,0.0)
(32753,0.0)
(32759,0.0)
(32761,0.0)
(32767,0.0)
(32769,0.0)
(32775,0.0)
(32777,0.0)
(32783,0.0)
(32785,0.0)
(32791,0.0)
(32793,0.0)
(32799,0.0)
(32801,0.0)
(32807,0.0)
(32809,0.0)
(32815,0.0)
(32817,0.0)
(32823,0.0)
(32825,0.0)
(32831,0.0)
(32833,0.0)
(32839,0.0)
(32841,0.0)
(32847,0.0)
(32851,0.0)
(32853,0.0)
(32859,0.0)
(32861,0.0)
(32867,0.0)
(32869,0.0)
(32875,0.0)
(32877,0.0)
(32883,0.0)
(32885,0.0)
(32889,0.0)
(32895,0.0)
(32899,0.0)
(32901,0.0)
(32907,0.0)
(32909,0.0)
(32915,0.0)
(32917,0.0)
(32923,0.0)
(32925,0.0)
(32931,0.0)
(32933,0.0)
(32939,0.0)
(32941,0.0)
(32947,0.0)
(32949,0.0)
(32953,0.0)
(32959,0.0)
(32961,0.0)
(32967,0.0)
(32969,0.0)
(32975,0.0)
(32977,0.0)
(32983,0.0)
(32985,0.0)
(32991,0.0)
(32993,0.0)
(32999,0.0)
(33003,0.0)
(33005,0.0)
(33011,0.0)
(33013,0.0)
(33019,0.0)
(33021,0.0)
(33027,0.0)
(33029,0.0)
(33035,0.0)
(33037,0.0)
(33043,0.0)
(33045,0.0)
(33051,0.0)
(33053,0.0)
(33059,0.0)
(33061,0.0)
(33067,0.0)
(33069,0.0)
(33075,0.0)
(33079,0.0)
(33081,0.0)
(33087,0.0)
(33089,0.0)
(33095,0.0)
(33099,0.0)
(33101,0.0)
(33107,0.0)
(33109,0.0)
(33115,0.0)
(33119,0.0)
(33121,0.0)
(33127,0.0)
(33129,0.0)
(33135,0.0)
(33137,0.0)
(33143,0.0)
(33147,0.0)
(33149,0.0)
(33155,0.0)
(33157,0.0)
(33163,0.0)
(33165,0.0)
(33171,0.0)
(33173,0.0)
(33179,0.0)
(33181,0.0)
(33187,0.0)
(33189,0.0)
(33195,0.0)
(33197,0.0)
(33203,0.0)
(33205,0.0)
(33211,0.0)
(33213,0.0)
(33219,0.0)
(33221,0.0)
(33227,0.0)
(33229,0.0)
(33235,0.0)
(33237,0.0)
(33243,0.0)
(33245,0.0)
(33249,0.0)
(33255,0.0)
(33257,0.0)
(33263,0.0)
(33265,0.0)
(33271,0.0)
(33273,0.0)
(33279,0.0)
(33281,0.0)
(33287,0.0)
(33289,0.0)
(33295,0.0)
(33297,0.0)
(33303,0.0)
(33305,0.0)
(33311,0.0)
(33313,0.0)
(33319,0.0)
(33321,0.0)
(33327,0.0)
(33329,0.0)
(33335,0.0)
(33337,0.0)
(33343,0.0)
(33345,0.0)
(33351,0.0)
(33353,0.0)
(33359,0.0)
(33361,0.0)
(33367,0.0)
(33369,0.0)
(33375,0.0)
(33379,0.0)
(33381,0.0)
(33387,0.0)
(33389,0.0)
(33395,0.0)
(33397,0.0)
(33403,0.0)
(33405,0.0)
(33409,0.0)
(33415,0.0)
(33417,0.0)
(33423,0.0)
(33425,0.0)
(33431,0.0)
(33433,0.0)
(33439,0.0)
(33441,0.0)
(33447,0.0)
(33449,0.0)
(33455,0.0)
(33457,0.0)
(33461,0.0)
(33467,0.0)
(33469,0.0)
(33475,0.0)
(33477,0.0)
(33483,0.0)
(33485,0.0)
(33491,0.0)
(33495,0.0)
(33499,0.0)
(33501,0.0)
(33507,0.0)
(33509,0.0)
(33515,0.0)
(33517,0.0)
(33523,0.0)
(33525,0.0)
(33531,0.0)
(33533,0.0)
(33539,0.0)
(33541,0.0)
(33547,0.0)
(33549,0.0)
(33555,0.0)
(33559,0.0)
(33563,0.0)
(33567,0.0)
(33569,0.0)
(33575,0.0)
(33577,0.0)
(33583,0.0)
(33585,0.0)
(33591,0.0)
(33593,0.0)
(33599,0.0)
(33601,0.0)
(33607,0.0)
(33611,0.0)
(33613,0.0)
(33619,0.0)
(33621,0.0)
(33627,0.0)
(33629,0.0)
(33635,0.0)
(33637,0.0)
(33641,0.0)
(33647,0.0)
(33649,0.0)
(33655,0.0)
(33657,0.0)
(33663,0.0)
(33665,0.0)
(33671,0.0)
(33673,0.0)
(33679,0.0)
(33681,0.0)
(33687,0.0)
(33689,0.0)
(33695,0.0)
(33697,0.0)
(33703,0.0)
(33705,0.0)
(33711,0.0)
(33713,0.0)
(33719,0.0)
(33721,0.0)
(33727,0.0)
(33731,0.0)
(33733,0.0)
(33739,0.0)
(33741,0.0)
(33745,0.0)
(33751,0.0)
(33753,0.0)
(33759,0.0)
(33761,0.0)
(33767,0.0)
(33769,0.0)
(33775,0.0)
(33777,0.0)
(33783,0.0)
(33785,0.0)
(33791,0.0)
(33793,0.0)
(33799,0.0)
(33801,0.0)
(33807,0.0)
(33809,0.0)
(33815,0.0)
(33817,0.0)
(33823,0.0)
(33825,0.0)
(33831,0.0)
(33835,0.0)
(33837,0.0)
(33843,0.0)
(33845,0.0)
(33851,0.0)
(33853,0.0)
(33859,0.0)
(33861,0.0)
(33867,0.0)
(33869,0.0)
(33875,0.0)
(33877,0.0)
(33883,0.0)
(33885,0.0)
(33891,0.0)
(33893,0.0)
(33899,0.0)
(33901,0.0)
(33907,0.0)
(33909,0.0)
(33915,0.0)
(33917,0.0)
(33923,0.0)
(33925,0.0)
(33931,0.0)
(33933,0.0)
(33939,0.0)
(33941,0.0)
(33947,0.0)
(33949,0.0)
(33955,0.0)
(33957,0.0)
(33963,0.0)
(33965,0.0)
(33971,0.0)
(33973,0.0)
(33979,0.0)
(33981,0.0)
(33987,0.0)
(33989,0.0)
(33995,0.0)
(33997,0.0)
(34003,0.0)
(34005,0.0)
(34011,0.0)
(34013,0.0)
(34019,0.0)
(34021,0.0)
(34027,0.0)
(34029,0.0)
(34035,0.0)
(34037,0.0)
(34043,0.0)
(34045,0.0)
(34049,0.0)
(34055,0.0)
(34057,0.0)
(34063,0.0)
(34065,0.0)
(34071,0.0)
(34073,0.0)
(34079,0.0)
(34081,0.0)
(34087,0.0)
(34089,0.0)
(34095,0.0)
(34097,0.0)
(34103,0.0)
(34105,0.0)
(34111,0.0)
(34113,0.0)
(34119,0.0)
(34121,0.0)
(34127,0.0)
(34129,0.0)
(34135,0.0)
(34137,0.0)
(34143,0.0)
(34145,0.0)
(34149,0.0)
(34155,0.0)
(34157,0.0)
(34163,0.0)
(34165,0.0)
(34171,0.0)
(34173,0.0)
(34179,0.0)
(34183,0.0)
(34187,0.0)
(34189,0.0)
(34195,0.0)
(34197,0.0)
(34201,0.0)
(34207,0.0)
(34209,0.0)
(34215,0.0)
(34217,0.0)
(34223,0.0)
(34227,0.0)
(34229,0.0)
(34235,0.0)
(34237,0.0)
(34243,0.0)
(34245,0.0)
(34251,0.0)
(34253,0.0)
(34259,0.0)
(34261,0.0)
(34267,0.0)
(34269,0.0)
(34273,0.0)
(34279,0.0)
(34281,0.0)
(34287,0.0)
(34289,0.0)
(34295,0.0)
(34297,0.0)
(34303,0.0)
(34305,0.0)
(34311,0.0)
(34313,0.0)
(34319,0.0)
(34321,0.0)
(34327,0.0)
(34329,0.0)
(34335,0.0)
(34337,0.0)
(34343,0.0)
(34345,0.0)
(34349,0.0)
(34355,0.0)
(34357,0.0)
(34361,0.0)
(34367,0.0)
(34369,0.0)
(34375,0.0)
(34377,0.0)
(34383,0.0)
(34385,0.0)
(34389,0.0)
(34395,0.0)
(34397,0.0)
(34403,0.0)
(34405,0.0)
(34411,0.0)
(34413,0.0)
(34419,0.0)
(34421,0.0)
(34427,0.0)
(34429,0.0)
(34435,0.0)
(34437,0.0)
(34443,0.0)
(34445,0.0)
(34451,0.0)
(34453,0.0)
(34459,0.0)
(34461,0.0)
(34465,0.0)
(34471,0.0)
(34473,0.0)
(34479,0.0)
(34481,0.0)
(34487,0.0)
(34489,0.0)
(34495,0.0)
(34497,0.0)
(34503,0.0)
(34505,0.0)
(34511,0.0)
(34513,0.0)
(34517,0.0)
(34521,0.0)
(34525,0.0)
(34531,0.0)
(34533,0.0)
(34539,0.0)
(34541,0.0)
(34547,0.0)
(34549,0.0)
(34555,0.0)
(34557,0.0)
(34563,0.0)
(34565,0.0)
(34571,0.0)
(34573,0.0)
(34579,0.0)
(34581,0.0)
(34585,0.0)
(34591,0.0)
(34593,0.0)
(34599,0.0)
(34601,0.0)
(34607,0.0)
(34609,0.0)
(34615,0.0)
(34617,0.0)
(34623,0.0)
(34625,0.0)
(34631,0.0)
(34633,0.0)
(34639,0.0)
(34641,0.0)
(34645,0.0)
(34651,0.0)
(34653,0.0)
(34659,0.0)
(34661,0.0)
(34667,0.0)
(34669,0.0)
(34675,0.0)
(34677,0.0)
(34683,0.0)
(34685,0.0)
(34691,0.0)
(34693,0.0)
(34699,0.0)
(34701,0.0)
(34707,0.0)
(34709,0.0)
(34715,0.0)
(34719,0.0)
(34721,0.0)
(34727,0.0)
(34729,0.0)
(34735,0.0)
(34737,0.0)
(34743,0.0)
(34745,0.0)
(34751,0.0)
(34753,0.0)
(34759,0.0)
(34761,0.0)
(34765,0.0)
(34771,0.0)
(34773,0.0)
(34779,0.0)
(34781,0.0)
(34787,0.0)
(34789,0.0)
(34795,0.0)
(34797,0.0)
(34803,0.0)
(34805,0.0)
(34811,0.0)
(34813,0.0)
(34819,0.0)
(34821,0.0)
(34827,0.0)
(34829,0.0)
(34835,0.0)
(34837,0.0)
(34843,0.0)
(34845,0.0)
(34851,0.0)
(34855,0.0)
(34857,0.0)
(34863,0.0)
(34865,0.0)
(34871,0.0)
(34873,0.0)
(34879,0.0)
(34881,0.0)
(34887,0.0)
(34889,0.0)
(34895,0.0)
(34897,0.0)
(34903,0.0)
(34905,0.0)
(34911,0.0)
(34913,0.0)
(34919,0.0)
(34923,0.0)
(34925,0.0)
(34931,0.0)
(34933,0.0)
(34939,0.0)
(34941,0.0)
(34945,0.0)
(34951,0.0)
(34955,0.0)
(34957,0.0)
(34961,0.0)
(34967,0.0)
(34969,0.0)
(34975,0.0)
(34977,0.0)
(34983,0.0)
(34985,0.0)
(34991,0.0)
(34993,0.0)
(34999,0.0)
(35001,0.0)
(35007,0.0)
(35009,0.0)
(35015,0.0)
(35017,0.0)
(35021,0.0)
(35027,0.0)
(35029,0.0)
(35035,0.0)
(35037,0.0)
(35043,0.0)
(35045,0.0)
(35049,0.0)
(35055,0.0)
(35057,0.0)
(35063,0.0)
(35065,0.0)
(35071,0.0)
(35075,0.0)
(35077,0.0)
(35083,0.0)
(35085,0.0)
(35091,0.0)
(35095,0.0)
(35099,0.0)
(35103,0.0)
(35107,0.0)
(35109,0.0)
(35115,0.0)
(35117,0.0)
(35123,0.0)
(35125,0.0)
(35131,0.0)
(35133,0.0)
(35137,0.0)
(35143,0.0)
(35145,0.0)
(35151,0.0)
(35155,0.0)
(35157,0.0)
(35163,0.0)
(35165,0.0)
(35171,0.0)
(35173,0.0)
(35179,0.0)
(35181,0.0)
(35187,0.0)
(35189,0.0)
(35195,0.0)
(35197,0.0)
(35203,0.0)
(35205,0.0)
(35209,0.0)
(35215,0.0)
(35217,0.0)
(35223,0.0)
(35225,0.0)
(35231,0.0)
(35233,0.0)
(35239,0.0)
(35241,0.0)
(35247,0.0)
(35249,0.0)
(35255,0.0)
(35257,0.0)
(35263,0.0)
(35265,0.0)
(35271,0.0)
(35273,0.0)
(35279,0.0)
(35281,0.0)
(35287,0.0)
(35289,0.0)
(35295,0.0)
(35297,0.0)
(35303,0.0)
(35305,0.0)
(35311,0.0)
(35313,0.0)
(35319,0.0)
(35321,0.0)
(35327,0.0)
(35329,0.0)
(35335,0.0)
(35337,0.0)
(35343,0.0)
(35345,0.0)
(35351,0.0)
(35353,0.0)
(35359,0.0)
(35361,0.0)
(35365,0.0)
(35371,0.0)
(35373,0.0)
(35379,0.0)
(35381,0.0)
(35387,0.0)
(35389,0.0)
(35393,0.0)
(35399,0.0)
(35403,0.0)
(35405,0.0)
(35411,0.0)
(35413,0.0)
(35419,0.0)
(35421,0.0)
(35427,0.0)
(35429,0.0)
(35435,0.0)
(35437,0.0)
(35443,0.0)
(35447,0.0)
(35449,0.0)
(35455,0.0)
(35457,0.0)
(35463,0.0)
(35465,0.0)
(35471,0.0)
(35473,0.0)
(35477,0.0)
(35483,0.0)
(35485,0.0)
(35491,0.0)
(35495,0.0)
(35497,0.0)
(35503,0.0)
(35505,0.0)
(35511,0.0)
(35513,0.0)
(35519,0.0)
(35521,0.0)
(35527,0.0)
(35529,0.0)
(35535,0.0)
(35537,0.0)
(35543,0.0)
(35545,0.0)
(35551,0.0)
(35553,0.0)
(35559,0.0)
(35561,0.0)
(35567,0.0)
(35569,0.0)
(35575,0.0)
(35579,0.0)
(35581,0.0)
(35587,0.0)
(35589,0.0)
(35593,0.0)
(35599,0.0)
(35601,0.0)
(35607,0.0)
(35609,0.0)
(35615,0.0)
(35617,0.0)
(35623,0.0)
(35625,0.0)
(35631,0.0)
(35635,0.0)
(35637,0.0)
(35641,0.0)
(35647,0.0)
(35649,0.0)
(35655,0.0)
(35657,0.0)
(35663,0.0)
(35665,0.0)
(35671,0.0)
(35673,0.0)
(35679,0.0)
(35683,0.0)
(35687,0.0)
(35689,0.0)
(35695,0.0)
(35697,0.0)
(35703,0.0)
(35705,0.0)
(35709,0.0)
(35715,0.0)
(35717,0.0)
(35723,0.0)
(35727,0.0)
(35729,0.0)
(35735,0.0)
(35737,0.0)
(35741,0.0)
(35747,0.0)
(35749,0.0)
(35755,0.0)
(35757,0.0)
(35763,0.0)
(35767,0.0)
(35769,0.0)
(35775,0.0)
(35777,0.0)
(35783,0.0)
(35785,0.0)
(35791,0.0)
(35793,0.0)
(35799,0.0)
(35803,0.0)
(35805,0.0)
(35811,0.0)
(35815,0.0)
(35817,0.0)
(35823,0.0)
(35825,0.0)
(35831,0.0)
(35835,0.0)
(35837,0.0)
(35843,0.0)
(35845,0.0)
(35851,0.0)
(35853,0.0)
(35859,0.0)
(35861,0.0)
(35867,0.0)
(35869,0.0)
(35873,0.0)
(35879,0.0)
(35881,0.0)
(35887,0.0)
(35889,0.0)
(35895,0.0)
(35897,0.0)
(35903,0.0)
(35907,0.0)
(35909,0.0)
(35915,0.0)
(35917,0.0)
(35921,0.0)
(35927,0.0)
(35929,0.0)
(35935,0.0)
(35937,0.0)
(35943,0.0)
(35945,0.0)
(35951,0.0)
(35953,0.0)
(35959,0.0)
(35961,0.0)
(35967,0.0)
(35969,0.0)
(35975,0.0)
(35977,0.0)
(35983,0.0)
(35985,0.0)
(35991,0.0)
(35993,0.0)
(35999,0.0)
(36001,0.0)
(36007,0.0)
(36009,0.0)
(36015,0.0)
(36017,0.0)
(36023,0.0)
(36025,0.0)
(36031,0.0)
(36033,0.0)
(36039,0.0)
(36043,0.0)
(36045,0.0)
(36051,0.0)
(36053,0.0)
(36059,0.0)
(36061,0.0)
(36067,0.0)
(36069,0.0)
(36075,0.0)
(36079,0.0)
(36081,0.0)
(36085,0.0)
(36091,0.0)
(36093,0.0)
(36099,0.0)
(36101,0.0)
(36107,0.0)
(36109,0.0)
(36113,0.0)
(36119,0.0)
(36121,0.0)
(36127,0.0)
(36129,0.0)
(36135,0.0)
(36137,0.0)
(36143,0.0)
(36145,0.0)
(36151,0.0)
(36153,0.0)
(36159,0.0)
(36161,0.0)
(36167,0.0)
(36169,0.0)
(36175,0.0)
(36177,0.0)
(36181,0.0)
(36187,0.0)
(36189,0.0)
(36195,0.0)
(36197,0.0)
(36203,0.0)
(36205,0.0)
(36211,0.0)
(36213,0.0)
(36219,0.0)
(36223,0.0)
(36225,0.0)
(36229,0.0)
(36235,0.0)
(36237,0.0)
(36243,0.0)
(36245,0.0)
(36251,0.0)
(36253,0.0)
(36259,0.0)
(36261,0.0)
(36267,0.0)
(36269,0.0)
(36275,0.0)
(36277,0.0)
(36283,0.0)
(36285,0.0)
(36291,0.0)
(36293,0.0)
(36299,0.0)
(36301,0.0)
(36307,0.0)
(36309,0.0)
(36315,0.0)
(36317,0.0)
(36323,0.0)
(36325,0.0)
(36331,0.0)
(36333,0.0)
(36339,0.0)
(36341,0.0)
(36347,0.0)
(36349,0.0)
(36355,0.0)
(36357,0.0)
(36363,0.0)
(36365,0.0)
(36371,0.0)
(36373,0.0)
(36379,0.0)
(36381,0.0)
(36385,0.0)
(36391,0.0)
(36393,0.0)
(36399,0.0)
(36401,0.0)
(36407,0.0)
(36411,0.0)
(36413,0.0)
(36419,0.0)
(36421,0.0)
(36427,0.0)
(36429,0.0)
(36435,0.0)
(36437,0.0)
(36443,0.0)
(36445,0.0)
(36451,0.0)
(36453,0.0)
(36457,0.0)
(36463,0.0)
(36467,0.0)
(36469,0.0)
(36473,0.0)
(36479,0.0)
(36481,0.0)
(36485,0.0)
(36491,0.0)
(36493,0.0)
(36499,0.0)
(36501,0.0)
(36507,0.0)
(36509,0.0)
(36515,0.0)
(36517,0.0)
(36523,0.0)
(36525,0.0)
(36531,0.0)
(36533,0.0)
(36539,0.0)
(36541,0.0)
(36547,0.0)
(36549,0.0)
(36555,0.0)
(36557,0.0)
(36563,0.0)
(36565,0.0)
(36571,0.0)
(36573,0.0)
(36579,0.0)
(36581,0.0)
(36587,0.0)
(36589,0.0)
(36595,0.0)
(36597,0.0)
(36603,0.0)
(36605,0.0)
(36611,0.0)
(36613,0.0)
(36619,0.0)
(36621,0.0)
(36627,0.0)
(36629,0.0)
(36635,0.0)
(36637,0.0)
(36643,0.0)
(36645,0.0)
(36651,0.0)
(36653,0.0)
(36659,0.0)
(36661,0.0)
(36667,0.0)
(36669,0.0)
(36675,0.0)
(36679,0.0)
(36681,0.0)
(36687,0.0)
(36689,0.0)
(36695,0.0)
(36697,0.0)
(36701,0.0)
(36707,0.0)
(36709,0.0)
(36715,0.0)
(36717,0.0)
(36723,0.0)
(36725,0.0)
(36731,0.0)
(36733,0.0)
(36737,0.0)
(36743,0.0)
(36745,0.0)
(36751,0.0)
(36753,0.0)
(36759,0.0)
(36761,0.0)
(36765,0.0)
(36771,0.0)
(36773,0.0)
(36779,0.0)
(36781,0.0)
(36787,0.0)
(36789,0.0)
(36795,0.0)
(36797,0.0)
(36803,0.0)
(36805,0.0)
(36811,0.0)
(36813,0.0)
(36819,0.0)
(36821,0.0)
(36827,0.0)
(36829,0.0)
(36835,0.0)
(36837,0.0)
(36843,0.0)
(36845,0.0)
(36851,0.0)
(36853,0.0)
(36859,0.0)
(36863,0.0)
(36865,0.0)
(36871,0.0)
(36873,0.0)
(36879,0.0)
(36881,0.0)
(36887,0.0)
(36891,0.0)
(36893,0.0)
(36899,0.0)
(36901,0.0)
(36907,0.0)
(36909,0.0)
(36915,0.0)
(36917,0.0)
(36921,0.0)
(36927,0.0)
(36929,0.0)
(36935,0.0)
(36937,0.0)
(36943,0.0)
(36945,0.0)
(36951,0.0)
(36953,0.0)
(36959,0.0)
(36961,0.0)
(36967,0.0)
(36969,0.0)
(36975,0.0)
(36977,0.0)
(36983,0.0)
(36985,0.0)
(36991,0.0)
(36993,0.0)
(36999,0.0)
(37001,0.0)
(37007,0.0)
(37009,0.0)
(37015,0.0)
(37017,0.0)
(37023,0.0)
(37025,0.0)
(37031,0.0)
(37035,0.0)
(37037,0.0)
(37043,0.0)
(37045,0.0)
(37049,0.0)
(37055,0.0)
(37057,0.0)
(37061,0.0)
(37067,0.0)
(37071,0.0)
(37073,0.0)
(37079,0.0)
(37081,0.0)
(37087,0.0)
(37089,0.0)
(37095,0.0)
(37097,0.0)
(37103,0.0)
(37105,0.0)
(37111,0.0)
(37113,0.0)
(37119,0.0)
(37121,0.0)
(37127,0.0)
(37129,0.0)
(37135,0.0)
(37137,0.0)
(37143,0.0)
(37145,0.0)
(37151,0.0)
(37153,0.0)
(37157,0.0)
(37163,0.0)
(37167,0.0)
(37169,0.0)
(37175,0.0)
(37177,0.0)
(37181,0.0)
(37187,0.0)
(37189,0.0)
(37193,0.0)
(37197,0.0)
(37203,0.0)
(37205,0.0)
(37209,0.0)
(37215,0.0)
(37217,0.0)
(37223,0.0)
(37225,0.0)
(37231,0.0)
(37233,0.0)
(37239,0.0)
(37243,0.0)
(37245,0.0)
(37251,0.0)
(37253,0.0)
(37257,0.0)
(37263,0.0)
(37265,0.0)
(37271,0.0)
(37273,0.0)
(37279,0.0)
(37281,0.0)
(37287,0.0)
(37289,0.0)
(37295,0.0)
(37297,0.0)
(37303,0.0)
(37305,0.0)
(37309,0.0)
(37315,0.0)
(37317,0.0)
(37321,0.0)
(37327,0.0)
(37329,0.0)
(37335,0.0)
(37337,0.0)
(37343,0.0)
(37345,0.0)
(37351,0.0)
(37353,0.0)
(37359,0.0)
(37361,0.0)
(37367,0.0)
(37369,0.0)
(37375,0.0)
(37377,0.0)
(37383,0.0)
(37385,0.0)
(37389,0.0)
(37393,0.0)
(37399,0.0)
(37403,0.0)
(37405,0.0)
(37411,0.0)
(37413,0.0)
(37417,0.0)
(37423,0.0)
(37425,0.0)
(37431,0.0)
(37433,0.0)
(37439,0.0)
(37441,0.0)
(37447,0.0)
(37449,0.0)
(37455,0.0)
(37457,0.0)
(37463,0.0)
(37465,0.0)
(37471,0.0)
(37475,0.0)
(37477,0.0)
(37483,0.0)
(37485,0.0)
(37489,0.0)
(37495,0.0)
(37497,0.0)
(37503,0.0)
(37505,0.0)
(37511,0.0)
(37513,0.0)
(37519,0.0)
(37521,0.0)
(37527,0.0)
(37529,0.0)
(37535,0.0)
(37537,0.0)
(37543,0.0)
(37545,0.0)
(37551,0.0)
(37553,0.0)
(37559,0.0)
(37561,0.0)
(37567,0.0)
(37571,0.0)
(37573,0.0)
(37579,0.0)
(37583,0.0)
(37587,0.0)
(37589,0.0)
(37595,0.0)
(37597,0.0)
(37603,0.0)
(37605,0.0)
(37609,0.0)
(37615,0.0)
(37617,0.0)
(37623,0.0)
(37625,0.0)
(37631,0.0)
(37635,0.0)
(37637,0.0)
(37643,0.0)
(37645,0.0)
(37651,0.0)
(37653,0.0)
(37659,0.0)
(37661,0.0)
(37667,0.0)
(37669,0.0)
(37675,0.0)
(37677,0.0)
(37683,0.0)
(37685,0.0)
(37689,0.0)
(37695,0.0)
(37697,0.0)
(37703,0.0)
(37705,0.0)
(37711,0.0)
(37715,0.0)
(37717,0.0)
(37723,0.0)
(37727,0.0)
(37729,0.0)
(37733,0.0)
(37739,0.0)
(37741,0.0)
(37747,0.0)
(37749,0.0)
(37755,0.0)
(37757,0.0)
(37763,0.0)
(37765,0.0)
(37771,0.0)
(37773,0.0)
(37779,0.0)
(37783,0.0)
(37785,0.0)
(37791,0.0)
(37793,0.0)
(37799,0.0)
(37801,0.0)
(37807,0.0)
(37809,0.0)
(37815,0.0)
(37817,0.0)
(37823,0.0)
(37825,0.0)
(37831,0.0)
(37833,0.0)
(37839,0.0)
(37841,0.0)
(37847,0.0)
(37849,0.0)
(37855,0.0)
(37857,0.0)
(37863,0.0)
(37865,0.0)
(37869,0.0)
(37875,0.0)
(37877,0.0)
(37883,0.0)
(37885,0.0)
(37891,0.0)
(37893,0.0)
(37899,0.0)
(37901,0.0)
(37907,0.0)
(37909,0.0)
(37915,0.0)
(37917,0.0)
(37923,0.0)
(37925,0.0)
(37931,0.0)
(37935,0.0)
(37937,0.0)
(37943,0.0)
(37945,0.0)
(37949,0.0)
(37955,0.0)
(37957,0.0)
(37963,0.0)
(37967,0.0)
(37969,0.0)
(37975,0.0)
(37977,0.0)
(37983,0.0)
(37985,0.0)
(37991,0.0)
(37993,0.0)
(37999,0.0)
(38001,0.0)
(38005,0.0)
(38011,0.0)
(38013,0.0)
(38019,0.0)
(38021,0.0)
(38027,0.0)
(38029,0.0)
(38035,0.0)
(38037,0.0)
(38043,0.0)
(38045,0.0)
(38051,0.0)
(38055,0.0)
(38057,0.0)
(38063,0.0)
(38065,0.0)
(38071,0.0)
(38073,0.0)
(38079,0.0)
(38081,0.0)
(38085,0.0)
(38091,0.0)
(38093,0.0)
(38099,0.0)
(38101,0.0)
(38107,0.0)
(38109,0.0)
(38115,0.0)
(38117,0.0)
(38123,0.0)
(38127,0.0)
(38129,0.0)
(38135,0.0)
(38137,0.0)
(38143,0.0)
(38145,0.0)
(38151,0.0)
(38153,0.0)
(38159,0.0)
(38161,0.0)
(38167,0.0)
(38169,0.0)
(38175,0.0)
(38177,0.0)
(38183,0.0)
(38185,0.0)
(38191,0.0)
(38193,0.0)
(38199,0.0)
(38201,0.0)
(38207,0.0)
(38209,0.0)
(38215,0.0)
(38217,0.0)
(38223,0.0)
(38225,0.0)
(38231,0.0)
(38235,0.0)
(38237,0.0)
(38243,0.0)
(38245,0.0)
(38251,0.0)
(38253,0.0)
(38259,0.0)
(38261,0.0)
(38267,0.0)
(38269,0.0)
(38273,0.0)
(38279,0.0)
(38283,0.0)
(38285,0.0)
(38291,0.0)
(38293,0.0)
(38299,0.0)
(38301,0.0)
(38307,0.0)
(38309,0.0)
(38315,0.0)
(38317,0.0)
(38323,0.0)
(38325,0.0)
(38329,0.0)
(38335,0.0)
(38337,0.0)
(38343,0.0)
(38345,0.0)
(38351,0.0)
(38353,0.0)
(38359,0.0)
(38363,0.0)
(38365,0.0)
(38369,0.0)
(38375,0.0)
(38379,0.0)
(38381,0.0)
(38387,0.0)
(38389,0.0)
(38393,0.0)
(38399,0.0)
(38403,0.0)
(38405,0.0)
(38411,0.0)
(38413,0.0)
(38419,0.0)
(38423,0.0)
(38425,0.0)
(38431,0.0)
(38435,0.0)
(38437,0.0)
(38443,0.0)
(38445,0.0)
(38449,0.0)
(38455,0.0)
(38457,0.0)
(38463,0.0)
(38465,0.0)
(38471,0.0)
(38475,0.0)
(38477,0.0)
(38483,0.0)
(38485,0.0)
(38491,0.0)
(38493,0.0)
(38499,0.0)
(38503,0.0)
(38507,0.0)
(38509,0.0)
(38515,0.0)
(38517,0.0)
(38523,0.0)
(38525,0.0)
(38531,0.0)
(38533,0.0)
(38539,0.0)
(38541,0.0)
(38545,0.0)
(38551,0.0)
(38553,0.0)
(38559,0.0)
(38561,0.0)
(38567,0.0)
(38569,0.0)
(38575,0.0)
(38577,0.0)
(38583,0.0)
(38585,0.0)
(38591,0.0)
(38593,0.0)
(38599,0.0)
(38601,0.0)
(38607,0.0)
(38609,0.0)
(38615,0.0)
(38619,0.0)
(38623,0.0)
(38625,0.0)
(38629,0.0)
(38635,0.0)
(38637,0.0)
(38643,0.0)
(38645,0.0)
(38651,0.0)
(38653,0.0)
(38659,0.0)
(38661,0.0)
(38667,0.0)
(38669,0.0)
(38675,0.0)
(38677,0.0)
(38681,0.0)
(38687,0.0)
(38691,0.0)
(38693,0.0)
(38699,0.0)
(38701,0.0)
(38707,0.0)
(38709,0.0)
(38715,0.0)
(38717,0.0)
(38723,0.0)
(38725,0.0)
(38729,0.0)
(38735,0.0)
(38739,0.0)
(38741,0.0)
(38747,0.0)
(38751,0.0)
(38753,0.0)
(38759,0.0)
(38761,0.0)
(38767,0.0)
(38771,0.0)
(38775,0.0)
(38777,0.0)
(38781,0.0)
(38787,0.0)
(38791,0.0)
(38793,0.0)
(38797,0.0)
(38803,0.0)
(38805,0.0)
(38811,0.0)
(38815,0.0)
(38817,0.0)
(38823,0.0)
(38825,0.0)
(38829,0.0)
(38833,0.0)
(38839,0.0)
(38841,0.0)
(38847,0.0)
(38849,0.0)
(38855,0.0)
(38857,0.0)
(38863,0.0)
(38865,0.0)
(38869,0.0)
(38873,0.0)
(38879,0.0)
(38881,0.0)
(38887,0.0)
(38889,0.0)
(38895,0.0)
(38897,0.0)
(38903,0.0)
(38905,0.0)
(38911,0.0)
(38913,0.0)
(38919,0.0)
(38921,0.0)
(38927,0.0)
(38929,0.0)
(38935,0.0)
(38939,0.0)
(38941,0.0)
(38947,0.0)
(38951,0.0)
(38953,0.0)
(38957,0.0)
(38963,0.0)
(38965,0.0)
(38971,0.0)
(38975,0.0)
(38977,0.0)
(38981,0.0)
(38987,0.0)
(38989,0.0)
(38995,0.0)
(38997,0.0)
(39003,0.0)
(39007,0.0)
(39009,0.0)
(39015,0.0)
(39017,0.0)
(39021,0.0)
(39027,0.0)
(39029,0.0)
(39035,0.0)
(39037,0.0)
(39043,0.0)
(39045,0.0)
(39051,0.0)
(39053,0.0)
(39059,0.0)
(39061,0.0)
(39067,0.0)
(39069,0.0)
(39073,0.0)
(39079,0.0)
(39081,0.0)
(39085,0.0)
(39091,0.0)
(39093,0.0)
(39099,0.0)
(39101,0.0)
(39107,0.0)
(39109,0.0)
(39115,0.0)
(39117,0.0)
(39123,0.0)
(39125,0.0)
(39131,0.0)
(39133,0.0)
(39137,0.0)
(39143,0.0)
(39147,0.0)
(39149,0.0)
(39155,0.0)
(39157,0.0)
(39161,0.0)
(39167,0.0)
(39171,0.0)
(39173,0.0)
(39177,0.0)
(39183,0.0)
(39185,0.0)
(39191,0.0)
(39193,0.0)
(39199,0.0)
(39201,0.0)
(39207,0.0)
(39209,0.0)
(39213,0.0)
(39219,0.0)
(39221,0.0)
(39227,0.0)
(39229,0.0)
(39235,0.0)
(39239,0.0)
(39243,0.0)
(39245,0.0)
(39249,0.0)
(39255,0.0)
(39257,0.0)
(39263,0.0)
(39265,0.0)
(39269,0.0)
(39275,0.0)
(39277,0.0)
(39283,0.0)
(39285,0.0)
(39291,0.0)
(39293,0.0)
(39299,0.0)
(39301,0.0)
(39307,0.0)
(39309,0.0)
(39315,0.0)
(39317,0.0)
(39323,0.0)
(39325,0.0)
(39331,0.0)
(39333,0.0)
(39339,0.0)
(39341,0.0)
(39347,0.0)
(39349,0.0)
(39355,0.0)
(39357,0.0)
(39363,0.0)
(39367,0.0)
(39369,0.0)
(39375,0.0)
(39377,0.0)
(39383,0.0)
(39387,0.0)
(39391,0.0)
(39393,0.0)
(39399,0.0)
(39403,0.0)
(39405,0.0)
(39411,0.0)
(39413,0.0)
(39419,0.0)
(39421,0.0)
(39427,0.0)
(39429,0.0)
(39435,0.0)
(39437,0.0)
(39443,0.0)
(39445,0.0)
(39451,0.0)
(39453,0.0)
(39459,0.0)
(39461,0.0)
(39467,0.0)
(39469,0.0)
(39475,0.0)
(39477,0.0)
(39483,0.0)
(39485,0.0)
(39491,0.0)
(39495,0.0)
(39497,0.0)
(39503,0.0)
(39507,0.0)
(39509,0.0)
(39515,0.0)
(39517,0.0)
(39523,0.0)
(39525,0.0)
(39529,0.0)
(39535,0.0)
(39537,0.0)
(39543,0.0)
(39545,0.0)
(39551,0.0)
(39555,0.0)
(39557,0.0)
(39563,0.0)
(39565,0.0)
(39569,0.0)
(39575,0.0)
(39577,0.0)
(39583,0.0)
(39585,0.0)
(39591,0.0)
(39593,0.0)
(39599,0.0)
(39603,0.0)
(39605,0.0)
(39611,0.0)
(39613,0.0)
(39619,0.0)
(39621,0.0)
(39627,0.0)
(39629,0.0)
(39635,0.0)
(39637,0.0)
(39643,0.0)
(39647,0.0)
(39649,0.0)
(39655,0.0)
(39657,0.0)
(39663,0.0)
(39665,0.0)
(39671,0.0)
(39673,0.0)
(39679,0.0)
(39681,0.0)
(39687,0.0)
(39689,0.0)
(39695,0.0)
(39697,0.0)
(39703,0.0)
(39705,0.0)
(39711,0.0)
(39713,0.0)
(39719,0.0)
(39721,0.0)
(39727,0.0)
(39729,0.0)
(39733,0.0)
(39739,0.0)
(39741,0.0)
(39747,0.0)
(39749,0.0)
(39755,0.0)
(39757,0.0)
(39761,0.0)
(39767,0.0)
(39769,0.0)
(39773,0.0)
(39777,0.0)
(39783,0.0)
(39785,0.0)
(39791,0.0)
(39793,0.0)
(39797,0.0)
(39803,0.0)
(39805,0.0)
(39811,0.0)
(39813,0.0)
(39819,0.0)
(39821,0.0)
(39827,0.0)
(39829,0.0)
(39835,0.0)
(39837,0.0)
(39843,0.0)
(39845,0.0)
(39851,0.0)
(39853,0.0)
(39859,0.0)
(39861,0.0)
(39867,0.0)
(39869,0.0)
(39875,0.0)
(39879,0.0)
(39883,0.0)
(39885,0.0)
(39891,0.0)
(39893,0.0)
(39899,0.0)
(39901,0.0)
(39907,0.0)
(39909,0.0)
(39915,0.0)
(39917,0.0)
(39923,0.0)
(39925,0.0)
(39929,0.0)
(39935,0.0)
(39939,0.0)
(39943,0.0)
(39945,0.0)
(39951,0.0)
(39953,0.0)
(39957,0.0)
(39963,0.0)
(39965,0.0)
(39971,0.0)
(39975,0.0)
(39977,0.0)
(39983,0.0)
(39985,0.0)
(39991,0.0)
(39993,0.0)
(39997,0.0)
(40003,0.0)
(40005,0.0)
(40009,0.0)
(40015,0.0)
(40017,0.0)
(40023,0.0)
(40025,0.0)
(40031,0.0)
(40035,0.0)
(40037,0.0)
(40043,0.0)
(40047,0.0)
(40049,0.0)
(40055,0.0)
(40057,0.0)
(40063,0.0)
(40065,0.0)
(40071,0.0)
(40073,0.0)
(40079,0.0)
(40081,0.0)
(40087,0.0)
(40089,0.0)
(40095,0.0)
(40099,0.0)
(40101,0.0)
(40107,0.0)
(40111,0.0)
(40115,0.0)
(40117,0.0)
(40123,0.0)
(40125,0.0)
(40131,0.0)
(40135,0.0)
(40137,0.0)
(40143,0.0)
(40145,0.0)
(40151,0.0)
(40153,0.0)
(40159,0.0)
(40161,0.0)
(40165,0.0)
(40171,0.0)
(40173,0.0)
(40179,0.0)
(40181,0.0)
(40187,0.0)
(40189,0.0)
(40195,0.0)
(40197,0.0)
(40203,0.0)
(40205,0.0)
(40211,0.0)
(40213,0.0)
(40219,0.0)
(40221,0.0)
(40225,0.0)
(40231,0.0)
(40233,0.0)
(40239,0.0)
(40241,0.0)
(40247,0.0)
(40249,0.0)
(40255,0.0)
(40257,0.0)
(40263,0.0)
(40265,0.0)
(40269,0.0)
(40275,0.0)
(40277,0.0)
(40283,0.0)
(40285,0.0)
(40291,0.0)
(40293,0.0)
(40299,0.0)
(40301,0.0)
(40307,0.0)
(40311,0.0)
(40313,0.0)
(40319,0.0)
(40321,0.0)
(40327,0.0)
(40329,0.0)
(40335,0.0)
(40339,0.0)
(40341,0.0)
(40347,0.0)
(40351,0.0)
(40353,0.0)
(40359,0.0)
(40361,0.0)
(40367,0.0)
(40369,0.0)
(40375,0.0)
(40377,0.0)
(40383,0.0)
(40385,0.0)
(40391,0.0)
(40393,0.0)
(40399,0.0)
(40401,0.0)
(40407,0.0)
(40409,0.0)
(40415,0.0)
(40417,0.0)
(40423,0.0)
(40425,0.0)
(40431,0.0)
(40433,0.0)
(40439,0.0)
(40441,0.0)
(40447,0.0)
(40449,0.0)
(40455,0.0)
(40457,0.0)
(40463,0.0)
(40465,0.0)
(40471,0.0)
(40473,0.0)
(40479,0.0)
(40481,0.0)
(40487,0.0)
(40489,0.0)
(40495,0.0)
(40497,0.0)
(40501,0.0)
(40505,0.0)
(40509,0.0)
(40515,0.0)
(40519,0.0)
(40523,0.0)
(40527,0.0)
(40529,0.0)
(40535,0.0)
(40537,0.0)
(40543,0.0)
(40545,0.0)
(40551,0.0)
(40553,0.0)
(40557,0.0)
(40563,0.0)
(40565,0.0)
(40571,0.0)
(40573,0.0)
(40579,0.0)
(40581,0.0)
(40587,0.0)
(40591,0.0)
(40593,0.0)
(40599,0.0)
(40601,0.0)
(40607,0.0)
(40609,0.0)
(40615,0.0)
(40619,0.0)
(40621,0.0)
(40627,0.0)
(40629,0.0)
(40635,0.0)
(40637,0.0)
(40643,0.0)
(40645,0.0)
(40649,0.0)
(40655,0.0)
(40657,0.0)
(40663,0.0)
(40667,0.0)
(40669,0.0)
(40675,0.0)
(40679,0.0)
(40681,0.0)
(40687,0.0)
(40689,0.0)
(40695,0.0)
(40697,0.0)
(40703,0.0)
(40705,0.0)
(40711,0.0)
(40713,0.0)
(40719,0.0)
(40721,0.0)
(40727,0.0)
(40729,0.0)
(40733,0.0)
(40739,0.0)
(40741,0.0)
(40747,0.0)
(40749,0.0)
(40755,0.0)
(40757,0.0)
(40763,0.0)
(40765,0.0)
(40771,0.0)
(40773,0.0)
(40779,0.0)
(40781,0.0)
(40787,0.0)
(40791,0.0)
(40793,0.0)
(40799,0.0)
(40801,0.0)
(40807,0.0)
(40809,0.0)
(40815,0.0)
(40817,0.0)
(40823,0.0)
(40827,0.0)
(40829,0.0)
(40833,0.0)
(40839,0.0)
(40843,0.0)
(40845,0.0)
(40851,0.0)
(40855,0.0)
(40859,0.0)
(40861,0.0)
(40867,0.0)
(40869,0.0)
(40875,0.0)
(40877,0.0)
(40881,0.0)
(40887,0.0)
(40889,0.0)
(40895,0.0)
(40897,0.0)
(40903,0.0)
(40907,0.0)
(40909,0.0)
(40915,0.0)
(40917,0.0)
(40923,0.0)
(40925,0.0)
(40931,0.0)
(40933,0.0)
(40939,0.0)
(40941,0.0)
(40947,0.0)
(40949,0.0)
(40955,0.0)
(40957,0.0)
(40963,0.0)
(40965,0.0)
(40971,0.0)
(40973,0.0)
(40977,0.0)
(40981,0.0)
(40987,0.0)
(40989,0.0)
(40993,0.0)
(40999,0.0)
(41001,0.0)
(41007,0.0)
(41009,0.0)
(41015,0.0)
(41019,0.0)
(41021,0.0)
(41027,0.0)
(41029,0.0)
(41035,0.0)
(41037,0.0)
(41043,0.0)
(41045,0.0)
(41051,0.0)
(41053,0.0)
(41059,0.0)
(41061,0.0)
(41067,0.0)
(41069,0.0)
(41075,0.0)
(41077,0.0)
(41083,0.0)
(41085,0.0)
(41091,0.0)
(41093,0.0)
(41099,0.0)
(41101,0.0)
(41107,0.0)
(41109,0.0)
(41115,0.0)
(41117,0.0)
(41123,0.0)
(41125,0.0)
(41131,0.0)
(41133,0.0)
(41137,0.0)
(41143,0.0)
(41145,0.0)
(41151,0.0)
(41153,0.0)
(41159,0.0)
(41163,0.0)
(41165,0.0)
(41171,0.0)
(41173,0.0)
(41179,0.0)
(41183,0.0)
(41185,0.0)
(41191,0.0)
(41193,0.0)
(41199,0.0)
(41203,0.0)
(41205,0.0)
(41211,0.0)
(41213,0.0)
(41219,0.0)
(41221,0.0)
(41227,0.0)
(41229,0.0)
(41235,0.0)
(41237,0.0)
(41243,0.0)
(41245,0.0)
(41251,0.0)
(41255,0.0)
(41259,0.0)
(41261,0.0)
(41267,0.0)
(41269,0.0)
(41275,0.0)
(41279,0.0)
(41281,0.0)
(41287,0.0)
(41289,0.0)
(41295,0.0)
(41297,0.0)
(41301,0.0)
(41307,0.0)
(41311,0.0)
(41313,0.0)
(41317,0.0)
(41323,0.0)
(41327,0.0)
(41329,0.0)
(41335,0.0)
(41337,0.0)
(41343,0.0)
(41345,0.0)
(41349,0.0)
(41353,0.0)
(41359,0.0)
(41363,0.0)
(41365,0.0)
(41371,0.0)
(41373,0.0)
(41377,0.0)
(41383,0.0)
(41387,0.0)
(41389,0.0)
(41395,0.0)
(41397,0.0)
(41403,0.0)
(41405,0.0)
(41411,0.0)
(41413,0.0)
(41419,0.0)
(41421,0.0)
(41427,0.0)
(41429,0.0)
(41433,0.0)
(41439,0.0)
(41441,0.0)
(41447,0.0)
(41449,0.0)
(41453,0.0)
(41459,0.0)
(41461,0.0)
(41467,0.0)
(41469,0.0)
(41475,0.0)
(41477,0.0)
(41483,0.0)
(41485,0.0)
(41491,0.0)
(41493,0.0)
(41499,0.0)
(41501,0.0)
(41507,0.0)
(41509,0.0)
(41515,0.0)
(41519,0.0)
(41521,0.0)
(41527,0.0)
(41529,0.0)
(41533,0.0)
(41539,0.0)
(41543,0.0)
(41545,0.0)
(41551,0.0)
(41553,0.0)
(41557,0.0)
(41563,0.0)
(41565,0.0)
(41571,0.0)
(41573,0.0)
(41579,0.0)
(41583,0.0)
(41587,0.0)
(41589,0.0)
(41595,0.0)
(41599,0.0)
(41601,0.0)
(41607,0.0)
(41609,0.0)
(41613,0.0)
(41617,0.0)
(41623,0.0)
(41627,0.0)
(41629,0.0)
(41635,0.0)
(41637,0.0)
(41643,0.0)
(41645,0.0)
(41651,0.0)
(41653,0.0)
(41657,0.0)
(41663,0.0)
(41667,0.0)
(41669,0.0)
(41675,0.0)
(41677,0.0)
(41683,0.0)
(41685,0.0)
(41689,0.0)
(41695,0.0)
(41697,0.0)
(41703,0.0)
(41705,0.0)
(41711,0.0)
(41713,0.0)
(41719,0.0)
(41721,0.0)
(41725,0.0)
(41731,0.0)
(41733,0.0)
(41739,0.0)
(41741,0.0)
(41747,0.0)
(41749,0.0)
(41755,0.0)
(41757,0.0)
(41763,0.0)
(41765,0.0)
(41771,0.0)
(41773,0.0)
(41777,0.0)
(41781,0.0)
(41787,0.0)
(41791,0.0)
(41795,0.0)
(41797,0.0)
(41803,0.0)
(41805,0.0)
(41811,0.0)
(41813,0.0)
(41817,0.0)
(41823,0.0)
(41825,0.0)
(41831,0.0)
(41833,0.0)
(41839,0.0)
(41841,0.0)
(41847,0.0)
(41851,0.0)
(41853,0.0)
(41859,0.0)
(41861,0.0)
(41867,0.0)
(41869,0.0)
(41875,0.0)
(41877,0.0)
(41883,0.0)
(41885,0.0)
(41891,0.0)
(41893,0.0)
(41899,0.0)
(41903,0.0)
(41905,0.0)
(41911,0.0)
(41913,0.0)
(41919,0.0)
(41921,0.0)
(41927,0.0)
(41929,0.0)
(41935,0.0)
(41937,0.0)
(41943,0.0)
(41947,0.0)
(41949,0.0)
(41955,0.0)
(41957,0.0)
(41961,0.0)
(41967,0.0)
(41969,0.0)
(41975,0.0)
(41979,0.0)
(41981,0.0)
(41987,0.0)
(41989,0.0)
(41995,0.0)
(41997,0.0)
(42001,0.0)
(42007,0.0)
(42009,0.0)
(42015,0.0)
(42017,0.0)
(42023,0.0)
(42027,0.0)
(42029,0.0)
(42035,0.0)
(42037,0.0)
(42043,0.0)
(42045,0.0)
(42049,0.0)
(42053,0.0)
(42059,0.0)
(42061,0.0)
(42067,0.0)
(42071,0.0)
(42073,0.0)
(42079,0.0)
(42083,0.0)
(42085,0.0)
(42089,0.0)
(42093,0.0)
(42097,0.0)
(42103,0.0)
(42107,0.0)
(42109,0.0)
(42115,0.0)
(42117,0.0)
(42123,0.0)
(42125,0.0)
(42131,0.0)
(42133,0.0)
(42139,0.0)
(42141,0.0)
(42147,0.0)
(42149,0.0)
(42155,0.0)
(42157,0.0)
(42163,0.0)
(42165,0.0)
(42171,0.0)
(42173,0.0)
(42179,0.0)
(42181,0.0)
(42187,0.0)
(42189,0.0)
(42195,0.0)
(42197,0.0)
(42203,0.0)
(42207,0.0)
(42209,0.0)
(42215,0.0)
(42217,0.0)
(42223,0.0)
(42225,0.0)
(42229,0.0)
(42235,0.0)
(42239,0.0)
(42241,0.0)
(42247,0.0)
(42249,0.0)
(42255,0.0)
(42257,0.0)
(42263,0.0)
(42265,0.0)
(42271,0.0)
(42275,0.0)
(42277,0.0)
(42283,0.0)
(42285,0.0)
(42291,0.0)
(42293,0.0)
(42299,0.0)
(42301,0.0)
(42307,0.0)
(42309,0.0)
(42313,0.0)
(42317,0.0)
(42321,0.0)
(42327,0.0)
(42329,0.0)
(42335,0.0)
(42337,0.0)
(42343,0.0)
(42347,0.0)
(42349,0.0)
(42355,0.0)
(42359,0.0)
(42361,0.0)
(42367,0.0)
(42369,0.0)
(42373,0.0)
(42379,0.0)
(42381,0.0)
(42387,0.0)
(42389,0.0)
(42395,0.0)
(42397,0.0)
(42403,0.0)
(42405,0.0)
(42409,0.0)
(42415,0.0)
(42417,0.0)
(42423,0.0)
(42425,0.0)
(42431,0.0)
(42433,0.0)
(42437,0.0)
(42443,0.0)
(42445,0.0)
(42451,0.0)
(42453,0.0)
(42459,0.0)
(42463,0.0)
(42465,0.0)
(42471,0.0)
(42473,0.0)
(42479,0.0)
(42481,0.0)
(42487,0.0)
(42489,0.0)
(42495,0.0)
(42497,0.0)
(42503,0.0)
(42505,0.0)
(42511,0.0)
(42515,0.0)
(42517,0.0)
(42523,0.0)
(42525,0.0)
(42529,0.0)
(42535,0.0)
(42539,0.0)
(42541,0.0)
(42547,0.0)
(42549,0.0)
(42555,0.0)
(42557,0.0)
(42563,0.0)
(42565,0.0)
(42571,0.0)
(42573,0.0)
(42579,0.0)
(42583,0.0)
(42585,0.0)
(42591,0.0)
(42593,0.0)
(42599,0.0)
(42601,0.0)
(42607,0.0)
(42609,0.0)
(42615,0.0)
(42617,0.0)
(42623,0.0)
(42625,0.0)
(42631,0.0)
(42635,0.0)
(42637,0.0)
(42643,0.0)
(42645,0.0)
(42651,0.0)
(42653,0.0)
(42659,0.0)
(42661,0.0)
(42667,0.0)
(42669,0.0)
(42673,0.0)
(42679,0.0)
(42683,0.0)
(42685,0.0)
(42691,0.0)
(42693,0.0)
(42697,0.0)
(42701,0.0)
(42705,0.0)
(42711,0.0)
(42715,0.0)
(42717,0.0)
(42721,0.0)
(42727,0.0)
(42729,0.0)
(42735,0.0)
(42737,0.0)
(42743,0.0)
(42745,0.0)
(42749,0.0)
(42755,0.0)
(42759,0.0)
(42763,0.0)
(42765,0.0)
(42769,0.0)
(42775,0.0)
(42779,0.0)
(42781,0.0)
(42787,0.0)
(42789,0.0)
(42795,0.0)
(42799,0.0)
(42801,0.0)
(42807,0.0)
(42809,0.0)
(42815,0.0)
(42817,0.0)
(42821,0.0)
(42827,0.0)
(42831,0.0)
(42833,0.0)
(42839,0.0)
(42841,0.0)
(42847,0.0)
(42849,0.0)
(42853,0.0)
(42859,0.0)
(42861,0.0)
(42865,0.0)
(42871,0.0)
(42873,0.0)
(42877,0.0)
(42883,0.0)
(42887,0.0)
(42889,0.0)
(42895,0.0)
(42897,0.0)
(42901,0.0)
(42907,0.0)
(42911,0.0)
(42913,0.0)
(42919,0.0)
(42921,0.0)
(42927,0.0)
(42929,0.0)
(42933,0.0)
(42939,0.0)
(42941,0.0)
(42947,0.0)
(42949,0.0)
(42955,0.0)
(42959,0.0)
(42961,0.0)
(42965,0.0)
(42971,0.0)
(42973,0.0)
(42979,0.0)
(42981,0.0)
(42987,0.0)
(42989,0.0)
(42995,0.0)
(42997,0.0)
(43003,0.0)
(43007,0.0)
(43009,0.0)
(43015,0.0)
(43019,0.0)
(43021,0.0)
(43027,0.0)
(43031,0.0)
(43033,0.0)
(43039,0.0)
(43041,0.0)
(43047,0.0)
(43049,0.0)
(43055,0.0)
(43057,0.0)
(43063,0.0)
(43065,0.0)
(43069,0.0)
(43075,0.0)
(43077,0.0)
(43081,0.0)
(43087,0.0)
(43091,0.0)
(43095,0.0)
(43097,0.0)
(43103,0.0)
(43105,0.0)
(43111,0.0)
(43113,0.0)
(43119,0.0)
(43121,0.0)
(43127,0.0)
(43129,0.0)
(43133,0.0)
(43139,0.0)
(43141,0.0)
(43147,0.0)
(43149,0.0)
(43155,0.0)
(43157,0.0)
(43163,0.0)
(43167,0.0)
(43171,0.0)
(43175,0.0)
(43179,0.0)
(43181,0.0)
(43187,0.0)
(43189,0.0)
(43195,0.0)
(43197,0.0)
(43203,0.0)
(43207,0.0)
(43209,0.0)
(43213,0.0)
(43219,0.0)
(43221,0.0)
(43227,0.0)
(43229,0.0)
(43233,0.0)
(43239,0.0)
(43241,0.0)
(43247,0.0)
(43249,0.0)
(43253,0.0)
(43259,0.0)
(43261,0.0)
(43267,0.0)
(43269,0.0)
(43273,0.0)
(43279,0.0)
(43281,0.0)
(43287,0.0)
(43289,0.0)
(43295,0.0)
(43297,0.0)
(43303,0.0)
(43305,0.0)
(43309,0.0)
(43313,0.0)
(43319,0.0)
(43321,0.0)
(43325,0.0)
(43331,0.0)
(43333,0.0)
(43339,0.0)
(43343,0.0)
(43345,0.0)
(43351,0.0)
(43353,0.0)
(43359,0.0)
(43361,0.0)
(43365,0.0)
(43369,0.0)
(43375,0.0)
(43379,0.0)
(43381,0.0)
(43385,0.0)
(43391,0.0)
(43393,0.0)
(43399,0.0)
(43403,0.0)
(43405,0.0)
(43411,0.0)
(43415,0.0)
(43419,0.0)
(43421,0.0)
(43427,0.0)
(43429,0.0)
(43435,0.0)
(43437,0.0)
(43443,0.0)
(43445,0.0)
(43451,0.0)
(43455,0.0)
(43459,0.0)
(43461,0.0)
(43467,0.0)
(43471,0.0)
(43473,0.0)
(43477,0.0)
(43483,0.0)
(43485,0.0)
(43491,0.0)
(43495,0.0)
(43497,0.0)
(43503,0.0)
(43505,0.0)
(43511,0.0)
(43515,0.0)
(43517,0.0)
(43523,0.0)
(43525,0.0)
(43531,0.0)
(43533,0.0)
(43539,0.0)
(43541,0.0)
(43547,0.0)
(43549,0.0)
(43553,0.0)
(43559,0.0)
(43561,0.0)
(43567,0.0)
(43569,0.0)
(43575,0.0)
(43579,0.0)
(43581,0.0)
(43587,0.0)
(43591,0.0)
(43593,0.0)
(43599,0.0)
(43601,0.0)
(43607,0.0)
(43609,0.0)
(43615,0.0)
(43617,0.0)
(43621,0.0)
(43627,0.0)
(43629,0.0)
(43635,0.0)
(43637,0.0)
(43643,0.0)
(43645,0.0)
(43651,0.0)
(43653,0.0)
(43659,0.0)
(43661,0.0)
(43667,0.0)
(43669,0.0)
(43675,0.0)
(43677,0.0)
(43683,0.0)
(43685,0.0)
(43691,0.0)
(43693,0.0)
(43697,0.0)
(43703,0.0)
(43707,0.0)
(43709,0.0)
(43715,0.0)
(43719,0.0)
(43721,0.0)
(43727,0.0)
(43729,0.0)
(43733,0.0)
(43739,0.0)
(43743,0.0)
(43747,0.0)
(43749,0.0)
(43755,0.0)
(43757,0.0)
(43761,0.0)
(43765,0.0)
(43771,0.0)
(43775,0.0)
(43777,0.0)
(43781,0.0)
(43787,0.0)
(43789,0.0)
(43795,0.0)
(43797,0.0)
(43803,0.0)
(43805,0.0)
(43811,0.0)
(43813,0.0)
(43819,0.0)
(43823,0.0)
(43825,0.0)
(43831,0.0)
(43833,0.0)
(43839,0.0)
(43841,0.0)
(43847,0.0)
(43849,0.0)
(43853,0.0)
(43859,0.0)
(43863,0.0)
(43865,0.0)
(43871,0.0)
(43875,0.0)
(43877,0.0)
(43883,0.0)
(43885,0.0)
(43891,0.0)
(43893,0.0)
(43899,0.0)
(43901,0.0)
(43907,0.0)
(43911,0.0)
(43913,0.0)
(43919,0.0)
(43923,0.0)
(43925,0.0)
(43931,0.0)
(43933,0.0)
(43939,0.0)
(43941,0.0)
(43947,0.0)
(43949,0.0)
(43955,0.0)
(43957,0.0)
(43963,0.0)
(43967,0.0)
(43969,0.0)
(43975,0.0)
(43979,0.0)
(43981,0.0)
(43987,0.0)
(43989,0.0)
(43993,0.0)
(43999,0.0)
(44001,0.0)
(44007,0.0)
(44009,0.0)
(44013,0.0)
(44017,0.0)
(44023,0.0)
(44027,0.0)
(44029,0.0)
(44035,0.0)
(44037,0.0)
(44041,0.0)
(44047,0.0)
(44049,0.0)
(44055,0.0)
(44057,0.0)
(44063,0.0)
(44065,0.0)
(44071,0.0)
(44073,0.0)
(44079,0.0)
(44081,0.0)
(44087,0.0)
(44089,0.0)
(44095,0.0)
(44099,0.0)
(44101,0.0)
(44107,0.0)
(44111,0.0)
(44113,0.0)
(44119,0.0)
(44123,0.0)
(44125,0.0)
(44129,0.0)
(44133,0.0)
(44139,0.0)
(44143,0.0)
(44147,0.0)
(44149,0.0)
(44155,0.0)
(44157,0.0)
(44161,0.0)
(44165,0.0)
(44171,0.0)
(44173,0.0)
(44179,0.0)
(44181,0.0)
(44187,0.0)
(44191,0.0)
(44193,0.0)
(44199,0.0)
(44201,0.0)
(44205,0.0)
(44211,0.0)
(44213,0.0)
(44219,0.0)
(44223,0.0)
(44225,0.0)
(44231,0.0)
(44235,0.0)
(44237,0.0)
(44243,0.0)
(44245,0.0)
(44251,0.0)
(44255,0.0)
(44257,0.0)
(44263,0.0)
(44265,0.0)
(44271,0.0)
(44273,0.0)
(44277,0.0)
(44283,0.0)
(44287,0.0)
(44289,0.0)
(44295,0.0)
(44299,0.0)
(44301,0.0)
(44307,0.0)
(44309,0.0)
(44313,0.0)
(44319,0.0)
(44323,0.0)
(44325,0.0)
(44331,0.0)
(44333,0.0)
(44339,0.0)
(44343,0.0)
(44345,0.0)
(44351,0.0)
(44353,0.0)
(44357,0.0)
(44363,0.0)
(44365,0.0)
(44371,0.0)
(44373,0.0)
(44379,0.0)
(44381,0.0)
(44387,0.0)
(44389,0.0)
(44395,0.0)
(44397,0.0)
(44401,0.0)
(44407,0.0)
(44409,0.0)
(44415,0.0)
(44419,0.0)
(44421,0.0)
(44427,0.0)
(44429,0.0)
(44433,0.0)
(44439,0.0)
(44441,0.0)
(44447,0.0)
(44449,0.0)
(44455,0.0)
(44457,0.0)
(44461,0.0)
(44467,0.0)
(44471,0.0)
(44475,0.0)
(44479,0.0)
(44481,0.0)
(44485,0.0)
(44491,0.0)
(44495,0.0)
(44497,0.0)
(44503,0.0)
(44505,0.0)
(44511,0.0)
(44515,0.0)
(44519,0.0)
(44521,0.0)
(44527,0.0)
(44529,0.0)
(44533,0.0)
(44539,0.0)
(44543,0.0)
(44545,0.0)
(44549,0.0)
(44555,0.0)
(44559,0.0)
(44561,0.0)
(44567,0.0)
(44569,0.0)
(44573,0.0)
(44579,0.0)
(44581,0.0)
(44587,0.0)
(44591,0.0)
(44593,0.0)
(44599,0.0)
(44601,0.0)
(44607,0.0)
(44609,0.0)
(44615,0.0)
(44617,0.0)
(44623,0.0)
(44625,0.0)
(44629,0.0)
(44635,0.0)
(44637,0.0)
(44643,0.0)
(44645,0.0)
(44649,0.0)
(44655,0.0)
(44657,0.0)
(44663,0.0)
(44665,0.0)
(44671,0.0)
(44673,0.0)
(44679,0.0)
(44681,0.0)
(44687,0.0)
(44691,0.0)
(44693,0.0)
(44699,0.0)
(44701,0.0)
(44705,0.0)
(44711,0.0)
(44713,0.0)
(44717,0.0)
(44721,0.0)
(44727,0.0)
(44729,0.0)
(44735,0.0)
(44737,0.0)
(44743,0.0)
(44747,0.0)
(44749,0.0)
(44755,0.0)
(44759,0.0)
(44761,0.0)
(44765,0.0)
(44769,0.0)
(44775,0.0)
(44777,0.0)
(44783,0.0)
(44785,0.0)
(44789,0.0)
(44795,0.0)
(44797,0.0)
(44801,0.0)
(44807,0.0)
(44809,0.0)
(44813,0.0)
(44819,0.0)
(44821,0.0)
(44827,0.0)
(44829,0.0)
(44833,0.0)
(44839,0.0)
(44843,0.0)
(44845,0.0)
(44849,0.0)
(44855,0.0)
(44857,0.0)
(44863,0.0)
(44865,0.0)
(44871,0.0)
(44873,0.0)
(44879,0.0)
(44881,0.0)
(44887,0.0)
(44889,0.0)
(44895,0.0)
(44897,0.0)
(44903,0.0)
(44905,0.0)
(44911,0.0)
(44915,0.0)
(44919,0.0)
(44923,0.0)
(44925,0.0)
(44931,0.0)
(44933,0.0)
(44939,0.0)
(44941,0.0)
(44947,0.0)
(44951,0.0)
(44953,0.0)
(44959,0.0)
(44961,0.0)
(44967,0.0)
(44971,0.0)
(44973,0.0)
(44979,0.0)
(44981,0.0)
(44985,0.0)
(44991,0.0)
(44993,0.0)
(44999,0.0)
(45001,0.0)
(45007,0.0)
(45009,0.0)
(45013,0.0)
(45019,0.0)
(45021,0.0)
(45025,0.0)
(45031,0.0)
(45035,0.0)
(45037,0.0)
(45043,0.0)
(45047,0.0)
(45051,0.0)
(45055,0.0)
(45059,0.0)
(45061,0.0)
(45067,0.0)
(45069,0.0)
(45075,0.0)
(45079,0.0)
(45081,0.0)
(45085,0.0)
(45091,0.0)
(45093,0.0)
(45097,0.0)
(45103,0.0)
(45107,0.0)
(45109,0.0)
(45113,0.0)
(45119,0.0)
(45123,0.0)
(45125,0.0)
(45129,0.0)
(45135,0.0)
(45137,0.0)
(45141,0.0)
(45147,0.0)
(45149,0.0)
(45155,0.0)
(45157,0.0)
(45163,0.0)
(45165,0.0)
(45171,0.0)
(45175,0.0)
(45177,0.0)
(45181,0.0)
(45187,0.0)
(45191,0.0)
(45195,0.0)
(45197,0.0)
(45203,0.0)
(45205,0.0)
(45211,0.0)
(45213,0.0)
(45219,0.0)
(45221,0.0)
(45225,0.0)
(45231,0.0)
(45233,0.0)
(45239,0.0)
(45241,0.0)
(45247,0.0)
(45251,0.0)
(45253,0.0)
(45259,0.0)
(45261,0.0)
(45265,0.0)
(45269,0.0)
(45273,0.0)
(45277,0.0)
(45283,0.0)
(45285,0.0)
(45289,0.0)
(45293,0.0)
(45299,0.0)
(45301,0.0)
(45307,0.0)
(45311,0.0)
(45313,0.0)
(45319,0.0)
(45321,0.0)
(45327,0.0)
(45329,0.0)
(45333,0.0)
(45337,0.0)
(45343,0.0)
(45345,0.0)
(45349,0.0)
(45353,0.0)
(45357,0.0)
(45363,0.0)
(45365,0.0)
(45371,0.0)
(45373,0.0)
(45379,0.0)
(45381,0.0)
(45387,0.0)
(45389,0.0)
(45393,0.0)
(45399,0.0)
(45403,0.0)
(45405,0.0)
(45409,0.0)
(45415,0.0)
(45417,0.0)
(45423,0.0)
(45425,0.0)
(45431,0.0)
(45433,0.0)
(45439,0.0)
(45441,0.0)
(45445,0.0)
(45451,0.0)
(45453,0.0)
(45457,0.0)
(45463,0.0)
(45465,0.0)
(45471,0.0)
(45473,0.0)
(45477,0.0)
(45483,0.0)
(45487,0.0)
(45489,0.0)
(45495,0.0)
(45497,0.0)
(45503,0.0)
(45505,0.0)
(45511,0.0)
(45513,0.0)
(45517,0.0)
(45523,0.0)
(45525,0.0)
(45531,0.0)
(45535,0.0)
(45537,0.0)
(45541,0.0)
(45545,0.0)
(45551,0.0)
(45553,0.0)
(45559,0.0)
(45561,0.0)
(45565,0.0)
(45571,0.0)
(45573,0.0)
(45577,0.0)
(45583,0.0)
(45587,0.0)
(45589,0.0)
(45595,0.0)
(45599,0.0)
(45603,0.0)
(45607,0.0)
(45609,0.0)
(45613,0.0)
(45619,0.0)
(45621,0.0)
(45625,0.0)
(45631,0.0)
(45633,0.0)
(45639,0.0)
(45643,0.0)
(45645,0.0)
(45649,0.0)
(45655,0.0)
(45659,0.0)
(45663,0.0)
(45665,0.0)
(45669,0.0)
(45675,0.0)
(45679,0.0)
(45683,0.0)
(45687,0.0)
(45689,0.0)
(45695,0.0)
(45699,0.0)
(45703,0.0)
(45705,0.0)
(45711,0.0)
(45713,0.0)
(45719,0.0)
(45721,0.0)
(45727,0.0)
(45729,0.0)
(45735,0.0)
(45739,0.0)
(45741,0.0)
(45747,0.0)
(45749,0.0)
(45753,0.0)
(45757,0.0)
(45763,0.0)
(45765,0.0)
(45771,0.0)
(45773,0.0)
(45779,0.0)
(45781,0.0)
(45787,0.0)
(45791,0.0)
(45793,0.0)
(45797,0.0)
(45803,0.0)
(45807,0.0)
(45809,0.0)
(45813,0.0)
(45819,0.0)
(45823,0.0)
(45825,0.0)
(45831,0.0)
(45833,0.0)
(45839,0.0)
(45843,0.0)
(45845,0.0)
(45849,0.0)
(45853,0.0)
(45859,0.0)
(45861,0.0)
(45865,0.0)
(45871,0.0)
(45873,0.0)
(45879,0.0)
(45883,0.0)
(45885,0.0)
(45889,0.0)
(45893,0.0)
(45897,0.0)
(45903,0.0)
(45907,0.0)
(45909,0.0)
(45913,0.0)
(45919,0.0)
(45923,0.0)
(45925,0.0)
(45931,0.0)
(45933,0.0)
(45937,0.0)
(45943,0.0)
(45945,0.0)
(45951,0.0)
(45953,0.0)
(45959,0.0)
(45961,0.0)
(45967,0.0)
(45969,0.0)
(45973,0.0)
(45979,0.0)
(45983,0.0)
(45985,0.0)
(45989,0.0)
(45995,0.0)
(45997,0.0)
(46001,0.0)
(46007,0.0)
(46009,0.0)
(46015,0.0)
(46019,0.0)
(46021,0.0)
(46027,0.0)
(46029,0.0)
(46035,0.0)
(46037,0.0)
(46043,0.0)
(46047,0.0)
(46049,0.0)
(46055,0.0)
(46057,0.0)
(46061,0.0)
(46067,0.0)
(46071,0.0)
(46073,0.0)
(46077,0.0)
(46083,0.0)
(46087,0.0)
(46091,0.0)
(46095,0.0)
(46099,0.0)
(46103,0.0)
(46107,0.0)
(46109,0.0)
(46115,0.0)
(46117,0.0)
(46123,0.0)
(46125,0.0)
(46129,0.0)
(46133,0.0)
(46139,0.0)
(46141,0.0)
(46145,0.0)
(46149,0.0)
(46155,0.0)
(46157,0.0)
(46161,0.0)
(46167,0.0)
(46169,0.0)
(46175,0.0)
(46177,0.0)
(46183,0.0)
(46187,0.0)
(46189,0.0)
(46195,0.0)
(46199,0.0)
(46201,0.0)
(46205,0.0)
(46209,0.0)
(46215,0.0)
(46217,0.0)
(46221,0.0)
(46225,0.0)
(46231,0.0)
(46235,0.0)
(46237,0.0)
(46243,0.0)
(46247,0.0)
(46249,0.0)
(46255,0.0)
(46259,0.0)
(46261,0.0)
(46267,0.0)
(46269,0.0)
(46273,0.0)
(46277,0.0)
(46281,0.0)
(46285,0.0)
(46289,0.0)
(46295,0.0)
(46297,0.0)
(46303,0.0)
(46305,0.0)
(46311,0.0)
(46313,0.0)
(46319,0.0)
(46321,0.0)
(46327,0.0)
(46329,0.0)
(46335,0.0)
(46337,0.0)
(46341,0.0)
(46347,0.0)
(46349,0.0)
(46353,0.0)
(46359,0.0)
(46363,0.0)
(46365,0.0)
(46371,0.0)
(46373,0.0)
(46379,0.0)
(46381,0.0)
(46387,0.0)
(46389,0.0)
(46393,0.0)
(46399,0.0)
(46401,0.0)
(46407,0.0)
(46411,0.0)
(46413,0.0)
(46417,0.0)
(46423,0.0)
(46427,0.0)
(46429,0.0)
(46433,0.0)
(46439,0.0)
(46441,0.0)
(46445,0.0)
(46451,0.0)
(46455,0.0)
(46459,0.0)
(46461,0.0)
(46465,0.0)
(46471,0.0)
(46475,0.0)
(46477,0.0)
(46483,0.0)
(46487,0.0)
(46489,0.0)
(46493,0.0)
(46499,0.0)
(46501,0.0)
(46507,0.0)
(46509,0.0)
(46515,0.0)
(46517,0.0)
(46523,0.0)
(46525,0.0)
(46531,0.0)
(46535,0.0)
(46537,0.0)
(46543,0.0)
(46547,0.0)
(46549,0.0)
(46553,0.0)
(46557,0.0)
(46563,0.0)
(46567,0.0)
(46569,0.0)
(46575,0.0)
(46577,0.0)
(46581,0.0)
(46585,0.0)
(46591,0.0)
(46595,0.0)
(46597,0.0)
(46601,0.0)
(46607,0.0)
(46609,0.0)
(46615,0.0)
(46619,0.0)
(46623,0.0)
(46627,0.0)
(46629,0.0)
(46633,0.0)
(46637,0.0)
(46643,0.0)
(46645,0.0)
(46651,0.0)
(46653,0.0)
(46659,0.0)
(46663,0.0)
(46665,0.0)
(46671,0.0)
(46675,0.0)
(46677,0.0)
(46681,0.0)
(46685,0.0)
(46691,0.0)
(46695,0.0)
(46697,0.0)
(46703,0.0)
(46705,0.0)
(46709,0.0)
(46715,0.0)
(46717,0.0)
(46723,0.0)
(46725,0.0)
(46731,0.0)
(46733,0.0)
(46737,0.0)
(46743,0.0)
(46745,0.0)
(46749,0.0)
(46753,0.0)
(46759,0.0)
(46763,0.0)
(46765,0.0)
(46769,0.0)
(46773,0.0)
(46779,0.0)
(46781,0.0)
(46787,0.0)
(46791,0.0)
(46793,0.0)
(46797,0.0)
(46801,0.0)
(46807,0.0)
(46811,0.0)
(46813,0.0)
(46819,0.0)
(46821,0.0)
(46825,0.0)
(46831,0.0)
(46833,0.0)
(46837,0.0)
(46843,0.0)
(46847,0.0)
(46849,0.0)
(46853,0.0)
(46857,0.0)
(46863,0.0)
(46867,0.0)
(46869,0.0)
(46875,0.0)
(46877,0.0)
(46883,0.0)
(46885,0.0)
(46891,0.0)
(46893,0.0)
(46899,0.0)
(46901,0.0)
(46905,0.0)
(46911,0.0)
(46913,0.0)
(46919,0.0)
(46921,0.0)
(46927,0.0)
(46929,0.0)
(46935,0.0)
(46937,0.0)
(46943,0.0)
(46947,0.0)
(46951,0.0)
(46953,0.0)
(46957,0.0)
(46963,0.0)
(46965,0.0)
(46969,0.0)
(46975,0.0)
(46979,0.0)
(46981,0.0)
(46985,0.0)
(46991,0.0)
(46993,0.0)
(46999,0.0)
(47001,0.0)
(47007,0.0)
(47009,0.0)
(47015,0.0)
(47017,0.0)
(47023,0.0)
(47025,0.0)
(47031,0.0)
(47033,0.0)
(47037,0.0)
(47043,0.0)
(47047,0.0)
(47051,0.0)
(47055,0.0)
(47057,0.0)
(47063,0.0)
(47065,0.0)
(47069,0.0)
(47075,0.0)
(47077,0.0)
(47083,0.0)
(47085,0.0)
(47091,0.0)
(47093,0.0)
(47099,0.0)
(47101,0.0)
(47107,0.0)
(47111,0.0)
(47115,0.0)
(47117,0.0)
(47121,0.0)
(47127,0.0)
(47129,0.0)
(47133,0.0)
(47137,0.0)
(47143,0.0)
(47145,0.0)
(47149,0.0)
(47153,0.0)
(47157,0.0)
(47161,0.0)
(47167,0.0)
(47169,0.0)
(47173,0.0)
(47177,0.0)
(47183,0.0)
(47185,0.0)
(47191,0.0)
(47193,0.0)
(47199,0.0)
(47201,0.0)
(47207,0.0)
(47209,0.0)
(47215,0.0)
(47219,0.0)
(47223,0.0)
(47225,0.0)
(47231,0.0)
(47233,0.0)
(47237,0.0)
(47243,0.0)
(47245,0.0)
(47251,0.0)
(47255,0.0)
(47257,0.0)
(47261,0.0)
(47265,0.0)
(47271,0.0)
(47273,0.0)
(47277,0.0)
(47281,0.0)
(47287,0.0)
(47289,0.0)
(47293,0.0)
(47297,0.0)
(47301,0.0)
(47305,0.0)
(47309,0.0)
(47313,0.0)
(47319,0.0)
(47323,0.0)
(47327,0.0)
(47329,0.0)
(47335,0.0)
(47339,0.0)
(47343,0.0)
(47345,0.0)
(47351,0.0)
(47353,0.0)
(47357,0.0)
(47361,0.0)
(47365,0.0)
(47369,0.0)
(47375,0.0)
(47377,0.0)
(47383,0.0)
(47387,0.0)
(47391,0.0)
(47393,0.0)
(47397,0.0)
(47401,0.0)
(47407,0.0)
(47409,0.0)
(47415,0.0)
(47419,0.0)
(47421,0.0)
(47427,0.0)
(47429,0.0)
(47435,0.0)
(47439,0.0)
(47441,0.0)
(47445,0.0)
(47451,0.0)
(47453,0.0)
(47459,0.0)
(47463,0.0)
(47467,0.0)
(47469,0.0)
(47475,0.0)
(47477,0.0)
(47483,0.0)
(47485,0.0)
(47491,0.0)
(47495,0.0)
(47499,0.0)
(47501,0.0)
(47507,0.0)
(47509,0.0)
(47513,0.0)
(47519,0.0)
(47521,0.0)
(47525,0.0)
(47529,0.0)
(47533,0.0)
(47537,0.0)
(47541,0.0)
(47547,0.0)
(47551,0.0)
(47553,0.0)
(47559,0.0)
(47561,0.0)
(47567,0.0)
(47571,0.0)
(47575,0.0)
(47579,0.0)
(47581,0.0)
(47587,0.0)
(47589,0.0)
(47595,0.0)
(47599,0.0)
(47601,0.0)
(47605,0.0)
(47611,0.0)
(47615,0.0)
(47617,0.0)
(47621,0.0)
(47625,0.0)
(47631,0.0)
(47633,0.0)
(47637,0.0)
(47643,0.0)
(47645,0.0)
(47649,0.0)
(47653,0.0)
(47659,0.0)
(47661,0.0)
(47665,0.0)
(47671,0.0)
(47673,0.0)
(47679,0.0)
(47681,0.0)
(47687,0.0)
(47691,0.0)
(47693,0.0)
(47699,0.0)
(47701,0.0)
(47707,0.0)
(47711,0.0)
(47715,0.0)
(47719,0.0)
(47723,0.0)
(47725,0.0)
(47731,0.0)
(47733,0.0)
(47739,0.0)
(47743,0.0)
(47747,0.0)
(47749,0.0)
(47755,0.0)
(47759,0.0)
(47763,0.0)
(47765,0.0)
(47771,0.0)
(47775,0.0)
(47779,0.0)
(47781,0.0)
(47787,0.0)
(47791,0.0)
(47795,0.0)
(47799,0.0)
(47801,0.0)
(47805,0.0)
(47811,0.0)
(47815,0.0)
(47817,0.0)
(47823,0.0)
(47827,0.0)
(47829,0.0)
(47833,0.0)
(47839,0.0)
(47843,0.0)
(47845,0.0)
(47851,0.0)
(47853,0.0)
(47857,0.0)
(47863,0.0)
(47865,0.0)
(47871,0.0)
(47875,0.0)
(47879,0.0)
(47883,0.0)
(47887,0.0)
(47891,0.0)
(47893,0.0)
(47899,0.0)
(47901,0.0)
(47905,0.0)
(47909,0.0)
(47915,0.0)
(47917,0.0)
(47921,0.0)
(47925,0.0)
(47929,0.0)
(47935,0.0)
(47939,0.0)
(47941,0.0)
(47947,0.0)
(47949,0.0)
(47955,0.0)
(47957,0.0)
(47963,0.0)
(47965,0.0)
(47969,0.0)
(47973,0.0)
(47979,0.0)
(47983,0.0)
(47985,0.0)
(47989,0.0)
(47995,0.0)
(47999,0.0)
(48001,0.0)
(48007,0.0)
(48009,0.0)
(48015,0.0)
(48017,0.0)
(48021,0.0)
(48027,0.0)
(48029,0.0)
(48035,0.0)
(48037,0.0)
(48043,0.0)
(48045,0.0)
(48051,0.0)
(48053,0.0)
(48057,0.0)
(48063,0.0)
(48067,0.0)
(48069,0.0)
(48075,0.0)
(48079,0.0)
(48083,0.0)
(48087,0.0)
(48089,0.0)
(48095,0.0)
(48099,0.0)
(48103,0.0)
(48105,0.0)
(48111,0.0)
(48115,0.0)
(48117,0.0)
(48121,0.0)
(48127,0.0)
(48129,0.0)
(48135,0.0)
(48137,0.0)
(48143,0.0)
(48145,0.0)
(48151,0.0)
(48155,0.0)
(48157,0.0)
(48163,0.0)
(48165,0.0)
(48171,0.0)
(48173,0.0)
(48177,0.0)
(48183,0.0)
(48187,0.0)
(48189,0.0)
(48195,0.0)
(48197,0.0)
(48203,0.0)
(48205,0.0)
(48209,0.0)
(48213,0.0)
(48219,0.0)
(48223,0.0)
(48227,0.0)
(48229,0.0)
(48235,0.0)
(48239,0.0)
(48241,0.0)
(48247,0.0)
(48249,0.0)
(48253,0.0)
(48259,0.0)
(48263,0.0)
(48265,0.0)
(48271,0.0)
(48273,0.0)
(48279,0.0)
(48283,0.0)
(48285,0.0)
(48291,0.0)
(48293,0.0)
(48299,0.0)
(48303,0.0)
(48307,0.0)
(48311,0.0)
(48315,0.0)
(48319,0.0)
(48321,0.0)
(48325,0.0)
(48331,0.0)
(48333,0.0)
(48337,0.0)
(48341,0.0)
(48345,0.0)
(48351,0.0)
(48355,0.0)
(48357,0.0)
(48363,0.0)
(48367,0.0)
(48371,0.0)
(48373,0.0)
(48379,0.0)
(48383,0.0)
(48387,0.0)
(48389,0.0)
(48395,0.0)
(48397,0.0)
(48403,0.0)
(48407,0.0)
(48411,0.0)
(48415,0.0)
(48417,0.0)
(48423,0.0)
(48427,0.0)
(48429,0.0)
(48435,0.0)
(48439,0.0)
(48441,0.0)
(48447,0.0)
(48449,0.0)
(48453,0.0)
(48459,0.0)
(48461,0.0)
(48467,0.0)
(48469,0.0)
(48473,0.0)
(48479,0.0)
(48481,0.0)
(48487,0.0)
(48489,0.0)
(48493,0.0)
(48497,0.0)
