6,0
8,0
14,0
16,0
22,0
26,0
30,0
34,0
38,0
40,0
46,0
50,0
54,0
58,0
62,0
66,0
70,0
74,0
76,0
82,0
84,0
90,0
94,0
98,0
102,0
106,0
108,0
112,0
116,0
120,0
126,0
130,0
134,0
138,0
140,0
144,0
150,0
152,0
158,0
162,0
166,0
168,0
172,0
176,0
180,0
184,0
190,0
194,0
198,0
202,0
206,0
210,0
214,0
218,0
222,0
226,0
228,0
232,0
238,0
242,0
246,0
250,0
254,0
256,0
260,0
266,0
270,0
274,0
276,0
280,0
284,0
290,0
294,0
298,0
302,0
306,0
310,0
312,0
316,0
320,0
324,0
328,0
332,0
336,0
340,0
346,0
350,0
354,0
356,0
362,0
366,0
368,0
372,0
378,0
380,0
384,0
388,0
394,0
398,0
402,0
406,0
408,0
412,0
416,0
420,0
424,0
430,0
432,0
436,0
440,0
446,0
450,0
454,0
458,0
460,0
464,0
470,0
472,0
476,0
482,0
486,0
488,0
494,0
496,0
500,0
506,0
508,0
514,0
518,0
522,0
524,0
528,0
532,0
536,0
542,0
544,0
548,0
552,0
556,0
562,0
564,0
568,0
572,0
576,0
582,0
584,0
590,0
592,0
596,0
602,0
606,0
610,0
614,0
618,0
622,0
624,0
628,0
632,0
638,0
640,0
646,0
648,0
652,0
658,0
662,0
666,0
670,0
674,0
678,0
680,0
686,0
688,0
694,0
696,0
702,0
706,0
710,0
712,0
718,0
720,0
726,0
728,0
734,0
738,0
742,0
746,0
750,0
754,0
756,0
762,0
766,0
768,0
774,0
778,0
782,0
786,0
788,0
792,0
796,0
800,0
806,0
808,0
812,0
816,0
820,0
824,0
828,0
832,0
838,0
842,0
846,0
848,0
852,0
858,0
860,0
864,0
868,0
872,0
876,0
880,0
886,0
888,0
892,0
896,0
900,0
906,0
910,0
912,0
918,0
922,0
926,0
928,0
934,0
938,0
940,0
944,0
948,0
954,0
958,0
960,0
966,0
970,0
974,0
978,0
982,0
984,0
988,0
994,0
996,0
1000,0
1006,0
1010,0
1012,0
1016,0
1022,0
1026,0
1030,0
1032,0
1036,0
1040,0
1046,0
1048,0
1054,0
1058,0
1062,0
1064,0
1068,0
1074,0
1076,0
1082,0
1084,0
1088,0
1094,0
1098,0
1100,0
1106,0
1108,0
1112,0
1118,0
1120,0
1124,0
1128,0
1132,0
1138,0
1140,0
1144,0
1150,0
1154,0
1158,0
1162,0
1166,0
1168,0
1174,0
1178,0
1180,0
1186,0
1190,0
1192,0
1196,0
1200,0
1204,0
1210,0
1214,0
1218,0
1222,0
1226,0
1228,0
1232,0
1238,0
1242,0
1246,0
1250,0
1252,0
1256,0
1260,0
1264,0
1270,0
1274,0
1276,0
1282,0
1284,0
1290,0
1292,0
1296,0
1302,0
1304,0
1310,0
1312,0
1316,0
1320,0
1324,0
1330,0
1334,0
1338,0
1342,0
1344,0
1348,0
1352,0
1356,0
1362,0
1366,0
1370,0
1372,0
1376,0
1380,0
1386,0
1390,0
1394,0
1396,0
1402,0
1406,0
1408,0
1414,0
1416,0
1420,0
1426,0
1430,0
1434,0
1436,0
1440,0
1446,0
1450,0
1454,0
1458,0
1460,0
1466,0
1470,0
1474,0
1476,0
1480,0
1484,0
1490,0
1492,0
1498,0
1500,0
1506,0
1508,0
1514,0
1516,0
1522,0
1526,0
1530,0
1532,0
1538,0
1540,0
1544,0
1550,0
1552,0
1558,0
1562,0
1566,0
1570,0
1572,0
1578,0
1580,0
1586,0
1590,0
1592,0
1598,0
1602,0
1606,0
1608,0
1612,0
1616,0
1620,0
1626,0
1628,0
1634,0
1636,0
1640,0
1644,0
1648,0
1652,0
1656,0
1660,0
1666,0
1668,0
1674,0
1678,0
1680,0
1686,0
1690,0
1692,0
1696,0
1702,0
1704,0
1710,0
1714,0
1718,0
1720,0
1726,0
1728,0
1732,0
1736,0
1740,0
1746,0
1748,0
1754,0
1756,0
1760,0
1764,0
1768,0
1774,0
1776,0
1780,0
1784,0
1788,0
1792,0
1796,0
1800,0
1804,0
1808,0
1814,0
1818,0
1822,0
1824,0
1828,0
1834,0
1838,0
1840,0
1846,0
1850,0
1852,0
1856,0
1860,0
1866,0
1870,0
1872,0
1876,0
1880,0
1886,0
1888,0
1894,0
1898,0
1902,0
1904,0
1910,0
1912,0
1916,0
1922,0
1926,0
1928,0
1932,0
1938,0
1942,0
1944,0
1950,0
1954,0
1956,0
1960,0
1964,0
1970,0
1974,0
1976,0
1980,0
1986,0
1988,0
1994,0
1996,0
2000,0
2004,0
2010,0
2012,0
2018,0
2022,0
2026,0
2030,0
2034,0
2038,0
2040,0
2046,0
2050,0
2052,0
2056,0
2062,0
2066,0
2070,0
2072,0
2078,0
2082,0
2086,0
2088,0
2092,0
2096,0
2100,0
2106,0
2110,0
2114,0
2116,0
2122,0
2124,0
2130,0
2132,0
2136,0
2142,0
2144,0
2148,0
2152,0
2156,0
2160,0
2164,0
2170,0
2174,0
2178,0
2180,0
2186,0
2188,0
2194,0
2198,0
2200,0
2204,0
2208,0
2214,0
2218,0
2222,0
2226,0
2230,0
2232,0
2238,0
2240,0
2244,0
2250,0
2252,0
2258,0
2260,0
2266,0
2270,0
2274,0
2276,0
2282,0
2286,0
2288,0
2292,0
2296,0
2302,0
2306,0
2308,0
2312,0
2318,0
2320,0
2324,0
2330,0
2332,0
2336,0
2340,0
2346,0
2348,0
2352,0
2358,0
2362,0
2366,0
2368,0
2374,0
2378,0
2382,0
2384,0
2388,0
2394,0
2396,0
2400,0
2404,0
2408,0
2414,0
2416,0
2420,0
2426,0
2428,0
2432,0
2438,0
2440,0
2446,0
2448,0
2452,0
2456,0
2460,0
2464,0
2468,0
2474,0
2476,0
2482,0
2484,0
2488,0
2492,0
2498,0
2500,0
2506,0
2508,0
2512,0
2516,0
2520,0
2524,0
2530,0
2534,0
2538,0
2542,0
2544,0
2548,0
2552,0
2558,0
2562,0
2564,0
2570,0
2572,0
2578,0
2582,0
2586,0
2590,0
2592,0
2596,0
2600,0
2604,0
2610,0
2614,0
2618,0
2620,0
2626,0
2630,0
2634,0
2638,0
2642,0
2644,0
2648,0
2652,0
2658,0
2660,0
2666,0
2670,0
2672,0
2676,0
2680,0
2684,0
2688,0
2692,0
2698,0
2700,0
2704,0
2708,0
2714,0
2716,0
2720,0
2724,0
2728,0
2732,0
2738,0
2742,0
2746,0
2748,0
2754,0
2758,0
2762,0
2764,0
2770,0
2774,0
2778,0
2780,0
2786,0
2790,0
2794,0
2798,0
2800,0
2806,0
2808,0
2812,0
2818,0
2822,0
2824,0
2828,0
2834,0
2838,0
2840,0
2846,0
2850,0
2852,0
2858,0
2860,0
2866,0
2870,0
2872,0
2878,0
2880,0
2886,0
2890,0
2892,0
2898,0
2900,0
2906,0
2908,0
2914,0
2916,0
2920,0
2924,0
2930,0
2932,0
2938,0
2940,0
2946,0
2948,0
2954,0
2956,0
2960,0
2966,0
2968,0
2974,0
2976,0
2982,0
2984,0
2988,0
2994,0
2996,0
3002,0
3004,0
3010,0
3012,0
3018,0
3020,0
3026,0
3030,0
3034,0
3038,0
3042,0
3044,0
3048,0
3052,0
3056,0
3062,0
3064,0
3070,0
3074,0
3076,0
3080,0
3084,0
3088,0
3092,0
3096,0
3100,0
3104,0
3108,0
3114,0
3118,0
3120,0
3124,0
3130,0
3134,0
3138,0
3142,0
3144,0
3150,0
3152,0
3156,0
3162,0
3164,0
3168,0
3172,0
3176,0
3182,0
3184,0
3188,0
3194,0
3198,0
3202,0
3204,0
3208,0
3214,0
3218,0
3220,0
3224,0
3228,0
3234,0
3236,0
3242,0
3244,0
3248,0
3252,0
3256,0
3260,0
3266,0
3270,0
3274,0
3276,0
3282,0
3284,0
3288,0
3294,0
3298,0
3302,0
3304,0
3308,0
3312,0
3316,0
3320,0
3326,0
3330,0
3332,0
3336,0
3340,0
3346,0
3350,0
3354,0
3358,0
3362,0
3364,0
3368,0
3374,0
3378,0
3382,0
3386,0
3390,0
3394,0
3398,0
3402,0
3406,0
3408,0
3414,0
3418,0
3420,0
3426,0
3430,0
3432,0
3438,0
3442,0
3444,0
3450,0
3454,0
3456,0
3462,0
3464,0
3470,0
3474,0
3476,0
3482,0
3486,0
3488,0
3494,0
3498,0
3500,0
3506,0
3510,0
3514,0
3516,0
3522,0
3526,0
3530,0
3534,0
3536,0
3542,0
3544,0
3550,0
3552,0
3558,0
3560,0
3566,0
3568,0
3572,0
3578,0
3580,0
3584,0
3588,0
3592,0
3598,0
3600,0
3604,0
3610,0
3612,0
3618,0
3622,0
3626,0
3630,0
3634,0
3638,0
3640,0
3646,0
3648,0
3652,0
3658,0
3662,0
3666,0
3668,0
3674,0
3678,0
3680,0
3684,0
3688,0
3694,0
3698,0
3700,0
3704,0
3708,0
3714,0
3718,0
3720,0
3724,0
3728,0
3732,0
3736,0
3740,0
3746,0
3750,0
3752,0
3758,0
3760,0
3766,0
3770,0
3774,0
3778,0
3782,0
3786,0
3788,0
3794,0
3796,0
3800,0
3804,0
3808,0
3812,0
3816,0
3820,0
3824,0
3828,0
3832,0
3836,0
3842,0
3846,0
3850,0
3852,0
3856,0
3862,0
3866,0
3868,0
3872,0
3878,0
3880,0
3884,0
3888,0
3894,0
3896,0
3900,0
3906,0
3910,0
3914,0
3918,0
3922,0
3926,0
3928,0
3934,0
3936,0
3940,0
3944,0
3948,0
3952,0
3956,0
3960,0
3964,0
3968,0
3972,0
3976,0
3980,0
3986,0
3988,0
3994,0
3998,0
4000,0
4004,0
4008,0
4012,0
4016,0
4022,0
4024,0
4028,0
4034,0
4036,0
4042,0
4046,0
4048,0
4054,0
4058,0
4060,0
4064,0
4070,0
4072,0
4078,0
4082,0
4086,0
4088,0
4094,0
4096,0
4100,0
4104,0
4108,0
4112,0
4116,0
4120,0
4124,0
4128,0
4134,0
4136,0
4142,0
4144,0
4148,0
4154,0
4158,0
4160,0
4164,0
4170,0
4174,0
4178,0
4182,0
4186,0
4188,0
4194,0
4198,0
4200,0
4206,0
4208,0
4212,0
4218,0
4222,0
4224,0
4230,0
4234,0
4238,0
4240,0
4244,0
4248,0
4252,0
4258,0
4260,0
4264,0
4270,0
4272,0
4278,0
4282,0
4284,0
4288,0
4294,0
4296,0
4300,0
4304,0
4308,0
4312,0
4316,0
4320,0
4324,0
4328,0
4334,0
4338,0
4340,0
4344,0
4350,0
4354,0
4358,0
4362,0
4364,0
4370,0
4372,0
4376,0
4380,0
4384,0
4390,0
4394,0
4398,0
4402,0
4404,0
4410,0
4412,0
4416,0
4420,0
4424,0
4428,0
4434,0
4436,0
4440,0
4446,0
4448,0
4452,0
4458,0
4462,0
4466,0
4468,0
4472,0
4478,0
4480,0
4486,0
4488,0
4492,0
4498,0
4500,0
4506,0
4508,0
4514,0
4516,0
4522,0
4524,0
4528,0
4532,0
4536,0
4542,0
4544,0
4550,0
4552,0
4556,0
4562,0
4566,0
4568,0
4572,0
4576,0
4580,0
4586,0
4588,0
4594,0
4596,0
4600,0
4604,0
4608,0
4612,0
4616,0
4620,0
4626,0
4628,0
4632,0
4638,0
4642,0
4644,0
4650,0
4654,0
4658,0
4660,0
4664,0
4670,0
4672,0
4676,0
4682,0
4686,0
4688,0
4692,0
4696,0
4702,0
4706,0
4708,0
4714,0
4716,0
4720,0
4726,0
4730,0
4734,0
4738,0
4740,0
4746,0
4748,0
4752,0
4758,0
4762,0
4766,0
4770,0
4774,0
4778,0
4782,0
4786,0
4790,0
4794,0
4796,0
4800,0
4804,0
4808,0
4814,0
4816,0
4820,0
4824,0
4830,0
4834,0
4838,0
4840,0
4846,0
4848,0
4854,0
4858,0
4862,0
4866,0
4870,0
4874,0
4878,0
4880,0
4886,0
4888,0
4894,0
4896,0
4900,0
4904,0
4908,0
4912,0
4918,0
4922,0
4924,0
4930,0
4934,0
4938,0
4942,0
4944,0
4950,0
4952,0
4956,0
4962,0
4964,0
4968,0
4974,0
4976,0
4980,0
4984,0
4990,0
4994,0
4998,0
5002,0
5006,0
5010,0
5014,0
5018,0
5022,0
5024,0
5028,0
5034,0
5038,0
5042,0
5044,0
5050,0
5054,0
5058,0
5060,0
5066,0
5068,0
5074,0
5076,0
5080,0
5084,0
5088,0
5094,0
5096,0
5100,0
5106,0
5110,0
5114,0
5116,0
5120,0
5124,0
5130,0
5134,0
5136,0
5140,0
5146,0
5148,0
5154,0
5156,0
5160,0
5164,0
5170,0
5174,0
5178,0
5180,0
5184,0
5190,0
5194,0
5196,0
5202,0
5206,0
5210,0
5214,0
5216,0
5222,0
5226,0
5228,0
5234,0
5238,0
5240,0
5246,0
5248,0
5254,0
5258,0
5260,0
5266,0
5270,0
5274,0
5278,0
5282,0
5286,0
5290,0
5294,0
5296,0
5302,0
5304,0
5310,0
5312,0
5316,0
5320,0
5326,0
5328,0
5332,0
5338,0
5340,0
5344,0
5348,0
5354,0
5356,0
5362,0
5366,0
5370,0
5372,0
5378,0
5382,0
5386,0
5388,0
5392,0
5396,0
5400,0
5404,0
5408,0
5412,0
5418,0
5420,0
5424,0
5428,0
5434,0
5438,0
5442,0
5446,0
5450,0
5452,0
5458,0
5460,0
5466,0
5468,0
5472,0
5478,0
5480,0
5484,0
5488,0
5492,0
5496,0
5502,0
5506,0
5510,0
5514,0
5518,0
5522,0
5526,0
5530,0
5534,0
5538,0
5542,0
5546,0
5550,0
5552,0
5558,0
5560,0
5564,0
5568,0
5572,0
5578,0
5582,0
5586,0
5590,0
5594,0
5598,0
5602,0
5604,0
5610,0
5614,0
5618,0
5622,0
5624,0
5630,0
5632,0
5636,0
5640,0
5646,0
5648,0
5654,0
5658,0
5662,0
5664,0
5670,0
5672,0
5676,0
5680,0
5684,0
5688,0
5692,0
5696,0
5700,0
5704,0
5708,0
5714,0
5716,0
5720,0
5724,0
5728,0
5734,0
5738,0
5742,0
5744,0
5748,0
5752,0
5756,0
5760,0
5764,0
5770,0
5772,0
5778,0
5782,0
5786,0
5790,0
5794,0
5796,0
5802,0
5806,0
5808,0
5812,0
5816,0
5822,0
5826,0
5828,0
5832,0
5836,0
5840,0
5844,0
5848,0
5852,0
5856,0
5862,0
5864,0
5870,0
5872,0
5876,0
5880,0
5886,0
5890,0
5894,0
5896,0
5902,0
5904,0
5908,0
5912,0
5916,0
5922,0
5926,0
5928,0
5932,0
5938,0
5942,0
5944,0
5950,0
5954,0
5958,0
5962,0
5966,0
5968,0
5974,0
5976,0
5980,0
5986,0
5988,0
5992,0
5996,0
6000,0
6004,0
6008,0
6012,0
6018,0
6022,0
6026,0
6030,0
6032,0
6038,0
6042,0
6046,0
6048,0
6054,0
6058,0
6062,0
6064,0
6068,0
6072,0
6078,0
6080,0
6086,0
6088,0
6092,0
6098,0
6102,0
6106,0
6110,0
6114,0
6118,0
6120,0
6126,0
6130,0
6134,0
6136,0
6142,0
6144,0
6150,0
6154,0
6156,0
6160,0
6166,0
6168,0
6172,0
6176,0
6180,0
6184,0
6188,0
6192,0
6196,0
6202,0
6204,0
6208,0
6212,0
6218,0
6222,0
6224,0
6228,0
6232,0
6238,0
6242,0
6246,0
6248,0
6254,0
6256,0
6260,0
6264,0
6270,0
6274,0
6278,0
6282,0
6286,0
6290,0
6294,0
6298,0
6302,0
6304,0
6310,0
6314,0
6318,0
6322,0
6326,0
6330,0
6334,0
6336,0
6342,0
6344,0
6348,0
6354,0
6356,0
6360,0
6366,0
6370,0
6372,0
6378,0
6380,0
6386,0
6390,0
6392,0
6396,0
6400,0
6404,0
6408,0
6412,0
6416,0
6420,0
6424,0
6430,0
6432,0
6436,0
6440,0
6444,0
6448,0
6452,0
6456,0
6462,0
6466,0
6468,0
6474,0
6476,0
6480,0
6486,0
6490,0
6492,0
6498,0
6500,0
6506,0
6510,0
6514,0
6518,0
6520,0
6526,0
6530,0
6532,0
6536,0
6540,0
6544,0
6550,0
6554,0
6558,0
6560,0
6564,0
6570,0
6574,0
6578,0
6580,0
6584,0
6588,0
6592,0
6598,0
6602,0
6606,0
6608,0
6614,0
6616,0
6622,0
6626,0
6630,0
6634,0
6636,0
6642,0
6646,0
6650,0
6654,0
6656,0
6662,0
6666,0
6670,0
6674,0
6678,0
6682,0
6684,0
6690,0
6694,0
6698,0
6702,0
6704,0
6710,0
6714,0
6718,0
6722,0
6726,0
6728,0
6734,0
6738,0
6742,0
6746,0
6748,0
6754,0
6758,0
6762,0
6766,0
6768,0
6772,0
6776,0
6780,0
6786,0
6790,0
6792,0
6796,0
6802,0
6806,0
6808,0
6814,0
6818,0
6820,0
6826,0
6830,0
6832,0
6838,0
6840,0
6846,0
6850,0
6854,0
6858,0
6862,0
6864,0
6870,0
6874,0
6878,0
6882,0
6886,0
6890,0
6894,0
6898,0
6900,0
6906,0
6910,0
6914,0
6918,0
6920,0
6924,0
6928,0
6932,0
6936,0
6940,0
6944,0
6950,0
6952,0
6956,0
6960,0
6964,0
6968,0
6972,0
6978,0
6982,0
6984,0
6988,0
6992,0
6996,0
7000,0
7004,0
7008,0
7012,0
7018,0
7020,0
7026,0
7028,0
7032,0
7038,0
7042,0
7044,0
7048,0
7052,0
7056,0
7062,0
7064,0
7070,0
7072,0
7076,0
7080,0
7084,0
7088,0
7092,0
7096,0
7100,0
7104,0
7110,0
7114,0
7116,0
7120,0
7126,0
7130,0
7134,0
7136,0
7142,0
7144,0
7150,0
7154,0
7158,0
7162,0
7164,0
7170,0
7172,0
7178,0
7182,0
7186,0
7188,0
7194,0
7196,0
7200,0
7204,0
7208,0
7212,0
7216,0
7220,0
7226,0
7228,0
7232,0
7238,0
7240,0
7244,0
7250,0
7252,0
7258,0
7260,0
7266,0
7270,0
7274,0
7278,0
7280,0
7284,0
7288,0
7294,0
7298,0
7302,0
7306,0
7310,0
7314,0
7318,0
7322,0
7324,0
7330,0
7332,0
7338,0
7340,0
7346,0
7350,0
7354,0
7356,0
7362,0
7364,0
7368,0
7372,0
7378,0
7382,0
7384,0
7388,0
7394,0
7396,0
7402,0
7404,0
7408,0
7412,0
7416,0
7420,0
7424,0
7428,0
7434,0
7438,0
7440,0
7446,0
7450,0
7452,0
7456,0
7462,0
7464,0
7468,0
7472,0
7476,0
7482,0
7486,0
7488,0
7492,0
7498,0
7500,0
7504,0
7510,0
7514,0
7516,0
7520,0
7524,0
7530,0
7534,0
7538,0
7540,0
7544,0
7548,0
7552,0
7556,0
7560,0
7566,0
7570,0
7572,0
7578,0
7582,0
7586,0
7590,0
7594,0
7598,0
7602,0
7606,0
7608,0
7614,0
7616,0
7622,0
7626,0
7630,0
7634,0
7638,0
7640,0
7644,0
7648,0
7652,0
7656,0
7662,0
7666,0
7668,0
7672,0
7676,0
7682,0
7684,0
7688,0
7692,0
7696,0
7700,0
7706,0
7708,0
7714,0
7718,0
7722,0
7724,0
7728,0
7734,0
7738,0
7740,0
7746,0
7748,0
7754,0
7756,0
7762,0
7766,0
7770,0
7774,0
7776,0
7780,0
7786,0
7790,0
7794,0
7798,0
7802,0
7806,0
7810,0
7812,0
7818,0
7820,0
7826,0
7828,0
7834,0
7838,0
7842,0
7844,0
7850,0
7854,0
7858,0
7862,0
7866,0
7870,0
7874,0
7876,0
7882,0
7886,0
7890,0
7894,0
7898,0
7902,0
7904,0
7910,0
7912,0
7918,0
7920,0
7926,0
7930,0
7934,0
7938,0
7940,0
7944,0
7950,0
7954,0
7958,0
7962,0
7964,0
7968,0
7972,0
7976,0
7980,0
7984,0
7990,0
7992,0
7998,0
8002,0
8006,0
8010,0
8012,0
8016,0
8020,0
8024,0
8030,0
8034,0
8038,0
8042,0
8044,0
8048,0
8052,0
8056,0
8062,0
8064,0
8070,0
8072,0
8078,0
8082,0
8084,0
8088,0
8094,0
8098,0
8102,0
8104,0
8108,0
8114,0
8118,0
8120,0
8126,0
8130,0
8132,0
8136,0
8140,0
8146,0
8150,0
8152,0
8156,0
8160,0
8166,0
8168,0
8172,0
8176,0
8180,0
8184,0
8188,0
8194,0
8198,0
8200,0
8206,0
8208,0
8212,0
8218,0
8220,0
8224,0
8228,0
8234,0
8238,0
8242,0
8246,0
8248,0
8252,0
8256,0
8260,0
8264,0
8268,0
8274,0
8276,0
8280,0
8286,0
8290,0
8292,0
8298,0
8302,0
8304,0
8310,0
8312,0
8318,0
8320,0
8324,0
8330,0
8334,0
8336,0
8340,0
8346,0
8350,0
8352,0
8358,0
8362,0
8364,0
8368,0
8374,0
8378,0
8382,0
8384,0
8390,0
8394,0
8398,0
8402,0
8406,0
8410,0
8414,0
8418,0
8420,0
8424,0
8428,0
8434,0
8438,0
8442,0
8446,0
8450,0
8452,0
8456,0
8460,0
8464,0
8470,0
8472,0
8478,0
8480,0
8484,0
8488,0
8492,0
8498,0
8500,0
8506,0
8508,0
8512,0
8516,0
8522,0
8526,0
8528,0
8534,0
8536,0
8540,0
8546,0
8548,0
8554,0
8558,0
8562,0
8564,0
8568,0
8574,0
8578,0
8582,0
8586,0
8590,0
8594,0
8598,0
8602,0
8606,0
8608,0
8612,0
8616,0
8620,0
8624,0
8628,0
8634,0
8638,0
8642,0
8646,0
8648,0
8652,0
8656,0
8660,0
8664,0
8668,0
8674,0
8678,0
8682,0
8686,0
8690,0
8692,0
8698,0
8702,0
8706,0
8708,0
8714,0
8716,0
8720,0
8724,0
8728,0
8734,0
8736,0
8740,0
8746,0
8750,0
8752,0
8756,0
8760,0
8764,0
8768,0
8772,0
8776,0
8782,0
8786,0
8788,0
8792,0
8798,0
8802,0
8806,0
8810,0
8814,0
8818,0
8822,0
8824,0
8830,0
8834,0
8838,0
8842,0
8846,0
8850,0
8852,0
8858,0
8862,0
8866,0
8868,0
8874,0
8876,0
8882,0
8886,0
8888,0
8894,0
8896,0
8900,0
8906,0
8910,0
8912,0
8916,0
8920,0
8924,0
8930,0
8934,0
8938,0
8942,0
8946,0
8948,0
8954,0
8956,0
8962,0
8964,0
8970,0
8972,0
8978,0
8980,0
8986,0
8988,0
8994,0
8998,0
9000,0
9006,0
9008,0
9014,0
9016,0
9022,0
9024,0
9028,0
9034,0
9036,0
9042,0
9046,0
9050,0
9054,0
9056,0
9060,0
9066,0
9068,0
9072,0
9076,0
9082,0
9086,0
9090,0
9094,0
9096,0
9100,0
9106,0
9110,0
9112,0
9118,0
9122,0
9126,0
9128,0
9132,0
9136,0
9140,0
9146,0
9150,0
9152,0
9156,0
9162,0
9164,0
9170,0
9172,0
9176,0
9180,0
9184,0
9188,0
9194,0
9198,0
9200,0
9204,0
9210,0
9214,0
9216,0
9222,0
9224,0
9228,0
9232,0
9236,0
9240,0
9244,0
9248,0
9252,0
9258,0
9262,0
9264,0
9268,0
9274,0
9276,0
9282,0
9284,0
9288,0
9294,0
9298,0
9302,0
9306,0
9308,0
9314,0
9318,0
9322,0
9324,0
9330,0
9332,0
9336,0
9342,0
9346,0
9350,0
9352,0
9358,0
9362,0
9364,0
9368,0
9372,0
9376,0
9380,0
9384,0
9390,0
9394,0
9396,0
9402,0
9404,0
9408,0
9412,0
9416,0
9420,0
9424,0
9428,0
9434,0
9436,0
9442,0
9446,0
9448,0
9454,0
9458,0
9462,0
9464,0
9468,0
9472,0
9478,0
9480,0
9484,0
9490,0
9492,0
9498,0
9500,0
9506,0
9508,0
9512,0
9518,0
9522,0
9526,0
9528,0
9532,0
9538,0
9540,0
9544,0
9550,0
9552,0
9556,0
9560,0
9564,0
9568,0
9574,0
9576,0
9580,0
9586,0
9588,0
9592,0
9596,0
9600,0
9604,0
9608,0
9612,0
9616,0
9622,0
9624,0
9628,0
9632,0
9636,0
9640,0
9646,0
9648,0
9654,0
9656,0
9662,0
9664,0
9668,0
9674,0
9678,0
9682,0
9686,0
9690,0
9694,0
9698,0
9702,0
9704,0
9710,0
9714,0
9718,0
9722,0
9724,0
9730,0
9734,0
9736,0
9740,0
9744,0
9750,0
9754,0
9758,0
9762,0
9764,0
9768,0
9774,0
9776,0
9780,0
9786,0
9788,0
9792,0
9796,0
9802,0
9804,0
9810,0
9812,0
9816,0
9820,0
9824,0
9830,0
9832,0
9836,0
9842,0
9846,0
9848,0
9852,0
9858,0
9860,0
9864,0
9870,0
9874,0
9876,0
9882,0
9884,0
9890,0
9892,0
9896,0
9902,0
9904,0
9908,0
9912,0
9916,0
9920,0
9926,0
9930,0
9934,0
9938,0
9940,0
9946,0
9950,0
9954,0
9958,0
9962,0
9966,0
9970,0
9974,0
9976,0
9980,0
9986,0
9990,0
9994,0
9998,0
10002,0
10006,0
10010,0
10012,0
10018,0
10022,0
10026,0
10028,0
10034,0
10038,0
10040,0
10046,0
10050,0
10052,0
10058,0
10062,0
10064,0
10068,0
10072,0
10078,0
10082,0
10084,0
10090,0
10094,0
10098,0
10100,0
10104,0
10108,0
10112,0
10118,0
10120,0
10126,0
10130,0
10134,0
10136,0
10140,0
10144,0
10148,0
10152,0
10156,0
10160,0
10164,0
10170,0
10172,0
10178,0
10180,0
10186,0
10188,0
10194,0
10196,0
10202,0
10204,0
10210,0
10214,0
10216,0
10222,0
10224,0
10230,0
10232,0
10238,0
10242,0
10246,0
10250,0
10252,0
10258,0
10262,0
10264,0
10268,0
10274,0
10278,0
10280,0
10286,0
10288,0
10292,0
10298,0
10302,0
10306,0
10308,0
10312,0
10318,0
10322,0
10324,0
10328,0
10332,0
10336,0
10342,0
10344,0
10350,0
10354,0
10356,0
10362,0
10364,0
10368,0
10374,0
10378,0
10382,0
10384,0
10390,0
10392,0
10398,0
10402,0
10404,0
10410,0
10412,0
10418,0
10422,0
10424,0
10428,0
10434,0
10436,0
10442,0
10446,0
10450,0
10452,0
10458,0
10460,0
10464,0
10470,0
10472,0
10478,0
10482,0
10486,0
10488,0
10494,0
10498,0
10500,0
10506,0
10508,0
10514,0
10516,0
10520,0
10526,0
10530,0
10534,0
10538,0
10540,0
10544,0
10548,0
10552,0
10556,0
10560,0
10564,0
10568,0
10574,0
10578,0
10580,0
10584,0
10590,0
10594,0
10598,0
10600,0
10606,0
10608,0
10612,0
10616,0
10620,0
10626,0
10628,0
10632,0
10638,0
10642,0
10644,0
10650,0
10652,0
10658,0
10662,0
10666,0
10668,0
10672,0
10678,0
10682,0
10686,0
10690,0
10692,0
10698,0
10700,0
10704,0
10708,0
10712,0
10716,0
10722,0
10724,0
10730,0
10734,0
10736,0
10740,0
10746,0
10750,0
10752,0
10758,0
10762,0
10766,0
10768,0
10772,0
10776,0
10782,0
10786,0
10790,0
10792,0
10796,0
10802,0
10804,0
10810,0
10814,0
10818,0
10820,0
10824,0
10830,0
10832,0
10836,0
10840,0
10844,0
10850,0
10852,0
10858,0
10860,0
10866,0
10870,0
10874,0
10876,0
10880,0
10886,0
10888,0
10892,0
10898,0
10902,0
10906,0
10908,0
10912,0
10918,0
10922,0
10926,0
10930,0
10932,0
10936,0
10940,0
10946,0
10948,0
10954,0
10956,0
10960,0
10966,0
10970,0
10974,0
10976,0
10980,0
10986,0
10990,0
10992,0
10996,0
11000,0
11004,0
11008,0
11014,0
11018,0
11022,0
11024,0
11030,0
11032,0
11038,0
11040,0
11044,0
11050,0
11054,0
11058,0
11062,0
11066,0
11068,0
11072,0
11078,0
11082,0
11086,0
11088,0
11094,0
11096,0
11102,0
11104,0
11110,0
11112,0
11118,0
11122,0
11126,0
11128,0
11132,0
11136,0
11140,0
11144,0
11148,0
11152,0
11156,0
11160,0
11164,0
11168,0
11172,0
11178,0
11182,0
11186,0
11190,0
11192,0
11196,0
11202,0
11206,0
11208,0
11214,0
11216,0
11222,0
11226,0
11230,0
11232,0
11238,0
11240,0
11244,0
11250,0
11252,0
11256,0
11262,0
11266,0
11268,0
11272,0
11276,0
11282,0
11284,0
11288,0
11294,0
11298,0
11302,0
11306,0
11310,0
11312,0
11316,0
11322,0
11324,0
11328,0
11332,0
11338,0
11340,0
11346,0
11350,0
11354,0
11358,0
11360,0
11364,0
11368,0
11372,0
11378,0
11380,0
11386,0
11388,0
11394,0
11396,0
11402,0
11406,0
11408,0
11412,0
11416,0
11422,0
11424,0
11430,0
11434,0
11436,0
11442,0
11446,0
11450,0
11454,0
11458,0
11460,0
11466,0
11468,0
11474,0
11476,0
11482,0
11486,0
11488,0
11492,0
11498,0
11502,0
11506,0
11508,0
11514,0
11518,0
11522,0
11526,0
11530,0
11532,0
11538,0
11542,0
11544,0
11550,0
11554,0
11556,0
11560,0
11566,0
11568,0
11574,0
11576,0
11582,0
11586,0
11590,0
11594,0
11596,0
11602,0
11604,0
11608,0
11612,0
11616,0
11620,0
11626,0
11628,0
11632,0
11638,0
11642,0
11644,0
11648,0
11654,0
11658,0
11662,0
11664,0
11670,0
11672,0
11678,0
11682,0
11684,0
11690,0
11694,0
11696,0
11702,0
11704,0
11710,0
11714,0
11718,0
11722,0
11724,0
11728,0
11734,0
11738,0
11740,0
11746,0
11750,0
11754,0
11758,0
11762,0
11764,0
11770,0
11772,0
11778,0
11782,0
11784,0
11790,0
11792,0
11798,0
11800,0
11804,0
11808,0
11814,0
11818,0
11820,0
11826,0
11828,0
11834,0
11838,0
11842,0
11844,0
11850,0
11852,0
11856,0
11860,0
11866,0
11870,0
11872,0
11878,0
11880,0
11886,0
11890,0
11892,0
11898,0
11902,0
11904,0
11908,0
11914,0
11916,0
11922,0
11924,0
11928,0
11932,0
11936,0
11940,0
11946,0
11948,0
11952,0
11958,0
11960,0
11966,0
11968,0
11972,0
11978,0
11982,0
11986,0
11990,0
11992,0
11998,0
12002,0
12004,0
12010,0
12012,0
12016,0
12022,0
12024,0
12028,0
12034,0
12038,0
12040,0
12046,0
12048,0
12054,0
12058,0
12062,0
12066,0
12068,0
12074,0
12076,0
12082,0
12086,0
12090,0
12092,0
12098,0
12100,0
12104,0
12110,0
12114,0
12118,0
12120,0
12126,0
12130,0
12132,0
12136,0
12140,0
12146,0
12148,0
12152,0
12156,0
12160,0
12164,0
12168,0
12174,0
12176,0
12180,0
12184,0
12188,0
12192,0
12196,0
12200,0
12206,0
12210,0
12212,0
12216,0
12220,0
12226,0
12230,0
12234,0
12236,0
12240,0
12244,0
12248,0
12252,0
12256,0
12262,0
12266,0
12270,0
12272,0
12278,0
12280,0
12284,0
12288,0
12292,0
12296,0
12302,0
12304,0
12310,0
12314,0
12318,0
12322,0
12324,0
12328,0
12334,0
12336,0
12342,0
12344,0
12350,0
12352,0
12358,0
12362,0
12366,0
12368,0
12374,0
12376,0
12382,0
12386,0
12390,0
12394,0
12396,0
12400,0
12406,0
12408,0
12412,0
12416,0
12422,0
12424,0
12430,0
12432,0
12436,0
12440,0
12444,0
12450,0
12454,0
12458,0
12462,0
12466,0
12470,0
12472,0
12476,0
12480,0
12486,0
12490,0
12494,0
12496,0
12500,0
12506,0
12510,0
12514,0
12516,0
12522,0
12524,0
12528,0
12534,0
12536,0
12542,0
12546,0
12550,0
12552,0
12558,0
12560,0
12564,0
12568,0
12572,0
12576,0
12580,0
12584,0
12588,0
12592,0
12596,0
12602,0
12606,0
12608,0
12614,0
12618,0
12620,0
12626,0
12630,0
12632,0
12636,0
12642,0
12644,0
12650,0
12654,0
12656,0
12662,0
12666,0
12670,0
12672,0
12676,0
12682,0
12684,0
12688,0
12694,0
12696,0
12700,0
12704,0
12708,0
12714,0
12716,0
12720,0
12724,0
12730,0
12734,0
12736,0
12740,0
12744,0
12750,0
12752,0
12756,0
12760,0
12766,0
12770,0
12774,0
12776,0
12780,0
12784,0
12790,0
12792,0
12798,0
12800,0
12806,0
12810,0
12812,0
12816,0
12822,0
12826,0
12830,0
12834,0
12836,0
12840,0
12844,0
12848,0
12854,0
12856,0
12862,0
12866,0
12870,0
12872,0
12876,0
12880,0
12884,0
12890,0
12892,0
12898,0
12900,0
12906,0
12908,0
12912,0
12918,0
12920,0
12924,0
12930,0
12934,0
12938,0
12942,0
12944,0
12950,0
12954,0
12958,0
12960,0
12966,0
12970,0
12974,0
12976,0
12980,0
12984,0
12988,0
12992,0
12998,0
13002,0
13006,0
13010,0
13012,0
13018,0
13022,0
13024,0
13030,0
13034,0
13038,0
13042,0
13046,0
13048,0
13052,0
13056,0
13060,0
13066,0
13070,0
13074,0
13078,0
13080,0
13084,0
13090,0
13094,0
13098,0
13102,0
13106,0
13108,0
13112,0
13118,0
13120,0
13126,0
13130,0
13134,0
13138,0
13140,0
13146,0
13148,0
13152,0
13158,0
13162,0
13164,0
13168,0
13174,0
13178,0
13180,0
13184,0
13188,0
13192,0
13196,0
13200,0
13204,0
13210,0
13214,0
13218,0
13220,0
13226,0
13228,0
13234,0
13238,0
13240,0
13244,0
13250,0
13254,0
13256,0
13262,0
13264,0
13268,0
13272,0
13278,0
13282,0
13284,0
13288,0
13292,0
13298,0
13302,0
13306,0
13310,0
13312,0
13318,0
13322,0
13326,0
13330,0
13334,0
13336,0
13342,0
13346,0
13350,0
13352,0
13358,0
13360,0
13366,0
13368,0
13374,0
13376,0
13380,0
13386,0
13388,0
13394,0
13398,0
13402,0
13406,0
13408,0
13414,0
13418,0
13422,0
13424,0
13430,0
13432,0
13436,0
13442,0
13446,0
13450,0
13452,0
13456,0
13460,0
13466,0
13468,0
13472,0
13476,0
13480,0
13486,0
13488,0
13494,0
13496,0
13500,0
13504,0
13510,0
13514,0
13516,0
13520,0
13524,0
13530,0
13532,0
13538,0
13542,0
13544,0
13550,0
13554,0
13558,0
13562,0
13564,0
13568,0
13572,0
13578,0
13580,0
13584,0
13588,0
13592,0
13596,0
13602,0
13606,0
13608,0
13612,0
13618,0
13620,0
13624,0
13628,0
13634,0
13638,0
13640,0
13644,0
13650,0
13652,0
13656,0
13662,0
13664,0
13668,0
13672,0
13676,0
13682,0
13686,0
13688,0
13694,0
13698,0
13702,0
13706,0
13710,0
13712,0
13716,0
13720,0
13726,0
13730,0
13734,0
13736,0
13742,0
13744,0
13750,0
13754,0
13756,0
13762,0
13764,0
13768,0
13772,0
13776,0
13780,0
13786,0
13790,0
13794,0
13796,0
13802,0
13806,0
13810,0
13814,0
13818,0
13822,0
13824,0
13830,0
13834,0
13836,0
13842,0
13844,0
13848,0
13854,0
13858,0
13860,0
13866,0
13870,0
13872,0
13878,0
13880,0
13886,0
13890,0
13892,0
13898,0
13900,0
13906,0
13910,0
13912,0
13918,0
13922,0
13926,0
13930,0
13934,0
13938,0
13942,0
13946,0
13948,0
13954,0
13958,0
13960,0
13964,0
13968,0
13972,0
13976,0
13982,0
13986,0
13990,0
13992,0
13996,0
14000,0
14004,0
14008,0
14014,0
14018,0
14020,0
14026,0
14030,0
14032,0
14036,0
14042,0
14044,0
14050,0
14052,0
14058,0
14062,0
14066,0
14070,0
14074,0
14078,0
14082,0
14086,0
14090,0
14092,0
14096,0
14102,0
14104,0
14110,0
14114,0
14118,0
14122,0
14124,0
14130,0
14134,0
14136,0
14142,0
14146,0
14148,0
14152,0
14158,0
14162,0
14164,0
14170,0
14174,0
14178,0
14182,0
14186,0
14190,0
14192,0
14198,0
14200,0
14204,0
14210,0
14214,0
14216,0
14222,0
14224,0
14230,0
14234,0
14236,0
14240,0
14246,0
14248,0
14254,0
14258,0
14262,0
14266,0
14268,0
14272,0
14278,0
14280,0
14286,0
14288,0
14294,0
14298,0
14302,0
14306,0
14308,0
14312,0
14316,0
14320,0
14324,0
14328,0
14334,0
14336,0
14340,0
14346,0
14348,0
14354,0
14358,0
14362,0
14364,0
14370,0
14372,0
14378,0
14380,0
14386,0
14390,0
14392,0
14396,0
14400,0
14406,0
14408,0
14412,0
14416,0
14420,0
14424,0
14428,0
14432,0
14436,0
14442,0
14444,0
14450,0
14452,0
14456,0
14460,0
14466,0
14470,0
14474,0
14476,0
14480,0
14486,0
14490,0
14494,0
14496,0
14500,0
14504,0
14508,0
14512,0
14516,0
14522,0
14524,0
14530,0
14532,0
14536,0
14540,0
14546,0
14548,0
14552,0
14558,0
14560,0
14566,0
14568,0
14574,0
14578,0
14582,0
14584,0
14590,0
14594,0
14596,0
14602,0
14604,0
14610,0
14614,0
14618,0
14622,0
14626,0
14630,0
14632,0
14638,0
14642,0
14644,0
14648,0
14654,0
14656,0
14662,0
14666,0
14670,0
14674,0
14678,0
14680,0
14684,0
14690,0
14694,0
14698,0
14700,0
14704,0
14708,0
14712,0
14718,0
14722,0
14726,0
14728,0
14732,0
14736,0
14742,0
14746,0
14748,0
14754,0
14756,0
14760,0
14764,0
14770,0
14772,0
14778,0
14780,0
14786,0
14790,0
14794,0
14798,0
14800,0
14804,0
14810,0
14812,0
14816,0
14822,0
14824,0
14828,0
14834,0
14838,0
14840,0
14844,0
14850,0
14852,0
14858,0
14862,0
14864,0
14870,0
14874,0
14878,0
14880,0
14884,0
14890,0
14892,0
14898,0
14902,0
14906,0
14908,0
14914,0
14916,0
14920,0
14924,0
14928,0
14932,0
14938,0
14942,0
14946,0
14950,0
14954,0
14956,0
14960,0
14966,0
14968,0
14972,0
14978,0
14980,0
14984,0
14988,0
14994,0
14998,0
15000,0
15004,0
15008,0
15012,0
15016,0
15020,0
15024,0
15028,0
15032,0
15036,0
15040,0
15046,0
15048,0
15052,0
15058,0
15062,0
15064,0
15068,0
15072,0
15078,0
15080,0
15084,0
15090,0
15092,0
15098,0
15100,0
15104,0
15108,0
15112,0
15116,0
15122,0
15126,0
15128,0
15134,0
15136,0
15142,0
15144,0
15150,0
15154,0
15156,0
15160,0
15166,0
15170,0
15174,0
15176,0
15182,0
15184,0
15188,0
15194,0
15198,0
15200,0
15204,0
15208,0
15214,0
15218,0
15222,0
15224,0
15230,0
15234,0
15238,0
15242,0
15246,0
15250,0
15254,0
15258,0
15262,0
15266,0
15268,0
15274,0
15278,0
15282,0
15284,0
15288,0
15292,0
15296,0
15302,0
15306,0
15310,0
15312,0
15318,0
15320,0
15324,0
15328,0
15332,0
15336,0
15340,0
15344,0
15348,0
15352,0
15356,0
15360,0
15364,0
15368,0
15374,0
15376,0
15382,0
15384,0
15388,0
15394,0
15396,0
15402,0
15404,0
15410,0
15412,0
15418,0
15422,0
15424,0
15430,0
15432,0
15438,0
15442,0
15444,0
15448,0
15454,0
15458,0
15460,0
15466,0
15470,0
15472,0
15476,0
15480,0
15486,0
15490,0
15492,0
15498,0
15502,0
15506,0
15508,0
15512,0
15516,0
15522,0
15526,0
15528,0
15534,0
15536,0
15540,0
15544,0
15548,0
15552,0
15556,0
15562,0
15564,0
15570,0
15572,0
15576,0
15580,0
15584,0
15588,0
15592,0
15598,0
15600,0
15606,0
15608,0
15614,0
15618,0
15620,0
15624,0
15628,0
15632,0
15638,0
15640,0
15644,0
15648,0
15652,0
15658,0
15662,0
15664,0
15668,0
15674,0
15678,0
15680,0
15684,0
15690,0
15694,0
15696,0
15700,0
15706,0
15710,0
15712,0
15716,0
15722,0
15724,0
15728,0
15732,0
15738,0
15740,0
15746,0
15748,0
15752,0
15756,0
15762,0
15766,0
15768,0
15772,0
15776,0
15782,0
15784,0
15790,0
15792,0
15798,0
15800,0
15804,0
15808,0
15812,0
15818,0
15822,0
15826,0
15828,0
15832,0
15836,0
15840,0
15846,0
15850,0
15852,0
15856,0
15862,0
15866,0
15870,0
15872,0
15878,0
15880,0
15886,0
15890,0
15892,0
15896,0
15902,0
15904,0
15910,0
15912,0
15918,0
15920,0
15924,0
15930,0
15934,0
15938,0
15942,0
15946,0
15950,0
15954,0
15956,0
15960,0
15964,0
15968,0
15974,0
15978,0
15980,0
15984,0
15990,0
15994,0
15998,0
16000,0
16006,0
16008,0
16012,0
16016,0
16022,0
16026,0
16028,0
16032,0
16036,0
16042,0
16046,0
16050,0
16052,0
16058,0
16060,0
16064,0
16070,0
16072,0
16076,0
16082,0
16086,0
16088,0
16094,0
16098,0
16100,0
16104,0
16110,0
16114,0
16118,0
16122,0
16126,0
16128,0
16132,0
16138,0
16140,0
16144,0
16148,0
16154,0
16158,0
16160,0
16166,0
16170,0
16174,0
16178,0
16180,0
16186,0
16188,0
16192,0
16198,0
16200,0
16206,0
16210,0
16212,0
16218,0
16220,0
16224,0
16228,0
16234,0
16238,0
16242,0
16246,0
16250,0
16252,0
16258,0
16262,0
16264,0
16270,0
16274,0
16276,0
16280,0
16286,0
16288,0
16294,0
16298,0
16302,0
16306,0
16310,0
16312,0
16318,0
16320,0
16326,0
16330,0
16334,0
16338,0
16342,0
16344,0
16350,0
16354,0
16358,0
16362,0
16366,0
16368,0
16374,0
16376,0
16382,0
16386,0
16388,0
16392,0
16398,0
16400,0
16406,0
16410,0
16414,0
16416,0
16422,0
16426,0
16430,0
16432,0
16438,0
16442,0
16444,0
16448,0
16452,0
16458,0
16460,0
16464,0
16470,0
16474,0
16476,0
16480,0
16486,0
16488,0
16492,0
16498,0
16502,0
16506,0
16510,0
16514,0
16516,0
16520,0
16524,0
16528,0
16534,0
16536,0
16542,0
16544,0
16550,0
16552,0
16558,0
16562,0
16564,0
16570,0
16572,0
16578,0
16582,0
16584,0
16590,0
16594,0
16598,0
16602,0
16604,0
16608,0
16612,0
16618,0
16620,0
16624,0
16630,0
16632,0
16636,0
16642,0
16644,0
16648,0
16652,0
16656,0
16662,0
16666,0
16670,0
16674,0
16678,0
16682,0
16686,0
16688,0
16694,0
16698,0
16700,0
16706,0
16710,0
16714,0
16718,0
16722,0
16724,0
16728,0
16732,0
16736,0
16742,0
16744,0
16748,0
16752,0
16758,0
16760,0
16764,0
16768,0
16772,0
16776,0
16780,0
16784,0
16788,0
16792,0
16796,0
16802,0
16804,0
16810,0
16812,0
16816,0
16822,0
16824,0
16828,0
16832,0
16836,0
16840,0
16844,0
16850,0
16852,0
16856,0
16860,0
16864,0
16868,0
16872,0
16876,0
16880,0
16884,0
16888,0
16892,0
16896,0
16900,0
16904,0
16908,0
16914,0
16916,0
16920,0
16926,0
16930,0
16934,0
16936,0
16940,0
16944,0
16948,0
16954,0
16956,0
16962,0
16966,0
16970,0
16974,0
16978,0
16980,0
16986,0
16988,0
16992,0
16998,0
17000,0
17006,0
17008,0
17014,0
17016,0
17022,0
17024,0
17028,0
17032,0
17038,0
17042,0
17046,0
17050,0
17052,0
17058,0
17062,0
17064,0
17068,0
17074,0
17078,0
17082,0
17084,0
17088,0
17094,0
17096,0
17102,0
17104,0
17110,0
17112,0
17118,0
17122,0
17126,0
17130,0
17134,0
17138,0
17142,0
17146,0
17150,0
17152,0
17158,0
17160,0
17164,0
17168,0
17174,0
17178,0
17182,0
17184,0
17190,0
17194,0
17198,0
17200,0
17204,0
17210,0
17214,0
17218,0
17222,0
17226,0
17230,0
17234,0
17238,0
17242,0
17246,0
17250,0
17254,0
17256,0
17260,0
17264,0
17268,0
17272,0
17276,0
17280,0
17286,0
17288,0
17292,0
17298,0
17300,0
17304,0
17308,0
17314,0
17318,0
17322,0
17326,0
17328,0
17332,0
17336,0
17340,0
17346,0
17350,0
17352,0
17356,0
17360,0
17364,0
17370,0
17372,0
17376,0
17382,0
17384,0
17388,0
17392,0
17396,0
17402,0
17404,0
17410,0
17412,0
17418,0
17422,0
17426,0
17430,0
17434,0
17438,0
17442,0
17444,0
17450,0
17454,0
17458,0
17460,0
17466,0
17468,0
17474,0
17476,0
17480,0
17484,0
17488,0
17492,0
17498,0
17500,0
17504,0
17510,0
17514,0
17516,0
17520,0
17524,0
17530,0
17534,0
17536,0
17540,0
17544,0
17550,0
17554,0
17558,0
17562,0
17566,0
17570,0
17574,0
17576,0
17582,0
17584,0
17590,0
17592,0
17598,0
17602,0
17604,0
17608,0
17614,0
17616,0
17620,0
17624,0
17628,0
17634,0
17636,0
17642,0
17644,0
17648,0
17652,0
17656,0
17662,0
17666,0
17668,0
17674,0
17678,0
17680,0
17686,0
17688,0
17694,0
17696,0
17700,0
17704,0
17708,0
17712,0
17718,0
17720,0
17724,0
17730,0
17732,0
17738,0
17742,0
17746,0
17750,0
17754,0
17758,0
17762,0
17766,0
17768,0
17772,0
17778,0
17780,0
17786,0
17788,0
17794,0
17796,0
17802,0
17804,0
17808,0
17812,0
17818,0
17820,0
17824,0
17828,0
17832,0
17836,0
17842,0
17844,0
17848,0
17854,0
17856,0
17862,0
17864,0
17868,0
17872,0
17876,0
17880,0
17886,0
17888,0
17894,0
17896,0
17902,0
17906,0
17910,0
17914,0
17918,0
17922,0
17926,0
17930,0
17934,0
17938,0
17942,0
17946,0
17950,0
17954,0
17958,0
17962,0
17966,0
17970,0
17974,0
17978,0
17980,0
17984,0
17988,0
17992,0
17998,0
18002,0
18004,0
18008,0
18014,0
18016,0
18022,0
18026,0
18028,0
18034,0
18036,0
18040,0
18044,0
18048,0
18052,0
18058,0
18062,0
18066,0
18068,0
18072,0
18076,0
18080,0
18084,0
18088,0
18092,0
18098,0
18100,0
18106,0
18110,0
18112,0
18116,0
18120,0
18124,0
18128,0
18134,0
18136,0
18140,0
18144,0
18148,0
18152,0
18156,0
18162,0
18166,0
18168,0
18172,0
18178,0
18180,0
18184,0
18190,0
18192,0
18196,0
18200,0
18206,0
18210,0
18212,0
18218,0
18222,0
18226,0
18230,0
18232,0
18236,0
18240,0
18246,0
18250,0
18252,0
18256,0
18260,0
18264,0
18287,0
18289,0
18295,0
18299,0
18303,0
18305,0
18311,0
18313,0
18319,0
18321,0
18327,0
18329,0
18335,0
18337,0
18343,0
18347,0
18349,0
18355,0
18357,0
18361,0
18367,0
18369,0
18375,0
18377,0
18383,0
18385,0
18391,0
18393,0
18399,0
18401,0
18407,0
18409,0
18415,0
18417,0
18423,0
18425,0
18431,0
18433,0
18439,0
18441,0
18447,0
18449,0
18455,0
18457,0
18463,0
18465,0
18471,0
18473,0
18479,0
18481,0
18487,0
18489,0
18495,0
18497,0
18503,0
18505,0
18511,0
18515,0
18519,0
18521,0
18527,0
18531,0
18533,0
18539,0
18541,0
18547,0
18549,0
18555,0
18559,0
18561,0
18567,0
18569,0
18575,0
18577,0
18583,0
18585,0
18591,0
18593,0
18599,0
18603,0
18605,0
18611,0
18613,0
18619,0
18621,0
18627,0
18629,0
18635,0
18637,0
18643,0
18645,0
18649,0
18655,0
18657,0
18663,0
18665,0
18671,0
18673,0
18679,0
18681,0
18687,0
18689,0
18695,0
18699,0
18703,0
18705,0
18711,0
18713,0
18719,0
18721,0
18727,0
18729,0
18735,0
18737,0
18743,0
18745,0
18751,0
18753,0
18759,0
18761,0
18767,0
18769,0
18775,0
18777,0
18783,0
18785,0
18791,0
18795,0
18797,0
18803,0
18805,0
18811,0
18813,0
18819,0
18821,0
18827,0
18829,0
18835,0
18837,0
18843,0
18845,0
18851,0
18853,0
18859,0
18863,0
18865,0
18871,0
18873,0
18879,0
18881,0
18887,0
18889,0
18895,0
18899,0
18901,0
18907,0
18909,0
18915,0
18919,0
18921,0
18927,0
18929,0
18935,0
18937,0
18943,0
18945,0
18951,0
18953,0
18959,0
18963,0
18965,0
18971,0
18973,0
18979,0
18981,0
18987,0
18989,0
18995,0
18997,0
19003,0
19005,0
19011,0
19013,0
19019,0
19021,0
19027,0
19029,0
19035,0
19037,0
19043,0
19045,0
19051,0
19053,0
19059,0
19061,0
19067,0
19069,0
19075,0
19079,0
19081,0
19087,0
19089,0
19095,0
19097,0
19103,0
19105,0
19111,0
19113,0
19119,0
19121,0
19127,0
19129,0
19135,0
19137,0
19143,0
19145,0
19151,0
19155,0
19157,0
19163,0
19165,0
19171,0
19173,0
19179,0
19181,0
19187,0
19189,0
19195,0
19197,0
19203,0
19205,0
19211,0
19213,0
19219,0
19221,0
19227,0
19229,0
19235,0
19237,0
19243,0
19245,0
19251,0
19253,0
19259,0
19261,0
19267,0
19269,0
19275,0
19277,0
19283,0
19285,0
19291,0
19293,0
19299,0
19301,0
19307,0
19309,0
19315,0
19317,0
19323,0
19325,0
19331,0
19333,0
19339,0
19341,0
19347,0
19351,0
19355,0
19357,0
19363,0
19365,0
19371,0
19373,0
19379,0
19381,0
19387,0
19391,0
19395,0
19397,0
19403,0
19405,0
19411,0
19413,0
19419,0
19421,0
19427,0
19429,0
19435,0
19437,0
19443,0
19445,0
19451,0
19453,0
19459,0
19461,0
19467,0
19469,0
19475,0
19477,0
19483,0
19485,0
19491,0
19493,0
19499,0
19501,0
19507,0
19509,0
19515,0
19517,0
19523,0
19525,0
19531,0
19533,0
19539,0
19543,0
19545,0
19551,0
19555,0
19557,0
19563,0
19565,0
19571,0
19573,0
19579,0
19581,0
19587,0
19589,0
19595,0
19597,0
19603,0
19605,0
19611,0
19613,0
19619,0
19621,0
19627,0
19629,0
19635,0
19637,0
19643,0
19645,0
19651,0
19653,0
19659,0
19661,0
19667,0
19669,0
19675,0
19677,0
19683,0
19685,0
19691,0
19693,0
19699,0
19703,0
19705,0
19711,0
19713,0
19719,0
19721,0
19727,0
19729,0
19735,0
19737,0
19743,0
19745,0
19751,0
19755,0
19757,0
19763,0
19765,0
19771,0
19773,0
19779,0
19781,0
19787,0
19789,0
19795,0
19797,0
19803,0
19805,0
19811,0
19813,0
19819,0
19821,0
19827,0
19829,0
19835,0
19837,0
19843,0
19845,0
19851,0
19853,0
19859,0
19861,0
19867,0
19869,0
19875,0
19877,0
19883,0
19885,0
19891,0
19893,0
19899,0
19901,0
19907,0
19909,0
19915,0
19919,0
19921,0
19927,0
19929,0
19935,0
19937,0
19943,0
19947,0
19949,0
19955,0
19957,0
19963,0
19965,0
19971,0
19973,0
19979,0
19981,0
19987,0
19989,0
19995,0
19997,0
20003,0
20005,0
20011,0
20013,0
20019,0
20021,0
20027,0
20029,0
20035,0
20037,0
20043,0
20045,0
20051,0
20053,0
20059,0
20063,0
20065,0
20071,0
20073,0
20079,0
20081,0
20087,0
20089,0
20095,0
20099,0
20101,0
20107,0
20111,0
20115,0
20117,0
20123,0
20127,0
20131,0
20133,0
20139,0
20143,0
20147,0
20149,0
20155,0
20157,0
20163,0
20167,0
20169,0
20175,0
20177,0
20183,0
20185,0
20191,0
20193,0
20199,0
20201,0
20207,0
20211,0
20213,0
20219,0
20221,0
20227,0
20231,0
20233,0
20239,0
20241,0
20247,0
20249,0
20255,0
20257,0
20263,0
20267,0
20269,0
20275,0
20277,0
20283,0
20285,0
20291,0
20293,0
20299,0
20303,0
20305,0
20311,0
20315,0
20317,0
20323,0
20325,0
20331,0
20335,0
20339,0
20343,0
20345,0
20351,0
20355,0
20359,0
20361,0
20367,0
20371,0
20375,0
20377,0
20383,0
20387,0
20389,0
20395,0
20397,0
20403,0
20405,0
20411,0
20413,0
20419,0
20421,0
20427,0
20429,0
20435,0
20437,0
20443,0
20445,0
20451,0
20455,0
20457,0
20463,0
20467,0
20471,0
20473,0
20479,0
20483,0
20485,0
20491,0
20493,0
20499,0
20501,0
20507,0
20509,0
20515,0
20517,0
20523,0
20525,0
20531,0
20533,0
20539,0
20541,0
20547,0
20549,0
20555,0
20557,0
20563,0
20565,0
20571,0
20573,0
20579,0
20581,0
20587,0
20589,0
20595,0
20597,0
20603,0
20607,0
20609,0
20615,0
20617,0
20623,0
20627,0
20629,0
20635,0
20637,0
20643,0
20645,0
20651,0
20653,0
20659,0
20661,0
20667,0
20671,0
20673,0
20679,0
20681,0
20687,0
20689,0
20695,0
20699,0
20701,0
20707,0
20709,0
20715,0
20717,0
20723,0
20725,0
20731,0
20733,0
20739,0
20741,0
20747,0
20749,0
20755,0
20757,0
20763,0
20767,0
20769,0
20775,0
20777,0
20783,0
20785,0
20791,0
20793,0
20799,0
20801,0
20807,0
20809,0
20815,0
20819,0
20821,0
20827,0
20829,0
20835,0
20837,0
20843,0
20845,0
20851,0
20853,0
20859,0
20861,0
20867,0
20869,0
20875,0
20877,0
20883,0
20885,0
20891,0
20893,0
20899,0
20901,0
20907,0
20909,0
20915,0
20917,0
20923,0
20925,0
20931,0
20933,0
20939,0
20941,0
20947,0
20949,0
20955,0
20957,0
20963,0
20965,0
20971,0
20973,0
20979,0
20981,0
20987,0
20991,0
20995,0
20997,0
21003,0
21005,0
21011,0
21013,0
21019,0
21023,0
21027,0
21031,0
21033,0
21039,0
21041,0
21047,0
21049,0
21055,0
21057,0
21063,0
21065,0
21071,0
21073,0
21079,0
21081,0
21087,0
21091,0
21093,0
21099,0
21101,0
21107,0
21109,0
21115,0
21117,0
21123,0
21125,0
21131,0
21133,0
21139,0
21141,0
21147,0
21149,0
21155,0
21157,0
21163,0
21165,0
21171,0
21175,0
21177,0
21183,0
21185,0
21191,0
21193,0
21199,0
21201,0
21207,0
21209,0
21215,0
21217,0
21223,0
21225,0
21231,0
21233,0
21239,0
21241,0
21247,0
21249,0
21255,0
21257,0
21263,0
21265,0
21271,0
21273,0
21279,0
21283,0
21285,0
21291,0
21293,0
21299,0
21301,0
21307,0
21309,0
21315,0
21319,0
21321,0
21327,0
21331,0
21333,0
21337,0
21343,0
21345,0
21351,0
21353,0
21359,0
21361,0
21367,0
21369,0
21375,0
21377,0
21383,0
21385,0
21391,0
21393,0
21399,0
21401,0
21407,0
21409,0
21415,0
21417,0
21423,0
21425,0
21431,0
21435,0
21437,0
21443,0
21445,0
21451,0
21453,0
21459,0
21461,0
21467,0
21469,0
21475,0
21477,0
21483,0
21485,0
21491,0
21493,0
21499,0
21501,0
21507,0
21509,0
21515,0
21517,0
21523,0
21525,0
21531,0
21533,0
21539,0
21541,0
21547,0
21549,0
21555,0
21557,0
21563,0
21567,0
21569,0
21575,0
21577,0
21583,0
21585,0
21591,0
21593,0
21599,0
21601,0
21607,0
21609,0
21615,0
21617,0
21623,0
21625,0
21631,0
21633,0
21639,0
21643,0
21645,0
21651,0
21653,0
21659,0
21661,0
21667,0
21669,0
21675,0
21677,0
21683,0
21685,0
21691,0
21693,0
21699,0
21701,0
21707,0
21709,0
21715,0
21717,0
21723,0
21725,0
21731,0
21733,0
21739,0
21741,0
21747,0
21749,0
21755,0
21757,0
21763,0
21765,0
21771,0
21773,0
21779,0
21781,0
21787,0
21789,0
21795,0
21797,0
21803,0
21805,0
21811,0
21815,0
21817,0
21823,0
21825,0
21831,0
21833,0
21839,0
21841,0
21847,0
21849,0
21855,0
21857,0
21863,0
21865,0
21871,0
21873,0
21879,0
21881,0
21887,0
21889,0
21895,0
21897,0
21903,0
21905,0
21911,0
21913,0
21919,0
21921,0
21927,0
21929,0
21935,0
21937,0
21943,0
21945,0
21951,0
21953,0
21959,0
21961,0
21967,0
21969,0
21975,0
21979,0
21981,0
21987,0
21989,0
21995,0
21999,0
22003,0
22005,0
22011,0
22013,0
22019,0
22021,0
22027,0
22031,0
22033,0
22039,0
22041,0
22047,0
22049,0
22055,0
22059,0
22061,0
22067,0
22071,0
22073,0
22079,0
22081,0
22087,0
22089,0
22095,0
22097,0
22103,0
22105,0
22111,0
22113,0
22119,0
22121,0
22127,0
22131,0
22133,0
22139,0
22141,0
22147,0
22149,0
22155,0
22157,0
22163,0
22167,0
22169,0
22175,0
22179,0
22183,0
22187,0
22191,0
22193,0
22199,0
22203,0
22205,0
22211,0
22213,0
22219,0
22221,0
22227,0
22231,0
22233,0
22239,0
22241,0
22247,0
22251,0
22255,0
22257,0
22263,0
22267,0
22269,0
22275,0
22277,0
22283,0
22285,0
22291,0
22293,0
22299,0
22301,0
22307,0
22309,0
22315,0
22317,0
22323,0
22327,0
22331,0
22333,0
22339,0
22341,0
22347,0
22351,0
22353,0
22359,0
22361,0
22367,0
22371,0
22373,0
22379,0
22381,0
22387,0
22391,0
22393,0
22399,0
22401,0
22407,0
22409,0
22415,0
22417,0
22423,0
22425,0
22431,0
22433,0
22439,0
22441,0
22447,0
22449,0
22455,0
22459,0
22461,0
22467,0
22469,0
22475,0
22479,0
22483,0
22485,0
22491,0
22495,0
22497,0
22503,0
22505,0
22511,0
22513,0
22519,0
22521,0
22527,0
22529,0
22535,0
22537,0
22543,0
22547,0
22549,0
22555,0
22557,0
22563,0
22565,0
22571,0
22573,0
22579,0
22583,0
22585,0
22591,0
22593,0
22599,0
22603,0
22605,0
22611,0
22613,0
22619,0
22621,0
22627,0
22629,0
22635,0
22639,0
22641,0
22647,0
22651,0
22653,0
22659,0
22663,0
22665,0
22671,0
22675,0
22679,0
22681,0
22687,0
22689,0
22695,0
22697,0
22703,0
22707,0
22709,0
22715,0
22717,0
22723,0
22727,0
22731,0
22733,0
22739,0
22741,0
22747,0
22749,0
22755,0
22757,0
22763,0
22765,0
22771,0
22773,0
22779,0
22781,0
22787,0
22789,0
22795,0
22797,0
22803,0
22805,0
22811,0
22813,0
22819,0
22821,0
22827,0
22829,0
22835,0
22837,0
22843,0
22845,0
22851,0
22853,0
22859,0
22861,0
22865,0
22869,0
22875,0
22879,0
22881,0
22887,0
22889,0
22895,0
22897,0
22903,0
22905,0
22911,0
22913,0
22919,0
22921,0
22927,0
22929,0
22935,0
22937,0
22943,0
22947,0
22951,0
22955,0
22957,0
22963,0
22965,0
22971,0
22973,0
22979,0
22981,0
22987,0
22989,0
22995,0
22999,0
23003,0
23005,0
23011,0
23013,0
23019,0
23021,0
23027,0
23029,0
23035,0
23037,0
23043,0
23045,0
23051,0
23053,0
23059,0
23061,0
23067,0
23069,0
23075,0
23079,0
23081,0
23087,0
23089,0
23095,0
23097,0
23103,0
23105,0
23111,0
23113,0
23119,0
23121,0
23127,0
23129,0
23135,0
23137,0
23143,0
23145,0
23151,0
23153,0
23159,0
23161,0
23167,0
23169,0
23175,0
23177,0
23183,0
23185,0
23191,0
23193,0
23199,0
23201,0
23207,0
23209,0
23215,0
23219,0
23223,0
23227,0
23229,0
23235,0
23239,0
23241,0
23247,0
23249,0
23255,0
23257,0
23263,0
23265,0
23271,0
23273,0
23279,0
23281,0
23287,0
23289,0
23295,0
23297,0
23303,0
23305,0
23311,0
23313,0
23319,0
23321,0
23327,0
23329,0
23335,0
23337,0
23343,0
23345,0
23351,0
23355,0
23357,0
23363,0
23365,0
23371,0
23373,0
23379,0
23383,0
23387,0
23389,0
23395,0
23399,0
23403,0
23407,0
23411,0
23415,0
23419,0
23421,0
23425,0
23431,0
23433,0
23439,0
23441,0
23447,0
23449,0
23455,0
23457,0
23463,0
23465,0
23471,0
23473,0
23479,0
23481,0
23487,0
23489,0
23495,0
23499,0
23503,0
23505,0
23511,0
23513,0
23519,0
23521,0
23527,0
23529,0
23535,0
23537,0
23543,0
23545,0
23551,0
23555,0
23557,0
23563,0
23565,0
23569,0
23575,0
23577,0
23583,0
23585,0
23591,0
23593,0
23599,0
23601,0
23607,0
23609,0
23615,0
23617,0
23623,0
23627,0
23629,0
23635,0
23637,0
23643,0
23647,0
23649,0
23655,0
23657,0
23663,0
23665,0
23671,0
23673,0
23679,0
23681,0
23687,0
23689,0
23695,0
23697,0
23703,0
23707,0
23709,0
23715,0
23717,0
23723,0
23725,0
23731,0
23733,0
23739,0
23741,0
23747,0
23749,0
23755,0
23757,0
23763,0
23765,0
23771,0
23775,0
23777,0
23783,0
23785,0
23791,0
23793,0
23799,0
23801,0
23807,0
23809,0
23815,0
23817,0
23823,0
23825,0
23831,0
23833,0
23839,0
23841,0
23847,0
23849,0
23855,0
23859,0
23861,0
23867,0
23869,0
23875,0
23877,0
23883,0
23887,0
23889,0
23895,0
23897,0
23903,0
23905,0
23911,0
23915,0
23917,0
23923,0
23925,0
23931,0
23935,0
23939,0
23941,0
23947,0
23949,0
23955,0
23959,0
23961,0
23967,0
23969,0
23975,0
23977,0
23983,0
23985,0
23991,0
23993,0
23999,0
24001,0
24007,0
24009,0
24015,0
24017,0
24023,0
24025,0
24031,0
24033,0
24039,0
24041,0
24047,0
24049,0
24055,0
24057,0
24063,0
24065,0
24071,0
24075,0
24077,0
24083,0
24085,0
24091,0
24093,0
24099,0
24101,0
24107,0
24109,0
24115,0
24119,0
24121,0
24127,0
24131,0
24133,0
24139,0
24141,0
24147,0
24149,0
24155,0
24157,0
24163,0
24165,0
24171,0
24175,0
24177,0
24183,0
24185,0
24191,0
24193,0
24199,0
24201,0
24207,0
24211,0
24213,0
24219,0
24223,0
24225,0
24231,0
24233,0
24239,0
24241,0
24247,0
24249,0
24255,0
24257,0
24263,0
24265,0
24271,0
24273,0
24279,0
24281,0
24287,0
24289,0
24295,0
24297,0
24303,0
24305,0
24311,0
24313,0
24319,0
24323,0
24327,0
24329,0
24335,0
24337,0
24343,0
24347,0
24349,0
24355,0
24359,0
24361,0
24367,0
24369,0
24375,0
24377,0
24383,0
24385,0
24391,0
24393,0
24399,0
24403,0
24405,0
24411,0
24413,0
24419,0
24421,0
24427,0
24429,0
24435,0
24437,0
24443,0
24447,0
24449,0
24455,0
24457,0
24461,0
24467,0
24469,0
24475,0
24477,0
24483,0
24485,0
24491,0
24493,0
24499,0
24501,0
24505,0
24509,0
24515,0
24519,0
24523,0
24527,0
24529,0
24535,0
24537,0
24543,0
24547,0
24551,0
24555,0
24557,0
24563,0
24565,0
24571,0
24573,0
24579,0
24581,0
24587,0
24591,0
24593,0
24599,0
24601,0
24607,0
24609,0
24615,0
24617,0
24623,0
24625,0
24631,0
24633,0
24639,0
24641,0
24647,0
24651,0
24655,0
24659,0
24663,0
24667,0
24671,0
24673,0
24679,0
24683,0
24687,0
24689,0
24695,0
24697,0
24701,0
24707,0
24711,0
24713,0
24719,0
24721,0
24727,0
24729,0
24735,0
24737,0
24743,0
24745,0
24751,0
24753,0
24759,0
24763,0
24765,0
24771,0
24775,0
24777,0
24783,0
24785,0
24791,0
24795,0
24799,0
24801,0
24807,0
24809,0
24815,0
24819,0
24821,0
24827,0
24831,0
24833,0
24839,0
24841,0
24847,0
24849,0
24855,0
24857,0
24863,0
24865,0
24871,0
24873,0
24879,0
24881,0
24887,0
24889,0
24893,0
24899,0
24901,0
24907,0
24909,0
24915,0
24917,0
24923,0
24925,0
24931,0
24933,0
24939,0
24941,0
24947,0
24949,0
24955,0
24957,0
24963,0
24967,0
24971,0
24973,0
24979,0
24981,0
24987,0
24989,0
24995,0
24997,0
25003,0
25005,0
25011,0
25013,0
25019,0
25023,0
25025,0
25031,0
25033,0
25039,0
25041,0
25047,0
25049,0
25055,0
25057,0
25063,0
25065,0
25071,0
25073,0
25079,0
25081,0
25087,0
25089,0
25095,0
25097,0
25103,0
25105,0
25111,0
25113,0
25119,0
25121,0
25127,0
25129,0
25135,0
25137,0
25143,0
25147,0
25149,0
25155,0
25157,0
25163,0
25165,0
25171,0
25173,0
25177,0
25183,0
25185,0
25191,0
25193,0
25199,0
25201,0
25207,0
25209,0
25215,0
25217,0
25223,0
25225,0
25231,0
25233,0
25239,0
25241,0
25247,0
25249,0
25255,0
25259,0
25263,0
25265,0
25271,0
25273,0
25279,0
25281,0
25287,0
25291,0
25293,0
25299,0
25303,0
25307,0
25309,0
25315,0
25317,0
25323,0
25327,0
25329,0
25335,0
25337,0
25343,0
25347,0
25349,0
25355,0
25359,0
25361,0
25367,0
25369,0
25375,0
25379,0
25381,0
25387,0
25389,0
25395,0
25397,0
25403,0
25405,0
25411,0
25413,0
25419,0
25421,0
25427,0
25429,0
25435,0
25437,0
25443,0
25445,0
25451,0
25453,0
25459,0
25463,0
25465,0
25471,0
25473,0
25479,0
25481,0
25487,0
25489,0
25495,0
25497,0
25503,0
25505,0
25511,0
25515,0
25519,0
25523,0
25525,0
25531,0
25533,0
25539,0
25543,0
25545,0
25551,0
25553,0
25559,0
25561,0
25567,0
25569,0
25573,0
25579,0
25581,0
25587,0
25589,0
25595,0
25597,0
25603,0
25605,0
25611,0
25613,0
25619,0
25621,0
25627,0
25629,0
25635,0
25637,0
25643,0
25645,0
25651,0
25653,0
25659,0
25661,0
25667,0
25669,0
25675,0
25677,0
25683,0
25685,0
25691,0
25693,0
25699,0
25701,0
25707,0
25709,0
25715,0
25717,0
25723,0
25725,0
25731,0
25733,0
25739,0
25741,0
25747,0
25749,0
25755,0
25757,0
25763,0
25765,0
25771,0
25773,0
25779,0
25781,0
25787,0
25789,0
25795,0
25797,0
25803,0
25805,0
25811,0
25813,0
25819,0
25821,0
25827,0
25829,0
25835,0
25839,0
25843,0
25845,0
25851,0
25853,0
25859,0
25861,0
25867,0
25869,0
25875,0
25877,0
25883,0
25885,0
25891,0
25895,0
25899,0
25901,0
25907,0
25911,0
25913,0
25919,0
25921,0
25927,0
25929,0
25935,0
25937,0
25943,0
25945,0
25951,0
25953,0
25959,0
25961,0
25967,0
25969,0
25975,0
25979,0
25981,0
25987,0
25991,0
25993,0
25999,0
26003,0
26005,0
26011,0
26013,0
26019,0
26021,0
26027,0
26029,0
26035,0
26037,0
26043,0
26045,0
26051,0
26053,0
26059,0
26061,0
26067,0
26071,0
26073,0
26079,0
26081,0
26087,0
26089,0
26095,0
26099,0
26101,0
26107,0
26109,0
26115,0
26117,0
26123,0
26127,0
26129,0
26133,0
26139,0
26141,0
26147,0
26149,0
26155,0
26157,0
26163,0
26165,0
26171,0
26173,0
26179,0
26181,0
26187,0
26191,0
26195,0
26197,0
26203,0
26205,0
26211,0
26213,0
26219,0
26221,0
26227,0
26229,0
26235,0
26237,0
26243,0
26245,0
26251,0
26253,0
26259,0
26261,0
26265,0
26271,0
26273,0
26279,0
26281,0
26287,0
26289,0
26295,0
26297,0
26303,0
26305,0
26311,0
26313,0
26319,0
26321,0
26327,0
26329,0
26335,0
26337,0
26343,0
26345,0
26351,0
26353,0
26359,0
26361,0
26367,0
26369,0
26375,0
26377,0
26383,0
26385,0
26391,0
26393,0
26399,0
26401,0
26407,0
26411,0
26413,0
26419,0
26421,0
26427,0
26429,0
26435,0
26439,0
26441,0
26447,0
26451,0
26453,0
26459,0
26461,0
26467,0
26471,0
26473,0
26479,0
26481,0
26487,0
26489,0
26495,0
26497,0
26503,0
26507,0
26511,0
26515,0
26517,0
26523,0
26527,0
26529,0
26535,0
26537,0
26543,0
26545,0
26551,0
26555,0
26557,0
26563,0
26565,0
26571,0
26573,0
26579,0
26583,0
26587,0
26589,0
26595,0
26597,0
26603,0
26605,0
26611,0
26613,0
26619,0
26621,0
26627,0
26629,0
26635,0
26637,0
26643,0
26645,0
26651,0
26653,0
26659,0
26661,0
26667,0
26669,0
26675,0
26679,0
26681,0
26687,0
26691,0
26693,0
26699,0
26703,0
26705,0
26711,0
26715,0
26717,0
26723,0
26725,0
26731,0
26733,0
26739,0
26741,0
26747,0
26749,0
26755,0
26757,0
26763,0
26765,0
26771,0
26773,0
26779,0
26781,0
26787,0
26789,0
26795,0
26797,0
26803,0
26805,0
26811,0
26813,0
26819,0
26821,0
26827,0
26829,0
26835,0
26839,0
26841,0
26847,0
26851,0
26855,0
26859,0
26863,0
26867,0
26869,0
26875,0
26877,0
26883,0
26885,0
26891,0
26893,0
26899,0
26903,0
26905,0
26911,0
26913,0
26919,0
26921,0
26927,0
26929,0
26935,0
26937,0
26943,0
26945,0
26951,0
26953,0
26959,0
26961,0
26967,0
26971,0
26973,0
26979,0
26981,0
26987,0
26989,0
26995,0
26997,0
27003,0
27005,0
27009,0
27015,0
27017,0
27023,0
27025,0
27031,0
27033,0
27039,0
27041,0
27047,0
27049,0
27055,0
27057,0
27063,0
27065,0
27071,0
27073,0
27079,0
27081,0
27087,0
27089,0
27095,0
27097,0
27103,0
27105,0
27111,0
27115,0
27117,0
27123,0
27125,0
27131,0
27133,0
27139,0
27141,0
27147,0
27149,0
27155,0
27157,0
27163,0
27167,0
27169,0
27175,0
27177,0
27183,0
27185,0
27191,0
27193,0
27199,0
27201,0
27207,0
27209,0
27215,0
27219,0
27221,0
27227,0
27229,0
27235,0
27237,0
27243,0
27245,0
27251,0
27253,0
27259,0
27261,0
27267,0
27271,0
27275,0
27279,0
27281,0
27287,0
27291,0
27293,0
27299,0
27301,0
27307,0
27309,0
27315,0
27317,0
27323,0
27325,0
27331,0
27333,0
27339,0
27343,0
27345,0
27351,0
27353,0
27359,0
27361,0
27367,0
27369,0
27375,0
27377,0
27383,0
27385,0
27391,0
27393,0
27399,0
27401,0
27407,0
27409,0
27413,0
27419,0
27421,0
27425,0
27431,0
27433,0
27439,0
27441,0
27447,0
27449,0
27455,0
27459,0
27461,0
27467,0
27469,0
27475,0
27477,0
27483,0
27485,0
27491,0
27493,0
27499,0
27501,0
27507,0
27509,0
27515,0
27517,0
27523,0
27525,0
27531,0
27533,0
27539,0
27541,0
27547,0
27549,0
27555,0
27557,0
27563,0
27565,0
27571,0
27573,0
27579,0
27581,0
27587,0
27589,0
27595,0
27597,0
27603,0
27607,0
27609,0
27615,0
27617,0
27623,0
27625,0
27631,0
27633,0
27639,0
27641,0
27647,0
27649,0
27655,0
27657,0
27663,0
27665,0
27671,0
27673,0
27679,0
27683,0
27687,0
27689,0
27695,0
27697,0
27701,0
27707,0
27709,0
27715,0
27717,0
27723,0
27725,0
27731,0
27735,0
27737,0
27743,0
27745,0
27751,0
27753,0
27759,0
27761,0
27767,0
27769,0
27775,0
27779,0
27783,0
27787,0
27789,0
27795,0
27797,0
27803,0
27805,0
27811,0
27813,0
27819,0
27823,0
27825,0
27831,0
27833,0
27839,0
27841,0
27847,0
27849,0
27855,0
27857,0
27863,0
27865,0
27871,0
27873,0
27879,0
27881,0
27887,0
27889,0
27895,0
27897,0
27903,0
27905,0
27911,0
27913,0
27919,0
27921,0
27925,0
27931,0
27933,0
27939,0
27941,0
27947,0
27949,0
27955,0
27957,0
27963,0
27967,0
27969,0
27975,0
27979,0
27981,0
27987,0
27991,0
27993,0
27999,0
28003,0
28005,0
28011,0
28015,0
28019,0
28021,0
28027,0
28029,0
28035,0
28037,0
28043,0
28045,0
28051,0
28053,0
28057,0
28063,0
28065,0
28071,0
28075,0
28079,0
28081,0
28087,0
28089,0
28095,0
28097,0
28103,0
28105,0
28111,0
28115,0
28119,0
28123,0
28127,0
28129,0
28135,0
28137,0
28143,0
28145,0
28151,0
28153,0
28159,0
28161,0
28167,0
28169,0
28175,0
28177,0
28183,0
28185,0
28191,0
28193,0
28199,0
28201,0
28207,0
28211,0
28213,0
28219,0
28223,0
28225,0
28231,0
28233,0
28239,0
28241,0
28247,0
28249,0
28255,0
28257,0
28263,0
28265,0
28271,0
28273,0
28279,0
28281,0
28287,0
28289,0
28295,0
28297,0
28303,0
28305,0
28311,0
28315,0
28317,0
28323,0
28325,0
28331,0
28333,0
28339,0
28341,0
28347,0
28349,0
28355,0
28357,0
28363,0
28365,0
28371,0
28373,0
28379,0
28381,0
28387,0
28391,0
28393,0
28399,0
28401,0
28407,0
28409,0
28415,0
28417,0
28423,0
28425,0
28431,0
28435,0
28437,0
28443,0
28445,0
28451,0
28453,0
28459,0
28461,0
28467,0
28471,0
28473,0
28479,0
28481,0
28487,0
28489,0
28495,0
28499,0
28501,0
28507,0
28509,0
28515,0
28519,0
28523,0
28527,0
28531,0
28535,0
28537,0
28543,0
28545,0
28551,0
28555,0
28559,0
28561,0
28567,0
28569,0
28575,0
28579,0
28583,0
28585,0
28591,0
28595,0
28597,0
28603,0
28605,0
28611,0
28613,0
28619,0
28623,0
28625,0
28631,0
28635,0
28637,0
28643,0
28647,0
28649,0
28655,0
28659,0
28661,0
28667,0
28669,0
28675,0
28679,0
28681,0
28687,0
28689,0
28695,0
28697,0
28703,0
28705,0
28711,0
28713,0
28719,0
28723,0
28725,0
28731,0
28735,0
28737,0
28743,0
28745,0
28751,0
28753,0
28759,0
28763,0
28765,0
28771,0
28773,0
28779,0
28781,0
28787,0
28789,0
28795,0
28797,0
28803,0
28807,0
28809,0
28815,0
28817,0
28823,0
28825,0
28831,0
28833,0
28839,0
28841,0
28847,0
28849,0
28855,0
28857,0
28863,0
28865,0
28871,0
28873,0
28879,0
28881,0
28887,0
28889,0
28895,0
28897,0
28903,0
28905,0
28911,0
28913,0
28919,0
28921,0
28927,0
28929,0
28935,0
28937,0
28943,0
28945,0
28951,0
28955,0
28957,0
28963,0
28965,0
28971,0
28975,0
28979,0
28981,0
28985,0
28991,0
28993,0
28999,0
29001,0
29007,0
29009,0
29015,0
29017,0
29023,0
29025,0
29031,0
29033,0
29039,0
29041,0
29047,0
29051,0
29055,0
29057,0
29063,0
29065,0
29071,0
29073,0
29077,0
29083,0
29085,0
29091,0
29093,0
29099,0
29101,0
29107,0
29111,0
29113,0
29119,0
29123,0
29127,0
29129,0
29135,0
29137,0
29143,0
29145,0
29151,0
29153,0
29159,0
29163,0
29165,0
29171,0
29173,0
29179,0
29181,0
29187,0
29191,0
29193,0
29199,0
29201,0
29205,0
29209,0
29215,0
29217,0
29223,0
29225,0
29229,0
29235,0
29237,0
29243,0
29245,0
29251,0
29255,0
29257,0
29263,0
29265,0
29271,0
29273,0
29279,0
29281,0
29287,0
29289,0
29295,0
29297,0
29303,0
29307,0
29311,0
29313,0
29319,0
29321,0
29327,0
29329,0
29335,0
29337,0
29343,0
29345,0
29351,0
29353,0
29359,0
29361,0
29367,0
29369,0
29375,0
29377,0
29383,0
29385,0
29391,0
29393,0
29399,0
29401,0
29407,0
29409,0
29415,0
29417,0
29423,0
29427,0
29429,0
29435,0
29439,0
29443,0
29445,0
29451,0
29453,0
29459,0
29463,0
29465,0
29471,0
29473,0
29479,0
29481,0
29487,0
29489,0
29495,0
29497,0
29503,0
29507,0
29511,0
29515,0
29519,0
29523,0
29525,0
29531,0
29535,0
29537,0
29543,0
29545,0
29551,0
29553,0
29557,0
29561,0
29567,0
29569,0
29575,0
29577,0
29583,0
29587,0
29589,0
29595,0
29599,0
29603,0
29605,0
29611,0
29613,0
29619,0
29621,0
29627,0
29629,0
29635,0
29639,0
29643,0
29645,0
29649,0
29655,0
29657,0
29663,0
29665,0
29671,0
29673,0
29679,0
29683,0
29685,0
29691,0
29693,0
29699,0
29703,0
29705,0
29711,0
29715,0
29717,0
29723,0
29725,0
29731,0
29733,0
29739,0
29741,0
29747,0
29749,0
29755,0
29759,0
29761,0
29767,0
29771,0
29773,0
29779,0
29781,0
29787,0
29789,0
29795,0
29797,0
29803,0
29805,0
29811,0
29813,0
29819,0
29821,0
29827,0
29829,0
29835,0
29837,0
29843,0
29845,0
29851,0
29853,0
29859,0
29861,0
29867,0
29869,0
29875,0
29877,0
29883,0
29885,0
29891,0
29893,0
29899,0
29901,0
29907,0
29909,0
29915,0
29917,0
29923,0
29927,0
29929,0
29935,0
29937,0
29943,0
29945,0
29951,0
29953,0
29959,0
29961,0
29967,0
29969,0
29975,0
29977,0
29983,0
29985,0
29991,0
29993,0
29999,0
30001,0
30007,0
30011,0
30013,0
30019,0
30021,0
30027,0
30029,0
30035,0
30039,0
30043,0
30045,0
30051,0
30053,0
30059,0
30061,0
30067,0
30069,0
30075,0
30079,0
30081,0
30087,0
30091,0
30095,0
30099,0
30101,0
30107,0
30109,0
30115,0
30117,0
30123,0
30125,0
30131,0
30135,0
30137,0
30143,0
30147,0
30149,0
30155,0
30157,0
30163,0
30165,0
30171,0
30173,0
30179,0
30183,0
30185,0
30191,0
30193,0
30199,0
30201,0
30207,0
30209,0
30215,0
30217,0
30223,0
30227,0
30229,0
30235,0
30237,0
30243,0
30245,0
30251,0
30253,0
30259,0
30261,0
30267,0
30269,0
30275,0
30277,0
30283,0
30285,0
30291,0
30295,0
30299,0
30303,0
30305,0
30309,0
30313,0
30319,0
30321,0
30327,0
30329,0
30335,0
30339,0
30341,0
30347,0
30349,0
30355,0
30359,0
30363,0
30367,0
30369,0
30375,0
30379,0
30383,0
30385,0
30391,0
30395,0
30397,0
30403,0
30405,0
30411,0
30413,0
30419,0
30421,0
30427,0
30429,0
30435,0
30437,0
30443,0
30445,0
30451,0
30453,0
30459,0
30463,0
30467,0
30469,0
30475,0
30477,0
30483,0
30485,0
30491,0
30493,0
30499,0
30501,0
30507,0
30509,0
30515,0
30517,0
30523,0
30525,0
30531,0
30533,0
30539,0
30541,0
30547,0
30549,0
30555,0
30559,0
30561,0
30567,0
30569,0
30575,0
30579,0
30583,0
30585,0
30591,0
30595,0
30599,0
30601,0
30607,0
30609,0
30615,0
30617,0
30623,0
30627,0
30631,0
30633,0
30639,0
30643,0
30647,0
30649,0
30655,0
30657,0
30663,0
30665,0
30671,0
30675,0
30677,0
30683,0
30685,0
30691,0
30693,0
30699,0
30701,0
30707,0
30711,0
30715,0
30719,0
30721,0
30727,0
30729,0
30735,0
30737,0
30743,0
30745,0
30751,0
30753,0
30759,0
30761,0
30767,0
30771,0
30773,0
30779,0
30781,0
30787,0
30789,0
30795,0
30797,0
30803,0
30807,0
30809,0
30815,0
30817,0
30823,0
30827,0
30829,0
30835,0
30837,0
30843,0
30845,0
30851,0
30853,0
30859,0
30861,0
30867,0
30869,0
30875,0
30879,0
30881,0
30887,0
30889,0
30895,0
30899,0
30903,0
30905,0
30911,0
30913,0
30919,0
30921,0
30927,0
30929,0
30935,0
30937,0
30943,0
30945,0
30951,0
30955,0
30957,0
30963,0
30967,0
30971,0
30973,0
30979,0
30981,0
30987,0
30989,0
30995,0
30997,0
31003,0
31007,0
31011,0
31013,0
31019,0
31021,0
31027,0
31029,0
31035,0
31037,0
31043,0
31047,0
31049,0
31055,0
31057,0
31063,0
31065,0
31071,0
31073,0
31079,0
31083,0
31085,0
31091,0
31093,0
31099,0
31101,0
31107,0
31109,0
31115,0
31117,0
31123,0
31125,0
31131,0
31133,0
31139,0
31143,0
31147,0
31149,0
31155,0
31157,0
31161,0
31167,0
31169,0
31175,0
31177,0
31183,0
31185,0
31191,0
31193,0
31199,0
31201,0
31207,0
31209,0
31215,0
31217,0
31223,0
31225,0
31231,0
31233,0
31239,0
31241,0
31247,0
31249,0
31255,0
31257,0
31263,0
31265,0
31271,0
31273,0
31279,0
31281,0
31287,0
31289,0
31295,0
31297,0
31303,0
31305,0
31311,0
31313,0
31319,0
31321,0
31327,0
31331,0
31335,0
31337,0
31343,0
31345,0
31351,0
31353,0
31359,0
31363,0
31367,0
31369,0
31375,0
31379,0
31381,0
31387,0
31389,0
31395,0
31397,0
31403,0
31407,0
31411,0
31413,0
31419,0
31423,0
31427,0
31431,0
31435,0
31439,0
31441,0
31447,0
31449,0
31455,0
31457,0
31463,0
31465,0
31471,0
31475,0
31477,0
31483,0
31485,0
31491,0
31493,0
31499,0
31503,0
31505,0
31511,0
31513,0
31519,0
31521,0
31527,0
31529,0
31535,0
31539,0
31541,0
31547,0
31549,0
31555,0
31557,0
31563,0
31565,0
31571,0
31573,0
31579,0
31583,0
31585,0
31591,0
31593,0
31599,0
31601,0
31605,0
31611,0
31613,0
31619,0
31621,0
31627,0
31629,0
31635,0
31637,0
31643,0
31645,0
31651,0
31653,0
31659,0
31661,0
31667,0
31669,0
31675,0
31677,0
31683,0
31687,0
31689,0
31695,0
31699,0
31701,0
31707,0
31709,0
31715,0
31717,0
31723,0
31725,0
31731,0
31733,0
31739,0
31741,0
31747,0
31749,0
31755,0
31757,0
31763,0
31765,0
31771,0
31773,0
31779,0
31781,0
31787,0
31789,0
31795,0
31797,0
31803,0
31805,0
31811,0
31813,0
31819,0
31821,0
31827,0
31829,0
31835,0
31837,0
31843,0
31845,0
31851,0
31853,0
31859,0
31863,0
31865,0
31871,0
31873,0
31879,0
31883,0
31887,0
31889,0
31895,0
31899,0
31903,0
31907,0
31911,0
31915,0
31917,0
31923,0
31927,0
31931,0
31935,0
31937,0
31943,0
31945,0
31951,0
31953,0
31959,0
31963,0
31965,0
31971,0
31975,0
31979,0
31983,0
31985,0
31989,0
31995,0
31997,0
32003,0
32007,0
32009,0
32015,0
32017,0
32023,0
32025,0
32031,0
32033,0
32039,0
32041,0
32047,0
32049,0
32055,0
32059,0
32061,0
32067,0
32071,0
32073,0
32079,0
32083,0
32085,0
32091,0
32093,0
32099,0
32101,0
32107,0
32111,0
32113,0
32119,0
32121,0
32127,0
32131,0
32135,0
32137,0
32143,0
32145,0
32151,0
32153,0
32159,0
32161,0
32167,0
32169,0
32173,0
32179,0
32183,0
32185,0
32191,0
32193,0
32199,0
32201,0
32207,0
32211,0
32213,0
32219,0
32221,0
32227,0
32229,0
32235,0
32237,0
32243,0
32245,0
32251,0
32253,0
32259,0
32261,0
32267,0
32269,0
32275,0
32279,0
32281,0
32287,0
32289,0
32295,0
32297,0
32303,0
32305,0
32311,0
32313,0
32317,0
32323,0
32325,0
32331,0
32333,0
32339,0
32341,0
32347,0
32349,0
32355,0
32357,0
32363,0
32365,0
32371,0
32373,0
32379,0
32383,0
32387,0
32389,0
32395,0
32397,0
32403,0
32405,0
32411,0
32413,0
32419,0
32423,0
32425,0
32431,0
32433,0
32439,0
32441,0
32447,0
32449,0
32455,0
32457,0
32463,0
32467,0
32469,0
32475,0
32477,0
32483,0
32485,0
32491,0
32493,0
32499,0
32501,0
32507,0
32509,0
32515,0
32517,0
32523,0
32527,0
32529,0
32535,0
32537,0
32543,0
32545,0
32551,0
32553,0
32559,0
32561,0
32567,0
32569,0
32575,0
32577,0
32583,0
32587,0
32589,0
32595,0
32597,0
32603,0
32605,0
32611,0
32615,0
32617,0
32623,0
32625,0
32631,0
32635,0
32637,0
32643,0
32645,0
32651,0
32655,0
32657,0
32663,0
32665,0
32671,0
32675,0
32677,0
32683,0
32685,0
32691,0
32693,0
32699,0
32701,0
32707,0
32709,0
32715,0
32717,0
32723,0
32727,0
32729,0
32735,0
32737,0
32743,0
32745,0
32751,0
32753,0
32759,0
32761,0
32767,0
32771,0
32773,0
32779,0
32783,0
32785,0
32791,0
32793,0
32799,0
32801,0
32807,0
32809,0
32815,0
32817,0
32823,0
32827,0
32829,0
32835,0
32839,0
32841,0
32845,0
32851,0
32853,0
32859,0
32863,0
32865,0
32871,0
32873,0
32879,0
32881,0
32887,0
32891,0
32895,0
32897,0
32903,0
32907,0
32911,0
32913,0
32919,0
32921,0
32927,0
32929,0
32935,0
32937,0
32943,0
32945,0
32951,0
32955,0
32957,0
32963,0
32965,0
32971,0
32973,0
32979,0
32981,0
32987,0
32989,0
32995,0
32997,0
33003,0
33007,0
33009,0
33015,0
33017,0
33023,0
33027,0
33029,0
33035,0
33039,0
33041,0
33047,0
33051,0
33055,0
33057,0
33063,0
33067,0
33071,0
33075,0
33079,0
33083,0
33087,0
33089,0
33095,0
33099,0
33101,0
33107,0
33109,0
33115,0
33119,0
33123,0
33127,0
33131,0
33135,0
33137,0
33143,0
33145,0
33151,0
33155,0
33157,0
33163,0
33167,0
33169,0
33175,0
33179,0
33181,0
33187,0
33189,0
33195,0
33197,0
33203,0
33205,0
33211,0
33213,0
33219,0
33221,0
33227,0
33231,0
33235,0
33237,0
33243,0
33245,0
33251,0
33255,0
33257,0
33261,0
33267,0
33269,0
33275,0
33277,0
33283,0
33285,0
33291,0
33293,0
33299,0
33303,0
33305,0
33311,0
33313,0
33319,0
33323,0
33325,0
33331,0
33333,0
33339,0
33341,0
33347,0
33349,0
33355,0
33357,0
33363,0
33365,0
33371,0
33373,0
33379,0
33381,0
33387,0
33391,0
33393,0
33399,0
33403,0
33407,0
33411,0
33413,0
33419,0
33421,0
33427,0
33429,0
33435,0
33439,0
33441,0
33447,0
33449,0
33455,0
33457,0
33463,0
33465,0
33471,0
33473,0
33479,0
33481,0
33487,0
33489,0
33495,0
33497,0
33503,0
33505,0
33511,0
33513,0
33519,0
33521,0
33527,0
33529,0
33535,0
33537,0
33543,0
33545,0
33551,0
33555,0
33559,0
33561,0
33567,0
33571,0
33575,0
33577,0
33583,0
33585,0
33591,0
33593,0
33599,0
33603,0
33605,0
33611,0
33613,0
33619,0
33621,0
33627,0
33629,0
33635,0
33637,0
33643,0
33647,0
33651,0
33655,0
33659,0
33661,0
33667,0
33669,0
33675,0
33679,0
33681,0
33687,0
33691,0
33693,0
33699,0
33703,0
33705,0
33711,0
33715,0
33719,0
33721,0
33727,0
33729,0
33735,0
33737,0
33743,0
33745,0
33751,0
33753,0
33759,0
33763,0
33765,0
33771,0
33775,0
33777,0
33783,0
33787,0
33789,0
33795,0
33797,0
33801,0
33807,0
33809,0
33815,0
33817,0
33823,0
33825,0
33829,0
33835,0
33839,0
33841,0
33847,0
33851,0
33855,0
33859,0
33863,0
33867,0
33871,0
33873,0
33879,0
33881,0
33887,0
33891,0
33893,0
33899,0
33901,0
33907,0
33911,0
33913,0
33919,0
33921,0
33927,0
33929,0
33935,0
33939,0
33943,0
33945,0
33951,0
33953,0
33959,0
33961,0
33965,0
33971,0
33973,0
33977,0
33983,0
33987,0
33989,0
33995,0
33997,0
34003,0
34005,0
34011,0
34013,0
34019,0
34021,0
34027,0
34031,0
34033,0
34039,0
34043,0
34045,0
34051,0
34053,0
34059,0
34061,0
34067,0
34071,0
34075,0
34077,0
34083,0
34085,0
34091,0
34093,0
34097,0
34103,0
34105,0
34111,0
34113,0
34119,0
34123,0
34127,0
34131,0
34133,0
34139,0
34141,0
34145,0
34151,0
34153,0
34159,0
34161,0
34167,0
34169,0
34175,0
34179,0
34183,0
34185,0
34191,0
34193,0
34199,0
34201,0
34207,0
34209,0
34215,0
34217,0
34223,0
34225,0
34231,0
34235,0
34237,0
34243,0
34245,0
34251,0
34255,0
34259,0
34261,0
34267,0
34271,0
34275,0
34279,0
34283,0
34285,0
34291,0
34293,0
34299,0
34301,0
34307,0
34309,0
34315,0
34317,0
34323,0
34325,0
34329,0
34335,0
34337,0
34343,0
34345,0
34351,0
34353,0
34359,0
34363,0
34365,0
34371,0
34373,0
34379,0
34381,0
34387,0
34389,0
34395,0
34397,0
34403,0
34405,0
34411,0
34413,0
34419,0
34421,0
34427,0
34431,0
34433,0
34439,0
34441,0
34447,0
34449,0
34455,0
34457,0
34463,0
34465,0
34471,0
34473,0
34479,0
34481,0
34487,0
34491,0
34493,0
34499,0
34503,0
34507,0
34511,0
34513,0
34519,0
34521,0
34525,0
34531,0
34533,0
34537,0
34543,0
34545,0
34551,0
34553,0
34559,0
34563,0
34567,0
34571,0
34573,0
34579,0
34583,0
34585,0
34591,0
34595,0
34597,0
34603,0
34605,0
34611,0
34613,0
34619,0
34621,0
34627,0
34629,0
34635,0
34639,0
34643,0
34645,0
34651,0
34653,0
34659,0
34661,0
34667,0
34671,0
34675,0
34677,0
34683,0
34687,0
34689,0
34695,0
34697,0
34701,0
34707,0
34709,0
34715,0
34719,0
34723,0
34725,0
34731,0
34733,0
34739,0
34741,0
34747,0
34749,0
34755,0
34757,0
34763,0
34765,0
34771,0
34775,0
34779,0
34783,0
34787,0
34791,0
34793,0
34799,0
34801,0
34807,0
34811,0
34813,0
34819,0
34821,0
34827,0
34829,0
34835,0
34839,0
34841,0
34847,0
34851,0
34855,0
34859,0
34863,0
34867,0
34871,0
34873,0
34879,0
34881,0
34887,0
34889,0
34895,0
34897,0
34903,0
34905,0
34911,0
34915,0
34917,0
34923,0
34927,0
34929,0
34935,0
34937,0
34943,0
34945,0
34951,0
34953,0
34959,0
34963,0
34965,0
34971,0
34975,0
34979,0
34983,0
34985,0
34991,0
34995,0
34999,0
35003,0
35005,0
35011,0
35015,0
35019,0
35021,0
35027,0
35031,0
35035,0
35039,0
35043,0
35047,0
35051,0
35055,0
35059,0
35063,0
35065,0
35071,0
35073,0
35079,0
35081,0
35087,0
35091,0
35093,0
35097,0
35103,0
35105,0
35111,0
35113,0
35119,0
35121,0
35127,0
35131,0
35133,0
35139,0
35141,0
35147,0
35149,0
35153,0
35159,0
35163,0
35167,0
35169,0
35175,0
35177,0
35183,0
35185,0
35191,0
35195,0
35197,0
35203,0
35205,0
35211,0
35213,0
35219,0
35223,0
35227,0
35229,0
35235,0
35237,0
35243,0
35245,0
35251,0
35253,0
35259,0
35261,0
35267,0
35269,0
35275,0
35279,0
35283,0
35287,0
35291,0
35293,0
35299,0
35303,0
35307,0
35311,0
35313,0
35319,0
35323,0
35325,0
35331,0
35335,0
35339,0
35343,0
35345,0
35351,0
35353,0
35357,0
35363,0
35365,0
35371,0
35373,0
35379,0
35381,0
35387,0
35391,0
35395,0
35397,0
35403,0
35407,0
35411,0
35415,0
35417,0
35423,0
35427,0
35431,0
35435,0
35439,0
35441,0
35447,0
35451,0
35455,0
35457,0
35463,0
35465,0
35471,0
35473,0
35479,0
35481,0
35487,0
35491,0
35495,0
35499,0
35501,0
35507,0
35511,0
35513,0
35519,0
35523,0
35525,0
35531,0
35533,0
35539,0
35541,0
35547,0
35549,0
35555,0
35559,0
35563,0
35567,0
35571,0
35575,0
35577,0
35583,0
35585,0
35591,0
35593,0
35599,0
35601,0
35607,0
35611,0
35613,0
35619,0
35623,0
35627,0
35629,0
35633,0
35639,0
35641,0
35647,0
35649,0
35655,0
35657,0
35663,0
35665,0
35671,0
35675,0
35677,0
35683,0
35687,0
35689,0
35695,0
35697,0
35703,0
35707,0
35709,0
35715,0
35717,0
35721,0
35727,0
35729,0
35735,0
35737,0
35743,0
35745,0
35751,0
35753,0
35759,0
35761,0
35767,0
35771,0
35775,0
35777,0
35783,0
35785,0
35791,0
35793,0
35799,0
35803,0
35805,0
35811,0
35813,0
35819,0
35823,0
35825,0
35831,0
35835,0
35839,0
35841,0
35845,0
35851,0
35853,0
35859,0
35863,0
35865,0
35871,0
35875,0
35879,0
35881,0
35885,0
35891,0
35893,0
35899,0
35903,0
35905,0
35911,0
35913,0
35919,0
35921,0
35927,0
35931,0
35933,0
35939,0
35943,0
35947,0
35949,0
35955,0
35959,0
35963,0
35965,0
35971,0
35973,0
35979,0
35983,0
35985,0
35991,0
35993,0
35997,0
36003,0
36005,0
36011,0
36015,0
36017,0
36023,0
36025,0
36029,0
36035,0
36037,0
36043,0
36047,0
36051,0
36055,0
36057,0
36061,0
36067,0
36069,0
36075,0
36077,0
36083,0
36085,0
36091,0
36093,0
36099,0
36101,0
36107,0
36109,0
36115,0
36117,0
36123,0
36125,0
36131,0
36133,0
36139,0
36141,0
36145,0
36151,0
36153,0
36159,0
36161,0
36167,0
36169,0
36175,0
36177,0
36183,0
36185,0
36191,0
36195,0
36197,0
36203,0
36207,0
36211,0
36213,0
36219,0
36223,0
36227,0
36229,0
36235,0
36237,0
36243,0
36245,0
36251,0
36255,0
36257,0
36261,0
36267,0
36271,0
36275,0
36277,0
36283,0
36285,0
36291,0
36293,0
36299,0
36301,0
36307,0
36311,0
36313,0
36317,0
36323,0
36325,0
36331,0
36335,0
36339,0
36341,0
36347,0
36349,0
36353,0
36359,0
36361,0
36367,0
36371,0
36373,0
36379,0
36383,0
36387,0
36389,0
36395,0
36399,0
36401,0
36407,0
36411,0
36413,0
36417,0
36423,0
36427,0
36431,0
36435,0
36439,0
36443,0
36445,0
36451,0
36453,0
36459,0
36463,0
36465,0
36471,0
36475,0
36477,0
36483,0
36487,0
36491,0
36495,0
36499,0
36501,0
36507,0
36509,0
36515,0
36517,0
36523,0
36525,0
36531,0
36535,0
36537,0
36543,0
36545,0
36551,0
36553,0
36559,0
36563,0
36567,0
36569,0
36575,0
36577,0
36583,0
36587,0
36589,0
36593,0
36599,0
36601,0
36607,0
36611,0
36615,0
36619,0
36623,0
36625,0
36631,0
36633,0
36639,0
36641,0
36647,0
36651,0
36653,0
36659,0
36663,0
36667,0
36669,0
36675,0
36679,0
36683,0
36685,0
36691,0
36695,0
36699,0
36703,0
36707,0
36711,0
36715,0
36719,0
36721,0
36727,0
36731,0
36735,0
36739,0
36741,0
36747,0
36749,0
36755,0
36757,0
36763,0
36765,0
36771,0
36773,0
36779,0
36781,0
36787,0
36791,0
36793,0
36799,0
36803,0
36805,0
36811,0
36815,0
36819,0
36821,0
36827,0
36829,0
36835,0
36839,0
36841,0
36847,0
36849,0
36853,0
36859,0
36863,0
36867,0
36869,0
36873,0
36879,0
36883,0
36885,0
36891,0
36893,0
36897,0
36903,0
36905,0
36911,0
36913,0
36919,0
36921,0
36927,0
36929,0
36933,0
36939,0
36941,0
36947,0
36949,0
36955,0
36957,0
36963,0
36967,0
36969,0
36975,0
36979,0
36981,0
36987,0
36991,0
36995,0
36997,0
37003,0
37005,0
37011,0
37015,0
37019,0
37023,0
37025,0
37031,0
37033,0
37039,0
37041,0
37047,0
37051,0
37053,0
37059,0
37063,0
37067,0
37071,0
37073,0
37079,0
37083,0
37087,0
37089,0
37095,0
37099,0
37103,0
37105,0
37111,0
37113,0
37119,0
37123,0
37127,0
37131,0
37133,0
37139,0
37141,0
37147,0
37149,0
37155,0
37157,0
37163,0
37167,0
37171,0
37173,0
37179,0
37181,0
37187,0
37191,0
37193,0
37199,0
37203,0
37205,0
37209,0
37215,0
37217,0
37223,0
37225,0
37231,0
37235,0
37239,0
37241,0
37247,0
37249,0
37255,0
37257,0
37263,0
37267,0
37269,0
37275,0
37277,0
37283,0
37285,0
37291,0
37295,0
37299,0
37303,0
37305,0
37311,0
37315,0
37317,0
37321,0
37327,0
37329,0
37335,0
37339,0
37341,0
37347,0
37349,0
37355,0
37357,0
37363,0
37365,0
37371,0
37373,0
37379,0
37381,0
37387,0
37389,0
37395,0
37397,0
37403,0
37405,0
37411,0
37415,0
37419,0
37421,0
37427,0
37429,0
37435,0
37437,0
37441,0
37445,0
37451,0
37455,0
37459,0
37461,0
37467,0
37469,0
37475,0
37477,0
37483,0
37485,0
37491,0
37495,0
37499,0
37501,0
37507,0
37511,0
37513,0
37519,0
37521,0
37527,0
37531,0
37533,0
37539,0
37541,0
37547,0
37549,0
37555,0
37559,0
37561,0
37567,0
37569,0
37575,0
37579,0
37581,0
37587,0
37589,0
37595,0
37597,0
37603,0
37605,0
37611,0
37615,0
37617,0
37623,0
37627,0
37631,0
37633,0
37639,0
37643,0
37647,0
37649,0
37653,0
37659,0
37663,0
37667,0
37671,0
37675,0
37679,0
37683,0
37685,0
37691,0
37695,0
37697,0
37703,0
37707,0
37709,0
37715,0
37717,0
37723,0
37727,0
37729,0
37735,0
37739,0
37743,0
37747,0
37749,0
37755,0
37757,0
37763,0
37765,0
37771,0
37773,0
37779,0
37781,0
37787,0
37791,0
37795,0
37797,0
37801,0
37807,0
37809,0
37813,0
37819,0
37823,0
37827,0
37829,0
37835,0
37837,0
37843,0
37847,0
37851,0
37855,0
37859,0
37863,0
37865,0
37871,0
37873,0
37879,0
37881,0
37887,0
37891,0
37893,0
37899,0
37901,0
37907,0
37911,0
37913,0
37919,0
37923,0
37925,0
37931,0
37935,0
37939,0
37943,0
37945,0
37951,0
37953,0
37959,0
37961,0
37967,0
37971,0
37975,0
37977,0
37981,0
37987,0
37991,0
37993,0
37999,0
38001,0
38007,0
38009,0
38015,0
38017,0
38023,0
38027,0
38031,0
38033,0
38039,0
38043,0
38047,0
38049,0
38055,0
38059,0
38061,0
38067,0
38071,0
38075,0
38079,0
38083,0
38087,0
38091,0
38093,0
38099,0
38103,0
38107,0
38109,0
38115,0
38119,0
38123,0
38127,0
38131,0
38135,0
38139,0
38141,0
38147,0
38149,0
38155,0
38157,0
38163,0
38167,0
38171,0
38173,0
38179,0
38181,0
38187,0
38189,0
38195,0
38199,0
38201,0
38207,0
38209,0
38215,0
38217,0
38223,0
38227,0
38231,0
38233,0
38239,0
38241,0
38247,0
38249,0
38255,0
38257,0
38263,0
38267,0
38269,0
38275,0
38277,0
38283,0
38287,0
38289,0
38295,0
38299,0
38303,0
38305,0
38311,0
38313,0
38319,0
38321,0
38327,0
38331,0
38333,0
38337,0
38343,0
38345,0
38351,0
38355,0
38359,0
38361,0
38367,0
38369,0
38375,0
38379,0
38381,0
38387,0
38391,0
38395,0
38397,0
38403,0
38407,0
38411,0
38415,0
38419,0
38421,0
38427,0
38431,0
38435,0
38439,0
38443,0
38447,0
38451,0
38453,0
38459,0
38463,0
38465,0
38471,0
38475,0
38477,0
38483,0
38487,0
38489,0
38495,0
38499,0
38503,0
38505,0
38511,0
38515,0
38519,0
38521,0
38527,0
38529,0
38535,0
38537,0
38543,0
38545,0
38551,0
38555,0
38559,0
38561,0
38567,0
38571,0
38575,0
38577,0
38583,0
38587,0
38591,0
38595,0
38599,0
38603,0
38605,0
38611,0
38615,0
38617,0
38621,0
38627,0
38631,0
38635,0
38637,0
38643,0
38647,0
38649,0
38655,0
38657,0
38663,0
38667,0
38671,0
38675,0
38677,0
38683,0
38685,0
38691,0
38695,0
38699,0
38703,0
38707,0
38709,0
38715,0
38719,0
38721,0
38727,0
38731,0
38735,0
38737,0
38743,0
38747,0
38751,0
38753,0
38757,0
38763,0
38767,0
38769,0
38775,0
38779,0
38781,0
38787,0
38791,0
38795,0
38799,0
38801,0
38805,0
38811,0
38815,0
38817,0
38823,0
38825,0
38831,0
38833,0
38839,0
38841,0
38847,0
38851,0
38855,0
38859,0
38861,0
38867,0
38869,0
38875,0
38879,0
38883,0
38885,0
38891,0
38893,0
38899,0
38901,0
38907,0
38909,0
38915,0
38917,0
38923,0
38925,0
38929,0
38935,0
38939,0
38943,0
38947,0
38951,0
38953,0
38957,0
38963,0
38965,0
38969,0
38975,0
38977,0
38983,0
38987,0
38991,0
38995,0
38997,0
39003,0
39005,0
39011,0
39013,0
39017,0
39021,0
39027,0
39029,0
39035,0
39037,0
39041,0
39047,0
39049,0
39055,0
39057,0
39063,0
39065,0
39071,0
39075,0
39077,0
39083,0
39087,0
39091,0
39093,0
39099,0
39103,0
39107,0
39111,0
39115,0
39117,0
39123,0
39125,0
39131,0
39135,0
39139,0
39141,0
39147,0
39149,0
39153,0
39159,0
39161,0
39167,0
39169,0
39175,0
39179,0
39183,0
39187,0
39189,0
39195,0
39199,0
39201,0
39207,0
39209,0
39215,0
39217,0
39221,0
39227,0
39231,0
39235,0
39239,0
39241,0
39247,0
39251,0
39253,0
39259,0
39261,0
39267,0
39271,0
39273,0
39279,0
39281,0
39287,0
39289,0
39295,0
39297,0
39303,0
39307,0
39311,0
39315,0
39319,0
39323,0
39325,0
39331,0
39335,0
39337,0
39343,0
39345,0
39351,0
39355,0
39359,0
39361,0
39367,0
39371,0
39373,0
39379,0
39381,0
39387,0
39391,0
39393,0
39399,0
39403,0
39405,0
39411,0
39413,0
39419,0
39423,0
39427,0
39431,0
39435,0
39439,0
39441,0
39447,0
39451,0
39455,0
39459,0
39463,0
39467,0
39471,0
39473,0
39479,0
39481,0
39487,0
39489,0
39495,0
39499,0
39503,0
39505,0
39511,0
39515,0
39517,0
39523,0
39527,0
39529,0
39533,0
39539,0
39543,0
39545,0
39551,0
39553,0
39559,0
39563,0
39567,0
39571,0
39573,0
39577,0
39583,0
39587,0
39591,0
39595,0
39599,0
39601,0
39607,0
39609,0
39615,0
39619,0
39623,0
39627,0
39631,0
39635,0
39639,0
39641,0
39647,0
39651,0
39653,0
39657,0
39663,0
39665,0
39671,0
39673,0
39679,0
39683,0
39685,0
39689,0
39695,0
39699,0
39701,0
39705,0
39711,0
39713,0
39719,0
39723,0
39727,0
39731,0
39735,0
39737,0
39743,0
39747,0
39749,0
39755,0
39757,0
39763,0
39767,0
39771,0
39775,0
39777,0
39783,0
39787,0
39791,0
39795,0
39799,0
39803,0
39805,0
39811,0
39813,0
39819,0
39821,0
39827,0
39831,0
39835,0
39837,0
39843,0
39845,0
39851,0
39855,0
39859,0
39863,0
39865,0
39871,0
39875,0
39877,0
39881,0
39887,0
39891,0
39895,0
39899,0
39903,0
39905,0
39911,0
39915,0
39919,0
39923,0
39925,0
39931,0
39933,0
39939,0
39941,0
39945,0
39951,0
39953,0
39959,0
39963,0
39967,0
39969,0
39975,0
39979,0
39983,0
39987,0
39989,0
39995,0
39997,0
40003,0
40005,0
40011,0
40013,0
40019,0
40021,0
40027,0
40029,0
40033,0
40039,0
40043,0
40047,0
40051,0
40055,0
40059,0
40061,0
40067,0
40071,0
40075,0
40077,0
40083,0
40087,0
40091,0
40093,0
40099,0
40101,0
40107,0
40109,0
40115,0
40117,0
40123,0
40127,0
40129,0
40135,0
40137,0
40143,0
40145,0
40151,0
40155,0
40157,0
40163,0
40165,0
40171,0
40175,0
40179,0
40181,0
40185,0
40191,0
40195,0
40199,0
40201,0
40207,0
40211,0
40215,0
40219,0
40221,0
40227,0
40229,0
40235,0
40237,0
40243,0
40245,0
40251,0
40255,0
40257,0
40263,0
40267,0
40269,0
40275,0
40279,0
40283,0
40287,0
40291,0
40293,0
40299,0
40301,0
40307,0
40309,0
40315,0
40319,0
40323,0
40325,0
40331,0
40335,0
40339,0
40343,0
40345,0
40351,0
40353,0
40359,0
40361,0
40367,0
40369,0
40375,0
40377,0
40383,0
40385,0
40391,0
40393,0
40399,0
40401,0
40407,0
40411,0
40415,0
40419,0
40421,0
40427,0
40429,0
40435,0
40439,0
40443,0
40445,0
40451,0
40455,0
40459,0
40461,0
40465,0
40469,0
40475,0
40477,0
40483,0
40485,0
40491,0
40493,0
40499,0
40503,0
40505,0
40509,0
40515,0
40517,0
40523,0
40527,0
40529,0
40535,0
40537,0
40543,0
40545,0
40549,0
40555,0
40559,0
40563,0
40565,0
40571,0
40575,0
40577,0
40583,0
40585,0
40591,0
40595,0
40599,0
40603,0
40607,0
40611,0
40615,0
40619,0
40623,0
40627,0
40629,0
40635,0
40639,0
40643,0
40647,0
40651,0
40653,0
40659,0
40661,0
40667,0
40671,0
40675,0
40679,0
40683,0
40685,0
40691,0
40695,0
40699,0
40701,0
40707,0
40709,0
40715,0
40717,0
40723,0
40725,0
40731,0
40733,0
40739,0
40743,0
40745,0
40751,0
40753,0
40759,0
40761,0
40767,0
40771,0
40775,0
40779,0
40783,0
40785,0
40791,0
40795,0
40799,0
40801,0
40807,0
40811,0
40815,0
40819,0
40821,0
40827,0
40831,0
40833,0
40839,0
40843,0
40845,0
40851,0
40855,0
40859,0
40861,0
40867,0
40869,0
40875,0
40877,0
40883,0
40885,0
40891,0
40893,0
40899,0
40903,0
40907,0
40909,0
40915,0
40917,0
40923,0
40927,0
40929,0
40933,0
40939,0
40943,0
40947,0
40951,0
40953,0
40959,0
40963,0
40967,0
40971,0
40975,0
40977,0
40983,0
40985,0
40991,0
40993,0
40999,0
41003,0
41007,0
41011,0
41013,0
41019,0
41023,0
41027,0
41031,0
41035,0
41039,0
41041,0
41047,0
41051,0
41053,0
41057,0
41061,0
41067,0
41071,0
41075,0
41077,0
41083,0
41087,0
41091,0
41093,0
41099,0
41101,0
41107,0
41111,0
41115,0
41117,0
41121,0
41125,0
41131,0
41135,0
41139,0
41143,0
41145,0
41151,0
41155,0
41159,0
41161,0
41167,0
41169,0
41175,0
41177,0
41183,0
41185,0
41191,0
41195,0
41199,0
41203,0
41207,0
41211,0
41213,0
41219,0
41223,0
41225,0
41231,0
41235,0
41239,0
41243,0
41245,0
41251,0
41255,0
41259,0
41263,0
41267,0
41271,0
41275,0
41277,0
41283,0
41285,0
41291,0
41295,0
41299,0
41303,0
41305,0
41311,0
41315,0
41317,0
41323,0
41327,0
41331,0
41335,0
41337,0
41343,0
41345,0
41351,0
41355,0
41359,0
41363,0
41367,0
41371,0
41373,0
41377,0
41383,0
41387,0
41389,0
41395,0
41397,0
41403,0
41407,0
41411,0
41413,0
41417,0
41423,0
41425,0
41429,0
41433,0
41437,0
41443,0
41447,0
41449,0
41453,0
41459,0
41463,0
41465,0
41471,0
41475,0
41479,0
41481,0
41487,0
41489,0
41495,0
41499,0
41501,0
41507,0
41511,0
41515,0
41519,0
41521,0
41527,0
41531,0
41535,0
41539,0
41543,0
41547,0
41551,0
41555,0
41559,0
41561,0
41567,0
41571,0
41575,0
41577,0
41581,0
41587,0
41591,0
41595,0
41597,0
41601,0
41607,0
41611,0
41615,0
41617,0
41623,0
41625,0
41631,0
41635,0
41637,0
41643,0
41647,0
41651,0
41655,0
41659,0
41663,0
41667,0
41671,0
41673,0
41679,0
41683,0
41687,0
41691,0
41695,0
41697,0
41703,0
41705,0
41709,0
41715,0
41719,0
41721,0
41727,0
41729,0
41735,0
41737,0
41743,0
41747,0
41751,0
41755,0
41759,0
41763,0
41767,0
41771,0
41773,0
41779,0
41781,0
41785,0
41789,0
41795,0
41799,0
41801,0
41807,0
41811,0
41815,0
41817,0
41823,0
41825,0
41831,0
41833,0
41837,0
41843,0
41847,0
41849,0
41855,0
41857,0
41863,0
41867,0
41871,0
41875,0
41879,0
41883,0
41887,0
41891,0
41895,0
41899,0
41903,0
41905,0
41911,0
41915,0
41919,0
41923,0
41927,0
41931,0
41935,0
41939,0
41943,0
41947,0
41951,0
41955,0
41959,0
41963,0
41965,0
41969,0
41975,0
41977,0
41983,0
41987,0
41991,0
41993,0
41999,0
42003,0
42007,0
42011,0
42015,0
42017,0
42023,0
42025,0
42031,0
42035,0
42037,0
42043,0
42045,0
42051,0
42055,0
42059,0
42063,0
42067,0
42069,0
42075,0
42077,0
42083,0
42087,0
42091,0
42095,0
42099,0
42101,0
42107,0
42111,0
42115,0
42119,0
42121,0
42127,0
42131,0
42135,0
42139,0
42143,0
42147,0
42151,0
42153,0
42159,0
42163,0
42167,0
42171,0
42173,0
42179,0
42183,0
42187,0
42191,0
42195,0
42199,0
42203,0
42207,0
42209,0
42215,0
42219,0
42223,0
42225,0
42231,0
42233,0
42239,0
42243,0
42247,0
42251,0
42255,0
42257,0
42261,0
42265,0
42269,0
42273,0
42277,0
42283,0
42287,0
42291,0
42293,0
42297,0
42303,0
42307,0
42309,0
42313,0
42319,0
42321,0
42327,0
42331,0
42333,0
42339,0
42343,0
42345,0
42351,0
42355,0
42359,0
42363,0
42365,0
42371,0
42373,0
42379,0
42383,0
42387,0
42391,0
42395,0
42397,0
42403,0
42407,0
42411,0
42415,0
42419,0
42423,0
42427,0
42431,0
42433,0
42439,0
42441,0
42447,0
42449,0
42453,0
42459,0
42463,0
42467,0
42471,0
42475,0
42479,0
42481,0
42487,0
42491,0
42495,0
42499,0
42503,0
42507,0
42509,0
42515,0
42519,0
42521,0
42527,0
42531,0
42533,0
42539,0
42543,0
42547,0
42551,0
42553,0
42559,0
42563,0
42565,0
42571,0
42575,0
42579,0
42583,0
42587,0
42591,0
42595,0
42599,0
42601,0
42607,0
42611,0
42615,0
42617,0
42623,0
42627,0
42631,0
42633,0
42639,0
42643,0
42647,0
42649,0
42655,0
42657,0
42663,0
42667,0
42671,0
42675,0
42679,0
42683,0
42687,0
42691,0
42695,0
42699,0
42703,0
42705,0
42711,0
42715,0
42719,0
42723,0
42727,0
42731,0
42733,0
42737,0
42741,0
42747,0
42749,0
42755,0
42757,0
42763,0
42765,0
42771,0
42773,0
42779,0
42783,0
42787,0
42791,0
42793,0
42799,0
42801,0
42807,0
42811,0
42815,0
42819,0
42823,0
42827,0
42829,0
42833,0
42839,0
42841,0
42847,0
42851,0
42855,0
42857,0
42863,0
42867,0
42871,0
42873,0
42879,0
42883,0
42887,0
42891,0
42893,0
42897,0
42903,0
42907,0
42911,0
42915,0
42917,0
42923,0
42925,0
42931,0
42935,0
42937,0
42943,0
42947,0
42951,0
42955,0
42959,0
42961,0
42965,0
42971,0
42973,0
42979,0
42983,0
42987,0
42991,0
42995,0
42997,0
43003,0
43007,0
43009,0
43013,0
43017,0
43023,0
43027,0
43031,0
43033,0
43039,0
43043,0
43047,0
43051,0
43053,0
43059,0
43061,0
43067,0
43071,0
43073,0
43079,0
43083,0
43087,0
43091,0
43095,0
43099,0
43103,0
43107,0
43111,0
43115,0
43119,0
43123,0
43125,0
43131,0
43133,0
43139,0
43141,0
43145,0
43151,0
43153,0
43159,0
43163,0
43165,0
43169,0
43175,0
43179,0
43181,0
43187,0
43191,0
43195,0
43199,0
43203,0
43207,0
43211,0
43213,0
43219,0
43223,0
43225,0
43229,0
43235,0
43239,0
43243,0
43247,0
43251,0
43255,0
43259,0
43263,0
43265,0
43271,0
43275,0
43279,0
43283,0
43287,0
43291,0
43295,0
43297,0
43303,0
43307,0
43309,0
43313,0
43319,0
43323,0
43327,0
43331,0
43335,0
43339,0
43343,0
43347,0
43351,0
43355,0
43359,0
43363,0
43367,0
43371,0
43375,0
43379,0
43383,0
43387,0
43391,0
43395,0
43397,0
43403,0
43407,0
43409,0
43415,0
43419,0
43423,0
43427,0
43431,0
43435,0
43437,0
43443,0
43447,0
43451,0
43453,0
43459,0
43461,0
43467,0
43469,0
43475,0
43479,0
43483,0
43485,0
43491,0
43493,0
43499,0
43501,0
43505,0
43511,0
43513,0
43519,0
43523,0
43527,0
43531,0
43535,0
43539,0
43543,0
43547,0
43551,0
43553,0
43559,0
43563,0
43565,0
43571,0
43573,0
43579,0
43581,0
43585,0
43591,0
43595,0
43599,0
43603,0
43605,0
43611,0
43615,0
43617,0
43623,0
43627,0
43631,0
43635,0
43639,0
43641,0
43645,0
43651,0
43653,0
43659,0
43663,0
43667,0
43671,0
43675,0
43679,0
43683,0
43687,0
43691,0
43693,0
43699,0
43703,0
43707,0
43711,0
43715,0
43719,0
43723,0
43727,0
43731,0
43733,0
43737,0
43743,0
43745,0
43751,0
43755,0
43759,0
43761,0
43767,0
43771,0
43775,0
43777,0
43783,0
43785,0
43791,0
43795,0
43797,0
43801,0
43807,0
43811,0
43813,0
43817,0
43823,0
43827,0
43831,0
43835,0
43839,0
43843,0
43845,0
43851,0
43855,0
43859,0
43863,0
43867,0
43869,0
43873,0
43879,0
43883,0
43887,0
43889,0
43895,0
43899,0
43901,0
43907,0
43911,0
43915,0
43919,0
43921,0
43927,0
43931,0
43933,0
43937,0
43943,0
43945,0
43951,0
43953,0
43959,0
43961,0
43967,0
43969,0
43975,0
43979,0
43981,0
43987,0
43989,0
43995,0
43999,0
44003,0
44007,0
44011,0
44013,0
44019,0
44021,0
44027,0
44029,0
44035,0
44039,0
44043,0
44047,0
44051,0
44053,0
44059,0
44061,0
44067,0
44071,0
44075,0
44079,0
44083,0
44087,0
44091,0
44095,0
44099,0
44103,0
44105,0
44111,0
44115,0
44119,0
44121,0
44127,0
44129,0
44135,0
44139,0
44143,0
44145,0
44151,0
44155,0
44157,0
44163,0
44167,0
44171,0
44175,0
44179,0
44183,0
44187,0
44191,0
44193,0
44199,0
44201,0
44205,0
44211,0
44215,0
44219,0
44223,0
44227,0
44231,0
44235,0
44239,0
44243,0
44247,0
44251,0
44255,0
44259,0
44263,0
44267,0
44271,0
44275,0
44279,0
44283,0
44287,0
44291,0
44295,0
44299,0
44303,0
44305,0
44311,0
44315,0
44317,0
44321,0
44325,0
44329,0
44335,0
44339,0
44343,0
44347,0
44349,0
44355,0
44357,0
44363,0
44367,0
44371,0
44375,0
44379,0
44383,0
44387,0
44391,0
44395,0
44399,0
44401,0
44407,0
44411,0
44415,0
44417,0
44421,0
44425,0
44431,0
44435,0
44439,0
44443,0
44447,0
44451,0
44455,0
44459,0
44463,0
44467,0
44471,0
44475,0
44479,0
44483,0
44487,0
44491,0
44495,0
44499,0
44503,0
44507,0
44511,0
44513,0
44519,0
44523,0
44525,0
44531,0
44535,0
44537,0
44543,0
44547,0
44551,0
44555,0
44557,0
44563,0
44567,0
44571,0
44575,0
44579,0
44583,0
44587,0
44591,0
44593,0
44599,0
44603,0
44607,0
44611,0
44615,0
44619,0
44621,0
44627,0
44631,0
44635,0
44639,0
