6,0
10,0
12,0
18,0
22,0
24,0
28,0
32,0
36,0
40,0
44,0
48,0
52,0
58,0
62,0
64,0
68,0
72,0
76,0
80,0
86,0
88,0
92,0
98,0
100,0
104,0
108,0
112,0
118,0
122,0
126,0
128,0
132,0
136,0
142,0
146,0
150,0
152,0
156,0
160,0
164,0
170,0
172,0
178,0
182,0
186,0
190,0
194,0
198,0
200,0
204,0
208,0
214,0
218,0
222,0
226,0
228,0
234,0
236,0
240,0
244,0
250,0
252,0
258,0
260,0
264,0
268,0
272,0
278,0
282,0
286,0
290,0
294,0
298,0
302,0
306,0
308,0
312,0
316,0
322,0
326,0
330,0
334,0
338,0
342,0
346,0
350,0
352,0
358,0
360,0
366,0
370,0
374,0
376,0
380,0
386,0
388,0
392,0
396,0
402,0
406,0
408,0
414,0
418,0
422,0
426,0
428,0
434,0
436,0
442,0
444,0
448,0
454,0
458,0
462,0
466,0
468,0
472,0
478,0
480,0
486,0
490,0
492,0
498,0
500,0
504,0
510,0
512,0
516,0
520,0
526,0
530,0
534,0
538,0
540,0
546,0
550,0
554,0
558,0
560,0
566,0
570,0
574,0
576,0
580,0
586,0
588,0
594,0
598,0
600,0
604,0
608,0
614,0
616,0
620,0
626,0
630,0
634,0
638,0
642,0
646,0
650,0
652,0
658,0
660,0
664,0
668,0
672,0
676,0
680,0
686,0
690,0
692,0
698,0
700,0
706,0
708,0
714,0
718,0
722,0
724,0
728,0
732,0
736,0
742,0
744,0
748,0
752,0
758,0
760,0
766,0
770,0
774,0
776,0
782,0
786,0
790,0
794,0
798,0
802,0
806,0
808,0
814,0
816,0
820,0
826,0
830,0
834,0
836,0
840,0
846,0
850,0
854,0
856,0
862,0
864,0
868,0
874,0
876,0
882,0
884,0
888,0
892,0
898,0
902,0
904,0
910,0
912,0
916,0
920,0
924,0
930,0
932,0
936,0
942,0
944,0
950,0
952,0
958,0
962,0
964,0
968,0
972,0
976,0
982,0
984,0
990,0
992,0
998,0
1002,0
1006,0
1010,0
1014,0
1018,0
1022,0
1026,0
1030,0
1034,0
1038,0
1042,0
1044,0
1050,0
1052,0
1056,0
1060,0
1064,0
1070,0
1072,0
1078,0
1080,0
1086,0
1088,0
1092,0
1098,0
1100,0
1104,0
1110,0
1112,0
1116,0
1120,0
1126,0
1128,0
1132,0
1136,0
1142,0
1146,0
1150,0
1154,0
1156,0
1160,0
1164,0
1170,0
1172,0
1176,0
1182,0
1186,0
1188,0
1194,0
1198,0
1200,0
1206,0
1208,0
1214,0
1216,0
1222,0
1224,0
1230,0
1232,0
1236,0
1240,0
1244,0
1248,0
1252,0
1258,0
1262,0
1266,0
1268,0
1272,0
1276,0
1280,0
1284,0
1288,0
1294,0
1296,0
1300,0
1306,0
1308,0
1312,0
1316,0
1320,0
1326,0
1328,0
1332,0
1338,0
1340,0
1346,0
1348,0
1354,0
1358,0
1360,0
1364,0
1370,0
1374,0
1378,0
1382,0
1384,0
1388,0
1392,0
1398,0
1400,0
1404,0
1410,0
1412,0
1418,0
1420,0
1426,0
1430,0
1432,0
1438,0
1442,0
1444,0
1450,0
1454,0
1456,0
1462,0
1464,0
1468,0
1472,0
1478,0
1482,0
1484,0
1488,0
1494,0
1496,0
1502,0
1504,0
1510,0
1512,0
1518,0
1520,0
1524,0
1528,0
1534,0
1536,0
1542,0
1546,0
1548,0
1554,0
1556,0
1560,0
1566,0
1568,0
1574,0
1576,0
1582,0
1584,0
1590,0
1594,0
1598,0
1600,0
1604,0
1608,0
1614,0
1618,0
1622,0
1624,0
1628,0
1632,0
1638,0
1642,0
1644,0
1650,0
1654,0
1658,0
1660,0
1666,0
1670,0
1672,0
1676,0
1682,0
1686,0
1688,0
1692,0
1698,0
1702,0
1706,0
1708,0
1712,0
1716,0
1722,0
1726,0
1730,0
1734,0
1738,0
1742,0
1744,0
1748,0
1752,0
1758,0
1762,0
1764,0
1768,0
1772,0
1776,0
1780,0
1786,0
1788,0
1792,0
1796,0
1802,0
1804,0
1810,0
1812,0
1816,0
1820,0
1826,0
1830,0
1834,0
1838,0
1842,0
1844,0
1848,0
1854,0
1858,0
1862,0
1864,0
1868,0
1872,0
1878,0
1882,0
1884,0
1890,0
1892,0
1896,0
1900,0
1906,0
1910,0
1914,0
1918,0
1920,0
1926,0
1930,0
1934,0
1938,0
1940,0
1946,0
1948,0
1954,0
1958,0
1962,0
1966,0
1970,0
1974,0
1978,0
1982,0
1984,0
1990,0
1992,0
1998,0
2000,0
2006,0
2010,0
2014,0
2018,0
2022,0
2026,0
2030,0
2032,0
2038,0
2042,0
2046,0
2048,0
2052,0
2058,0
2060,0
2064,0
2070,0
2074,0
2078,0
2082,0
2086,0
2090,0
2094,0
2096,0
2102,0
2104,0
2110,0
2112,0
2118,0
2122,0
2126,0
2130,0
2134,0
2138,0
2140,0
2144,0
2148,0
2154,0
2158,0
2160,0
2164,0
2168,0
2174,0
2176,0
2180,0
2186,0
2190,0
2192,0
2198,0
2202,0
2204,0
2208,0
2214,0
2216,0
2220,0
2224,0
2228,0
2234,0
2236,0
2240,0
2244,0
2250,0
2252,0
2256,0
2260,0
2266,0
2268,0
2272,0
2278,0
2280,0
2284,0
2288,0
2292,0
2298,0
2300,0
2304,0
2308,0
2314,0
2316,0
2322,0
2326,0
2328,0
2332,0
2336,0
2342,0
2344,0
2350,0
2352,0
2356,0
2360,0
2364,0
2370,0
2372,0
2376,0
2380,0
2386,0
2390,0
2392,0
2398,0
2402,0
2406,0
2410,0
2412,0
2416,0
2422,0
2424,0
2430,0
2434,0
2436,0
2442,0
2444,0
2450,0
2454,0
2458,0
2462,0
2466,0
2470,0
2472,0
2476,0
2480,0
2486,0
2490,0
2494,0
2498,0
2502,0
2504,0
2508,0
2514,0
2518,0
2522,0
2526,0
2530,0
2534,0
2536,0
2540,0
2546,0
2550,0
2554,0
2556,0
2560,0
2566,0
2568,0
2574,0
2578,0
2580,0
2584,0
2590,0
2594,0
2598,0
2602,0
2606,0
2608,0
2612,0
2616,0
2622,0
2624,0
2628,0
2632,0
2636,0
2640,0
2646,0
2650,0
2654,0
2656,0
2660,0
2664,0
2668,0
2674,0
2678,0
2682,0
2686,0
2690,0
2694,0
2698,0
2702,0
2704,0
2710,0
2712,0
2718,0
2722,0
2726,0
2730,0
2732,0
2736,0
2740,0
2746,0
2748,0
2754,0
2756,0
2760,0
2766,0
2768,0
2772,0
2776,0
2780,0
2784,0
2788,0
2792,0
2796,0
2800,0
2804,0
2808,0
2814,0
2816,0
2820,0
2826,0
2830,0
2832,0
2836,0
2840,0
2846,0
2848,0
2854,0
2856,0
2862,0
2864,0
2868,0
2874,0
2876,0
2882,0
2884,0
2888,0
2892,0
2898,0
2900,0
2904,0
2908,0
2912,0
2918,0
2922,0
2926,0
2928,0
2934,0
2936,0
2942,0
2946,0
2948,0
2952,0
2958,0
2962,0
2964,0
2968,0
2972,0
2978,0
2980,0
2986,0
2990,0
2992,0
2998,0
3000,0
3006,0
3008,0
3012,0
3016,0
3022,0
3024,0
3028,0
3034,0
3038,0
3042,0
3044,0
3048,0
3052,0
3058,0
3060,0
3064,0
3068,0
3072,0
3078,0
3082,0
3086,0
3090,0
3092,0
3098,0
3102,0
3104,0
3110,0
3112,0
3116,0
3120,0
3126,0
3128,0
3134,0
3136,0
3142,0
3146,0
3148,0
3154,0
3158,0
3160,0
3164,0
3168,0
3172,0
3178,0
3180,0
3184,0
3190,0
3194,0
3196,0
3200,0
3204,0
3208,0
3214,0
3216,0
3220,0
3224,0
3230,0
3232,0
3238,0
3240,0
3246,0
3248,0
3252,0
3258,0
3260,0
3264,0
3268,0
3274,0
3278,0
3282,0
3286,0
3290,0
3292,0
3298,0
3300,0
3306,0
3310,0
3312,0
3318,0
3320,0
3326,0
3328,0
3332,0
3336,0
3342,0
3344,0
3348,0
3352,0
3356,0
3362,0
3366,0
3370,0
3372,0
3378,0
3382,0
3384,0
3388,0
3392,0
3396,0
3400,0
3404,0
3410,0
3412,0
3416,0
3422,0
3424,0
3428,0
3432,0
3436,0
3440,0
3446,0
3448,0
3452,0
3458,0
3462,0
3464,0
3470,0
3472,0
3476,0
3480,0
3484,0
3490,0
3492,0
3496,0
3502,0
3504,0
3508,0
3514,0
3518,0
3520,0
3524,0
3528,0
3532,0
3536,0
3542,0
3546,0
3548,0
3554,0
3556,0
3562,0
3564,0
3570,0
3572,0
3576,0
3582,0
3584,0
3590,0
3592,0
3596,0
3600,0
3604,0
3608,0
3614,0
3618,0
3620,0
3624,0
3628,0
3632,0
3636,0
3640,0
3644,0
3650,0
3654,0
3656,0
3660,0
3664,0
3670,0
3672,0
3676,0
3680,0
3684,0
3688,0
3692,0
3696,0
3702,0
3706,0
3710,0
3712,0
3716,0
3722,0
3726,0
3730,0
3734,0
3738,0
3742,0
3746,0
3750,0
3752,0
3758,0
3762,0
3764,0
3768,0
3774,0
3776,0
3780,0
3784,0
3790,0
3792,0
3798,0
3800,0
3806,0
3808,0
3812,0
3816,0
3822,0
3824,0
3830,0
3834,0
3836,0
3840,0
3844,0
3848,0
3854,0
3858,0
3862,0
3864,0
3868,0
3874,0
3876,0
3882,0
3886,0
3890,0
3894,0
3896,0
3902,0
3904,0
3908,0
3912,0
3916,0
3920,0
3924,0
3930,0
3932,0
3938,0
3942,0
3946,0
3950,0
3954,0
3958,0
3960,0
3966,0
3970,0
3974,0
3976,0
3982,0
3984,0
3990,0
3992,0
3996,0
4000,0
4006,0
4010,0
4014,0
4018,0
4020,0
4024,0
4030,0
4034,0
4038,0
4040,0
4044,0
4050,0
4052,0
4058,0
4060,0
4066,0
4068,0
4074,0
4076,0
4080,0
4086,0
4090,0
4092,0
4096,0
4102,0
4106,0
4110,0
4114,0
4118,0
4122,0
4126,0
4130,0
4132,0
4138,0
4140,0
4146,0
4148,0
4154,0
4156,0
4162,0
4166,0
4168,0
4172,0
4178,0
4180,0
4184,0
4190,0
4192,0
4198,0
4200,0
4206,0
4210,0
4214,0
4216,0
4222,0
4226,0
4228,0
4232,0
4238,0
4242,0
4244,0
4250,0
4252,0
4256,0
4262,0
4264,0
4268,0
4272,0
4276,0
4280,0
4286,0
4288,0
4292,0
4298,0
4302,0
4304,0
4308,0
4312,0
4318,0
4322,0
4326,0
4328,0
4332,0
4336,0
4342,0
4346,0
4348,0
4354,0
4356,0
4360,0
4364,0
4370,0
4374,0
4378,0
4382,0
4386,0
4388,0
4392,0
4396,0
4400,0
4406,0
4410,0
4414,0
4418,0
4422,0
4426,0
4430,0
4432,0
4438,0
4442,0
4444,0
4448,0
4452,0
4458,0
4460,0
4464,0
4470,0
4474,0
4478,0
4480,0
4484,0
4490,0
4494,0
4496,0
4500,0
4504,0
4508,0
4514,0
4516,0
4520,0
4526,0
4530,0
4534,0
4538,0
4542,0
4544,0
4548,0
4552,0
4558,0
4562,0
4566,0
4570,0
4574,0
4578,0
4580,0
4584,0
4590,0
4592,0
4598,0
4602,0
4606,0
4610,0
4612,0
4618,0
4622,0
4624,0
4630,0
4634,0
4638,0
4640,0
4646,0
4648,0
4652,0
4658,0
4662,0
4666,0
4668,0
4674,0
4676,0
4680,0
4684,0
4690,0
4692,0
4698,0
4700,0
4704,0
4710,0
4712,0
4718,0
4722,0
4724,0
4728,0
4732,0
4736,0
4742,0
4744,0
4748,0
4754,0
4756,0
4760,0
4764,0
4768,0
4774,0
4776,0
4782,0
4784,0
4790,0
4792,0
4798,0
4802,0
4806,0
4810,0
4812,0
4818,0
4822,0
4826,0
4828,0
4832,0
4838,0
4842,0
4846,0
4850,0
4852,0
4856,0
4860,0
4864,0
4868,0
4874,0
4876,0
4882,0
4884,0
4888,0
4892,0
4896,0
4900,0
4906,0
4908,0
4914,0
4918,0
4920,0
4924,0
4928,0
4932,0
4936,0
4940,0
4946,0
4950,0
4954,0
4958,0
4962,0
4964,0
4968,0
4972,0
4978,0
4982,0
4986,0
4990,0
4992,0
4998,0
5000,0
5004,0
5010,0
5012,0
5018,0
5020,0
5026,0
5030,0
5032,0
5038,0
5042,0
5044,0
5048,0
5052,0
5056,0
5062,0
5064,0
5070,0
5072,0
5078,0
5082,0
5086,0
5088,0
5094,0
5098,0
5102,0
5104,0
5108,0
5114,0
5118,0
5120,0
5124,0
5128,0
5134,0
5136,0
5142,0
5144,0
5150,0
5154,0
5156,0
5160,0
5164,0
5168,0
5172,0
5176,0
5180,0
5186,0
5188,0
5192,0
5198,0
5200,0
5204,0
5208,0
5212,0
5216,0
5220,0
5226,0
5228,0
5232,0
5238,0
5242,0
5244,0
5250,0
5254,0
5256,0
5262,0
5264,0
5268,0
5272,0
5276,0
5282,0
5286,0
5290,0
5292,0
5296,0
5302,0
5304,0
5308,0
5314,0
5318,0
5322,0
5324,0
5330,0
5332,0
5336,0
5340,0
5344,0
5350,0
5354,0
5356,0
5360,0
5366,0
5368,0
5374,0
5376,0
5380,0
5384,0
5390,0
5394,0
5398,0
5402,0
5406,0
5410,0
5414,0
5416,0
5422,0
5426,0
5428,0
5434,0
5438,0
5442,0
5444,0
5448,0
5454,0
5456,0
5462,0
5464,0
5470,0
5474,0
5478,0
5482,0
5484,0
5490,0
5494,0
5498,0
5502,0
5504,0
5510,0
5512,0
5516,0
5520,0
5526,0
5528,0
5532,0
5536,0
5542,0
5546,0
5548,0
5554,0
5558,0
5562,0
5566,0
5568,0
5574,0
5576,0
5582,0
5584,0
5588,0
5592,0
5596,0
5600,0
5606,0
5608,0
5612,0
5616,0
5620,0
5626,0
5628,0
5634,0
5638,0
5640,0
5644,0
5648,0
5652,0
5658,0
5660,0
5666,0
5668,0
5674,0
5678,0
5682,0
5684,0
5690,0
5694,0
5698,0
5702,0
5706,0
5708,0
5712,0
5718,0
5722,0
5726,0
5728,0
5732,0
5736,0
5740,0
5744,0
5750,0
5754,0
5756,0
5762,0
5766,0
5768,0
5774,0
5776,0
5780,0
5786,0
5790,0
5792,0
5796,0
5800,0
5804,0
5808,0
5814,0
5818,0
5820,0
5824,0
5828,0
5832,0
5836,0
5842,0
5846,0
5850,0
5854,0
5858,0
5860,0
5866,0
5868,0
5872,0
5876,0
5880,0
5884,0
5890,0
5892,0
5898,0
5900,0
5904,0
5908,0
5914,0
5918,0
5920,0
5924,0
5928,0
5934,0
5936,0
5940,0
5946,0
5948,0
5954,0
5958,0
5960,0
5964,0
5970,0
5974,0
5978,0
5982,0
5984,0
5990,0
5992,0
5998,0
6002,0
6006,0
6010,0
6014,0
6018,0
6020,0
6024,0
6030,0
6034,0
6038,0
6040,0
6044,0
6050,0
6052,0
6058,0
6060,0
6066,0
6070,0
6074,0
6076,0
6082,0
6086,0
6090,0
6094,0
6096,0
6100,0
6106,0
6110,0
6112,0
6116,0
6122,0
6124,0
6128,0
6134,0
6138,0
6140,0
6146,0
6148,0
6152,0
6156,0
6160,0
6164,0
6170,0
6172,0
6176,0
6180,0
6186,0
6190,0
6194,0
6196,0
6200,0
6206,0
6210,0
6214,0
6218,0
6222,0
6224,0
6230,0
6232,0
6238,0
6242,0
6244,0
6250,0
6252,0
6256,0
6262,0
6264,0
6268,0
6272,0
6276,0
6282,0
6286,0
6288,0
6294,0
6296,0
6300,0
6306,0
6308,0
6312,0
6316,0
6320,0
6326,0
6328,0
6332,0
6336,0
6340,0
6346,0
6350,0
6354,0
6358,0
6362,0
6366,0
6368,0
6374,0
6376,0
6382,0
6384,0
6388,0
6392,0
6398,0
6402,0
6406,0
6408,0
6414,0
6416,0
6422,0
6426,0
6428,0
6434,0
6438,0
6442,0
6446,0
6450,0
6454,0
6458,0
6460,0
6464,0
6470,0
6472,0
6478,0
6482,0
6484,0
6488,0
6494,0
6496,0
6500,0
6504,0
6508,0
6514,0
6518,0
6522,0
6524,0
6530,0
6532,0
6538,0
6542,0
6546,0
6550,0
6552,0
6556,0
6562,0
6564,0
6570,0
6574,0
6576,0
6582,0
6586,0
6590,0
6594,0
6598,0
6600,0
6604,0
6608,0
6612,0
6618,0
6620,0
6624,0
6628,0
6632,0
6636,0
6640,0
6644,0
6648,0
6654,0
6656,0
6660,0
6666,0
6668,0
6674,0
6676,0
6680,0
6686,0
6688,0
6692,0
6696,0
6700,0
6706,0
6708,0
6712,0
6716,0
6720,0
6726,0
6728,0
6732,0
6736,0
6742,0
6744,0
6750,0
6752,0
6756,0
6760,0
6764,0
6770,0
6774,0
6778,0
6782,0
6784,0
6788,0
6794,0
6798,0
6800,0
6804,0
6810,0
6812,0
6816,0
6822,0
6824,0
6828,0
6832,0
6838,0
6842,0
6844,0
6850,0
6854,0
6858,0
6862,0
6866,0
6868,0
6872,0
6876,0
6880,0
6886,0
6890,0
6892,0
6898,0
6900,0
6906,0
6908,0
6912,0
6916,0
6922,0
6924,0
6930,0
6932,0
6938,0
6940,0
6946,0
6948,0
6952,0
6958,0
6960,0
6966,0
6970,0
6974,0
6976,0
6980,0
6984,0
6990,0
6994,0
6998,0
7002,0
7006,0
7010,0
7012,0
7018,0
7022,0
7024,0
7030,0
7034,0
7038,0
7040,0
7044,0
7050,0
7054,0
7056,0
7062,0
7066,0
7068,0
7074,0
7078,0
7080,0
7086,0
7088,0
7092,0
7096,0
7102,0
7106,0
7108,0
7114,0
7118,0
7122,0
7126,0
7128,0
7134,0
7138,0
7140,0
7146,0
7148,0
7152,0
7156,0
7160,0
7166,0
7170,0
7172,0
7178,0
7182,0
7184,0
7190,0
7192,0
7198,0
7202,0
7204,0
7208,0
7212,0
7216,0
7220,0
7224,0
7228,0
7232,0
7236,0
7240,0
7246,0
7250,0
7252,0
7258,0
7262,0
7264,0
7268,0
7272,0
7276,0
7282,0
7286,0
7290,0
7292,0
7296,0
7302,0
7306,0
7310,0
7314,0
7318,0
7322,0
7326,0
7328,0
7334,0
7336,0
7342,0
7344,0
7348,0
7354,0
7358,0
7360,0
7364,0
7368,0
7374,0
7376,0
7380,0
7386,0
7390,0
7392,0
7398,0
7400,0
7406,0
7410,0
7414,0
7418,0
7422,0
7426,0
7430,0
7432,0
7436,0
7442,0
7444,0
7448,0
7454,0
7456,0
7462,0
7466,0
7470,0
7474,0
7478,0
7482,0
7486,0
7490,0
7494,0
7496,0
7502,0
7504,0
7510,0
7512,0
7518,0
7522,0
7526,0
7528,0
7532,0
7538,0
7542,0
7546,0
7548,0
7554,0
7558,0
7562,0
7564,0
7570,0
7574,0
7576,0
7582,0
7586,0
7590,0
7594,0
7596,0
7600,0
7606,0
7610,0
7614,0
7618,0
7620,0
7624,0
7628,0
7634,0
7638,0
7642,0
7646,0
7650,0
7654,0
7658,0
7660,0
7666,0
7670,0
7674,0
7678,0
7682,0
7686,0
7690,0
7694,0
7698,0
7702,0
7706,0
7710,0
7714,0
7718,0
7720,0
7726,0
7728,0
7732,0
7736,0
7742,0
7744,0
7750,0
7752,0
7758,0
7760,0
7764,0
7768,0
7772,0
7778,0
7780,0
7784,0
7788,0
7792,0
7796,0
7800,0
7804,0
7808,0
7812,0
7816,0
7822,0
7824,0
7828,0
7832,0
7836,0
7840,0
7846,0
7848,0
7852,0
7856,0
7862,0
7864,0
7868,0
7872,0
7878,0
7880,0
7884,0
7888,0
7892,0
7896,0
7900,0
7906,0
7908,0
7912,0
7916,0
7920,0
7924,0
7928,0
7932,0
7936,0
7940,0
7946,0
7950,0
7954,0
7956,0
7960,0
7964,0
7970,0
7972,0
7976,0
7980,0
7986,0
7988,0
7994,0
7996,0
8000,0
8004,0
8008,0
8014,0
8016,0
8022,0
8024,0
8028,0
8034,0
8036,0
8042,0
8046,0
8050,0
8054,0
8058,0
8062,0
8066,0
8068,0
8074,0
8078,0
8080,0
8086,0
8090,0
8092,0
8096,0
8100,0
8106,0
8110,0
8112,0
8116,0
8122,0
8124,0
8128,0
8134,0
8138,0
8142,0
8144,0
8148,0
8152,0
8158,0
8162,0
8164,0
8170,0
8174,0
8178,0
8182,0
8184,0
8190,0
8192,0
8198,0
8202,0
8204,0
8210,0
8214,0
8216,0
8222,0
8226,0
8230,0
8234,0
8238,0
8240,0
8244,0
8250,0
8252,0
8258,0
8262,0
8266,0
8270,0
8272,0
8276,0
8282,0
8284,0
8288,0
8292,0
8296,0
8300,0
8306,0
8308,0
8314,0
8316,0
8322,0
8326,0
8328,0
8332,0
8336,0
8342,0
8344,0
8348,0
8354,0
8356,0
8360,0
8366,0
8370,0
8372,0
8376,0
8380,0
8386,0
8388,0
8394,0
8398,0
8400,0
8406,0
8408,0
8412,0
8416,0
8420,0
8426,0
8430,0
8432,0
8436,0
8440,0
8446,0
8450,0
8454,0
8458,0
8460,0
8464,0
8468,0
8474,0
8478,0
8482,0
8484,0
8488,0
8492,0
8496,0
8502,0
8506,0
8508,0
8514,0
8516,0
8522,0
8524,0
8528,0
8534,0
8538,0
8542,0
8544,0
8550,0
8552,0
8556,0
8560,0
8564,0
8568,0
8572,0
8576,0
8582,0
8584,0
8588,0
8592,0
8598,0
8602,0
8604,0
8610,0
8612,0
8618,0
8622,0
8624,0
8630,0
8632,0
8636,0
8640,0
8644,0
8648,0
8654,0
8656,0
8660,0
8666,0
8670,0
8672,0
8676,0
8682,0
8686,0
8688,0
8694,0
8696,0
8700,0
8706,0
8710,0
8712,0
8718,0
8722,0
8726,0
8730,0
8732,0
8738,0
8740,0
8746,0
8748,0
8754,0
8756,0
8762,0
8766,0
8770,0
8774,0
8778,0
8780,0
8786,0
8790,0
8792,0
8796,0
8800,0
8804,0
8808,0
8812,0
8816,0
8820,0
8826,0
8830,0
8832,0
8836,0
8840,0
8844,0
8850,0
8854,0
8856,0
8862,0
8866,0
8870,0
8872,0
8878,0
8880,0
8884,0
8890,0
8892,0
8896,0
8902,0
8906,0
8908,0
8912,0
8918,0
8922,0
8926,0
8928,0
8934,0
8936,0
8942,0
8944,0
8950,0
8954,0
8956,0
8960,0
8966,0
8968,0
8974,0
8976,0
8982,0
8984,0
8988,0
8992,0
8996,0
9002,0
9004,0
9010,0
9012,0
9018,0
9020,0
9026,0
9030,0
9032,0
9038,0
9040,0
9044,0
9050,0
9054,0
9058,0
9060,0
9064,0
9070,0
9074,0
9076,0
9080,0
9084,0
9090,0
9092,0
9098,0
9102,0
9106,0
9108,0
9114,0
9118,0
9120,0
9124,0
9130,0
9134,0
9138,0
9142,0
9146,0
9148,0
9152,0
9158,0
9160,0
9166,0
9168,0
9174,0
9178,0
9182,0
9184,0
9190,0
9192,0
9198,0
9202,0
9206,0
9210,0
9212,0
9218,0
9220,0
9226,0
9228,0
9234,0
9238,0
9240,0
9246,0
9248,0
9252,0
9256,0
9260,0
9266,0
9270,0
9272,0
9276,0
9282,0
9286,0
9288,0
9292,0
9298,0
9300,0
9304,0
9310,0
9314,0
9318,0
9322,0
9324,0
9328,0
9334,0
9338,0
9340,0
9346,0
9348,0
9352,0
9358,0
9362,0
9366,0
9370,0
9372,0
9378,0
9380,0
9384,0
9388,0
9392,0
9398,0
9400,0
9406,0
9410,0
9412,0
9418,0
9420,0
9426,0
9428,0
9434,0
9436,0
9440,0
9444,0
9450,0
9454,0
9458,0
9460,0
9466,0
9468,0
9474,0
9476,0
9480,0
9484,0
9490,0
9494,0
9496,0
9502,0
9504,0
9510,0
9514,0
9516,0
9522,0
9526,0
9530,0
9534,0
9536,0
9542,0
9546,0
9550,0
9554,0
9558,0
9562,0
9564,0
9570,0
9574,0
9578,0
9582,0
9586,0
9588,0
9594,0
9598,0
9602,0
9606,0
9610,0
9614,0
9616,0
9620,0
9624,0
9630,0
9634,0
9636,0
9642,0
9644,0
9648,0
9652,0
9656,0
9662,0
9666,0
9670,0
9672,0
9678,0
9682,0
9686,0
9690,0
9692,0
9698,0
9700,0
9706,0
9708,0
9712,0
9716,0
9720,0
9726,0
9730,0
9732,0
9738,0
9742,0
9746,0
9750,0
9752,0
9756,0
9760,0
9764,0
9770,0
9772,0
9778,0
9780,0
9786,0
9790,0
9794,0
9796,0
9800,0
9804,0
9808,0
9812,0
9818,0
9822,0
9826,0
9828,0
9832,0
9838,0
9840,0
9846,0
9850,0
9854,0
9856,0
9862,0
9866,0
9870,0
9874,0
9878,0
9882,0
9884,0
9890,0
9894,0
9898,0
9900,0
9906,0
9910,0
9912,0
9918,0
9922,0
9924,0
9928,0
9934,0
9936,0
9942,0
9944,0
9948,0
9954,0
9956,0
9960,0
9964,0
9968,0
9974,0
9978,0
9982,0
9984,0
9988,0
9992,0
9996,0
10000,0
10006,0
10008,0
10012,0
10016,0
10020,0
10026,0
10028,0
10032,0
10036,0
10042,0
10044,0
10048,0
10052,0
10056,0
10060,0
10066,0
10068,0
10074,0
10076,0
10082,0
10086,0
10090,0
10094,0
10096,0
10102,0
10106,0
10110,0
10112,0
10118,0
10122,0
10124,0
10128,0
10134,0
10138,0
10142,0
10146,0
10150,0
10154,0
10158,0
10162,0
10166,0
10170,0
10174,0
10176,0
10180,0
10184,0
10190,0
10192,0
10198,0
10202,0
10206,0
10208,0
10212,0
10218,0
10220,0
10226,0
10228,0
10234,0
10236,0
10242,0
10246,0
10248,0
10254,0
10256,0
10260,0
10264,0
10268,0
10272,0
10278,0
10280,0
10286,0
10290,0
10294,0
10298,0
10302,0
10306,0
10310,0
10312,0
10318,0
10322,0
10326,0
10330,0
10334,0
10338,0
10340,0
10346,0
10348,0
10352,0
10358,0
10360,0
10366,0
10370,0
10374,0
10376,0
10380,0
10386,0
10388,0
10394,0
10398,0
10400,0
10404,0
10408,0
10414,0
10416,0
10420,0
10424,0
10430,0
10432,0
10436,0
10442,0
10446,0
10448,0
10452,0
10456,0
10462,0
10464,0
10468,0
10474,0
10476,0
10480,0
10484,0
10490,0
10492,0
10498,0
10502,0
10504,0
10508,0
10512,0
10518,0
10520,0
10526,0
10528,0
10532,0
10536,0
10542,0
10546,0
10550,0
10554,0
10558,0
10560,0
10566,0
10570,0
10572,0
10578,0
10582,0
10584,0
10590,0
10594,0
10596,0
10602,0
10606,0
10610,0
10614,0
10618,0
10622,0
10624,0
10628,0
10634,0
10636,0
10640,0
10644,0
10648,0
10652,0
10656,0
10660,0
10666,0
10670,0
10674,0
10676,0
10680,0
10684,0
10688,0
10694,0
10696,0
10702,0
10706,0
10710,0
10712,0
10718,0
10720,0
10726,0
10728,0
10734,0
10738,0
10742,0
10746,0
10750,0
10754,0
10756,0
10760,0
10764,0
10770,0
10774,0
10776,0
10782,0
10784,0
10790,0
10794,0
10798,0
10802,0
10806,0
10810,0
10814,0
10816,0
10822,0
10826,0
10828,0
10832,0
10838,0
10840,0
10844,0
10848,0
10854,0
10858,0
10860,0
10864,0
10870,0
10872,0
10878,0
10882,0
10884,0
10890,0
10894,0
10898,0
10900,0
10904,0
10910,0
10914,0
10916,0
10920,0
10924,0
10928,0
10934,0
10938,0
10942,0
10946,0
10948,0
10954,0
10956,0
10960,0
10964,0
10970,0
10974,0
10978,0
10982,0
10986,0
10988,0
10994,0
10998,0
11002,0
11006,0
11010,0
11012,0
11016,0
11020,0
11026,0
11028,0
11032,0
11036,0
11042,0
11044,0
11048,0
11052,0
11056,0
11060,0
11064,0
11070,0
11074,0
11076,0
11082,0
11084,0
11090,0
11092,0
11098,0
11102,0
11104,0
11108,0
11114,0
11116,0
11120,0
11124,0
11130,0
11132,0
11138,0
11142,0
11146,0
11148,0
11152,0
11158,0
11162,0
11166,0
11170,0
11174,0
11176,0
11180,0
11184,0
11190,0
11192,0
11198,0
11202,0
11204,0
11210,0
11212,0
11216,0
11222,0
11224,0
11228,0
11234,0
11236,0
11240,0
11246,0
11248,0
11252,0
11258,0
11262,0
11264,0
11270,0
11272,0
11276,0
11280,0
11286,0
11288,0
11292,0
11296,0
11302,0
11306,0
11310,0
11314,0
11318,0
11322,0
11324,0
11330,0
11334,0
11336,0
11342,0
11344,0
11348,0
11352,0
11356,0
11362,0
11364,0
11370,0
11374,0
11376,0
11382,0
11386,0
11390,0
11392,0
11398,0
11400,0
11404,0
11410,0
11412,0
11418,0
11420,0
11426,0
11430,0
11432,0
11438,0
11440,0
11444,0
11448,0
11452,0
11456,0
11462,0
11464,0
11468,0
11472,0
11478,0
11480,0
11484,0
11490,0
11494,0
11498,0
11502,0
11506,0
11508,0
11512,0
11516,0
11522,0
11526,0
11528,0
11534,0
11536,0
11540,0
11544,0
11548,0
11554,0
11558,0
11562,0
11564,0
11570,0
11572,0
11578,0
11582,0
11586,0
11588,0
11592,0
11596,0
11600,0
11606,0
11608,0
11614,0
11616,0
11622,0
11626,0
11628,0
11634,0
11636,0
11640,0
11646,0
11650,0
11652,0
11656,0
11660,0
11666,0
11668,0
11672,0
11676,0
11680,0
11686,0
11688,0
11692,0
11698,0
11700,0
11704,0
11710,0
11712,0
11716,0
11720,0
11726,0
11730,0
11734,0
11736,0
11740,0
11744,0
11750,0
11752,0
11756,0
11760,0
11764,0
11768,0
11774,0
11776,0
11780,0
11786,0
11788,0
11792,0
11796,0
11800,0
11806,0
11810,0
11814,0
11816,0
11822,0
11824,0
11830,0
11832,0
11836,0
11842,0
11846,0
11848,0
11854,0
11856,0
11860,0
11866,0
11870,0
11874,0
11876,0
11882,0
11884,0
11888,0
11894,0
11896,0
11900,0
11904,0
11910,0
11912,0
11918,0
11920,0
11926,0
11928,0
11932,0
11938,0
11942,0
11944,0
11950,0
11954,0
11956,0
11962,0
11966,0
11970,0
11972,0
11976,0
11982,0
11986,0
11988,0
11992,0
11996,0
12000,0
12004,0
12008,0
12012,0
12018,0
12020,0
12024,0
12030,0
12032,0
12036,0
12040,0
12044,0
12048,0
12052,0
12056,0
12060,0
12064,0
12070,0
12072,0
12078,0
12080,0
12084,0
12088,0
12092,0
12098,0
12102,0
12106,0
12108,0
12112,0
12116,0
12120,0
12126,0
12128,0
12132,0
12136,0
12142,0
12144,0
12150,0
12154,0
12158,0
12162,0
12166,0
12170,0
12174,0
12178,0
12180,0
12186,0
12190,0
12194,0
12198,0
12202,0
12204,0
12208,0
12212,0
12218,0
12222,0
12224,0
12228,0
12234,0
12238,0
12242,0
12244,0
12250,0
12254,0
12258,0
12262,0
12266,0
12268,0
12274,0
12278,0
12282,0
12286,0
12290,0
12294,0
12298,0
12300,0
12306,0
12308,0
12312,0
12316,0
12320,0
12326,0
12330,0
12332,0
12338,0
12342,0
12344,0
12348,0
12354,0
12356,0
12360,0
12366,0
12370,0
12372,0
12376,0
12380,0
12386,0
12388,0
12392,0
12396,0
12400,0
12406,0
12408,0
12414,0
12416,0
12420,0
12426,0
12430,0
12434,0
12438,0
12440,0
12446,0
12448,0
12452,0
12458,0
12460,0
12466,0
12468,0
12474,0
12478,0
12482,0
12486,0
12490,0
12492,0
12498,0
12500,0
12504,0
12508,0
12512,0
12516,0
12522,0
12524,0
12528,0
12534,0
12538,0
12542,0
12544,0
12548,0
12554,0
12558,0
12560,0
12564,0
12568,0
12574,0
12576,0
12582,0
12584,0
12588,0
12594,0
12598,0
12600,0
12604,0
12610,0
12614,0
12616,0
12620,0
12624,0
12628,0
12634,0
12636,0
12640,0
12646,0
12650,0
12652,0
12658,0
12660,0
12664,0
12668,0
12674,0
12676,0
12680,0
12686,0
12690,0
12692,0
12696,0
12702,0
12706,0
12710,0
12714,0
12718,0
12722,0
12726,0
12730,0
12732,0
12738,0
12742,0
12746,0
12748,0
12754,0
12756,0
12762,0
12764,0
12768,0
12772,0
12778,0
12780,0
12786,0
12788,0
12794,0
12796,0
12800,0
12804,0
12808,0
12814,0
12818,0
12822,0
12826,0
12828,0
12832,0
12838,0
12842,0
12844,0
12850,0
12852,0
12856,0
12862,0
12864,0
12868,0
12874,0
12878,0
12882,0
12886,0
12890,0
12894,0
12896,0
12902,0
12906,0
12910,0
12914,0
12916,0
12920,0
12926,0
12930,0
12932,0
12936,0
12940,0
12944,0
12950,0
12954,0
12956,0
12962,0
12966,0
12968,0
12972,0
12978,0
12982,0
12986,0
12988,0
12994,0
12996,0
13000,0
13004,0
13008,0
13014,0
13016,0
13020,0
13024,0
13028,0
13032,0
13036,0
13040,0
13044,0
13048,0
13052,0
13058,0
13062,0
13064,0
13068,0
13072,0
13076,0
13082,0
13086,0
13088,0
13092,0
13096,0
13102,0
13104,0
13110,0
13114,0
13116,0
13122,0
13124,0
13128,0
13132,0
13136,0
13142,0
13144,0
13148,0
13152,0
13156,0
13160,0
13166,0
13168,0
13172,0
13176,0
13182,0
13186,0
13190,0
13194,0
13198,0
13202,0
13206,0
13208,0
13212,0
13216,0
13220,0
13224,0
13230,0
13232,0
13236,0
13242,0
13246,0
13248,0
13252,0
13256,0
13260,0
13264,0
13270,0
13272,0
13276,0
13282,0
13286,0
13288,0
13294,0
13298,0
13300,0
13304,0
13308,0
13314,0
13316,0
13322,0
13326,0
13328,0
13332,0
13336,0
13342,0
13344,0
13350,0
13354,0
13356,0
13360,0
13366,0
13370,0
13372,0
13378,0
13382,0
13386,0
13390,0
13394,0
13398,0
13400,0
13404,0
13410,0
13412,0
13416,0
13420,0
13426,0
13430,0
13434,0
13436,0
13440,0
13444,0
13448,0
13454,0
13456,0
13462,0
13464,0
13470,0
13474,0
13478,0
13482,0
13484,0
13490,0
13492,0
13498,0
13502,0
13506,0
13508,0
13514,0
13516,0
13520,0
13526,0
13530,0
13534,0
13536,0
13542,0
13546,0
13548,0
13552,0
13558,0
13560,0
13564,0
13568,0
13574,0
13576,0
13582,0
13586,0
13590,0
13594,0
13596,0
13600,0
13604,0
13608,0
13612,0
13616,0
13622,0
13626,0
13630,0
13632,0
13636,0
13642,0
13644,0
13648,0
13654,0
13656,0
13660,0
13664,0
13670,0
13674,0
13676,0
13680,0
13684,0
13690,0
13692,0
13698,0
13700,0
13704,0
13710,0
13714,0
13718,0
13720,0
13726,0
13728,0
13732,0
13736,0
13740,0
13744,0
13750,0
13754,0
13756,0
13760,0
13766,0
13770,0
13774,0
13778,0
13782,0
13784,0
13790,0
13792,0
13796,0
13800,0
13804,0
13808,0
13812,0
13816,0
13822,0
13826,0
13830,0
13832,0
13836,0
13840,0
13844,0
13848,0
13854,0
13856,0
13862,0
13866,0
13868,0
13874,0
13876,0
13882,0
13884,0
13888,0
13894,0
13896,0
13902,0
13906,0
13910,0
13912,0
13916,0
13920,0
13926,0
13928,0
13934,0
13936,0
13940,0
13944,0
13948,0
13952,0
13956,0
13962,0
13964,0
13970,0
13972,0
13976,0
13980,0
13986,0
13988,0
13994,0
13998,0
14002,0
14004,0
14008,0
14014,0
14016,0
14022,0
14024,0
14030,0
14034,0
14036,0
14042,0
14046,0
14048,0
14054,0
14056,0
14060,0
14064,0
14070,0
14072,0
14076,0
14080,0
14086,0
14088,0
14094,0
14098,0
14100,0
14106,0
14108,0
14112,0
14116,0
14122,0
14126,0
14128,0
14132,0
14136,0
14140,0
14144,0
14150,0
14154,0
14156,0
14162,0
14164,0
14168,0
14174,0
14178,0
14180,0
14186,0
14188,0
14194,0
14196,0
14202,0
14204,0
14208,0
14214,0
14218,0
14222,0
14226,0
14228,0
14234,0
14238,0
14240,0
14244,0
14250,0
14254,0
14256,0
14260,0
14264,0
14270,0
14272,0
14276,0
14282,0
14284,0
14290,0
14292,0
14298,0
14300,0
14304,0
14310,0
14312,0
14318,0
14322,0
14326,0
14328,0
14332,0
14338,0
14342,0
14346,0
14350,0
14352,0
14356,0
14360,0
14366,0
14368,0
14372,0
14378,0
14380,0
14384,0
14388,0
14394,0
14398,0
14402,0
14404,0
14410,0
14412,0
14416,0
14422,0
14426,0
14430,0
14434,0
14438,0
14442,0
14444,0
14448,0
14452,0
14458,0
14462,0
14464,0
14468,0
14472,0
14478,0
14480,0
14484,0
14488,0
14492,0
14498,0
14500,0
14504,0
14510,0
14514,0
14518,0
14520,0
14526,0
14530,0
14534,0
14538,0
14542,0
14544,0
14550,0
14554,0
14556,0
14560,0
14566,0
14568,0
14572,0
14576,0
14580,0
14586,0
14590,0
14592,0
14598,0
14602,0
14604,0
14608,0
14612,0
14616,0
14620,0
14624,0
14628,0
14632,0
14636,0
14642,0
14644,0
14650,0
14652,0
14656,0
14660,0
14664,0
14668,0
14672,0
14676,0
14682,0
14686,0
14688,0
14694,0
14696,0
14702,0
14704,0
14710,0
14712,0
14716,0
14720,0
14726,0
14728,0
14732,0
14738,0
14740,0
14746,0
14750,0
14752,0
14758,0
14762,0
14764,0
14768,0
14774,0
14778,0
14782,0
14784,0
14788,0
14794,0
14796,0
14800,0
14806,0
14808,0
14814,0
14816,0
14820,0
14826,0
14830,0
14832,0
14838,0
14840,0
14846,0
14848,0
14852,0
14856,0
14860,0
14866,0
14868,0
14874,0
14876,0
14882,0
14884,0
14888,0
14892,0
14896,0
14902,0
14904,0
14910,0
14912,0
14916,0
14920,0
14926,0
14930,0
14932,0
14936,0
14940,0
14946,0
14948,0
14954,0
14958,0
14962,0
14964,0
14968,0
14974,0
14976,0
14982,0
14986,0
14988,0
14992,0
14996,0
15000,0
15006,0
15008,0
15012,0
15018,0
15020,0
15026,0
15030,0
15034,0
15038,0
15042,0
15046,0
15048,0
15052,0
15058,0
15060,0
15064,0
15070,0
15074,0
15076,0
15080,0
15086,0
15088,0
15094,0
15096,0
15102,0
15106,0
15110,0
15114,0
15118,0
15120,0
15124,0
15128,0
15132,0
15138,0
15140,0
15144,0
15148,0
15152,0
15156,0
15162,0
15164,0
15168,0
15172,0
15176,0
15180,0
15184,0
15190,0
15192,0
15196,0
15202,0
15206,0
15210,0
15212,0
15216,0
15220,0
15226,0
15228,0
15234,0
15238,0
15240,0
15246,0
15250,0
15254,0
15256,0
15262,0
15266,0
15270,0
15272,0
15276,0
15280,0
15284,0
15288,0
15294,0
15298,0
15302,0
15306,0
15310,0
15314,0
15316,0
15320,0
15326,0
15330,0
15332,0
15336,0
15342,0
15346,0
15350,0
15354,0
15358,0
15362,0
15366,0
15370,0
15374,0
15378,0
15382,0
15386,0
15390,0
15392,0
15398,0
15402,0
15406,0
15408,0
15414,0
15418,0
15422,0
15426,0
15430,0
15434,0
15438,0
15440,0
15446,0
15450,0
15454,0
15458,0
15462,0
15464,0
15468,0
15474,0
15476,0
15482,0
15484,0
15488,0
15494,0
15496,0
15500,0
15504,0
15508,0
15514,0
15518,0
15520,0
15524,0
15530,0
15534,0
15538,0
15542,0
15546,0
15550,0
15554,0
15556,0
15560,0
15566,0
15568,0
15572,0
15578,0
15582,0
15586,0
15588,0
15594,0
15596,0
15602,0
15604,0
15610,0
15612,0
15616,0
15622,0
15624,0
15628,0
15634,0
15636,0
15642,0
15646,0
15648,0
15654,0
15656,0
15660,0
15664,0
15668,0
15672,0
15676,0
15680,0
15686,0
15690,0
15692,0
15698,0
15702,0
15706,0
15708,0
15714,0
15716,0
15720,0
15724,0
15730,0
15734,0
15738,0
15742,0
15744,0
15750,0
15754,0
15758,0
15760,0
15764,0
15768,0
15774,0
15778,0
15780,0
15784,0
15788,0
15794,0
15798,0
15800,0
15806,0
15810,0
15812,0
15816,0
15820,0
15824,0
15830,0
15834,0
15838,0
15842,0
15844,0
15848,0
15854,0
15858,0
15862,0
15864,0
15870,0
15872,0
15876,0
15882,0
15884,0
15888,0
15894,0
15898,0
15900,0
15904,0
15908,0
15912,0
15916,0
15920,0
15924,0
15928,0
15932,0
15938,0
15940,0
15944,0
15950,0
15952,0
15958,0
15960,0
15966,0
15970,0
15974,0
15978,0
15980,0
15984,0
15988,0
15992,0
15996,0
16000,0
16004,0
16010,0
16014,0
16016,0
16020,0
16024,0
16030,0
16034,0
16038,0
16040,0
16046,0
16048,0
16054,0
16058,0
16062,0
16066,0
16068,0
16074,0
16076,0
16082,0
16084,0
16090,0
16092,0
16098,0
16102,0
16104,0
16110,0
16112,0
16118,0
16120,0
16126,0
16128,0
16134,0
16136,0
16142,0
16146,0
16150,0
16154,0
16156,0
16160,0
16166,0
16170,0
16174,0
16178,0
16182,0
16186,0
16190,0
16192,0
16196,0
16202,0
16204,0
16208,0
16212,0
16216,0
16220,0
16226,0
16230,0
16232,0
16236,0
16242,0
16246,0
16248,0
16254,0
16256,0
16262,0
16266,0
16270,0
16272,0
16278,0
16282,0
16284,0
16290,0
16294,0
16298,0
16302,0
16306,0
16308,0
16314,0
16316,0
16322,0
16326,0
16328,0
16334,0
16338,0
16340,0
16346,0
16350,0
16352,0
16358,0
16362,0
16366,0
16370,0
16372,0
16378,0
16380,0
16384,0
16388,0
16394,0
16398,0
16402,0
16404,0
16410,0
16412,0
16416,0
16422,0
16424,0
16428,0
16432,0
16436,0
16440,0
16446,0
16450,0
16454,0
16456,0
16462,0
16466,0
16470,0
16474,0
16478,0
16482,0
16486,0
16490,0
16492,0
16496,0
16502,0
16504,0
16510,0
16512,0
16518,0
16522,0
16526,0
16530,0
16532,0
16536,0
16540,0
16544,0
16550,0
16554,0
16556,0
16560,0
16566,0
16570,0
16574,0
16576,0
16580,0
16586,0
16588,0
16592,0
16596,0
16600,0
16604,0
16608,0
16614,0
16616,0
16622,0
16624,0
16628,0
16634,0
16638,0
16642,0
16646,0
16648,0
16652,0
16656,0
16662,0
16666,0
16670,0
16672,0
16678,0
16680,0
16684,0
16690,0
16692,0
16696,0
16702,0
16704,0
16708,0
16714,0
16716,0
16720,0
16726,0
16730,0
16734,0
16738,0
16740,0
16746,0
16750,0
16754,0
16756,0
16762,0
16766,0
16770,0
16772,0
16778,0
16782,0
16786,0
16788,0
16794,0
16796,0
16800,0
16806,0
16810,0
16814,0
16816,0
16820,0
16826,0
16828,0
16834,0
16838,0
16842,0
16846,0
16850,0
16852,0
16856,0
16862,0
16866,0
16870,0
16874,0
16878,0
16882,0
16886,0
16890,0
16894,0
16898,0
16902,0
16906,0
16910,0
16912,0
16918,0
16922,0
16924,0
16930,0
16932,0
16938,0
16940,0
16946,0
16950,0
16952,0
16956,0
16960,0
16966,0
16968,0
16972,0
16978,0
16982,0
16984,0
16988,0
16992,0
16996,0
17002,0
17004,0
17010,0
17014,0
17016,0
17020,0
17026,0
17030,0
17034,0
17036,0
17042,0
17046,0
17050,0
17052,0
17056,0
17060,0
17066,0
17070,0
17072,0
17076,0
17082,0
17086,0
17090,0
17092,0
17098,0
17100,0
17106,0
17108,0
17114,0
17118,0
17120,0
17126,0
17130,0
17132,0
17136,0
17140,0
17144,0
17148,0
17152,0
17156,0
17162,0
17166,0
17168,0
17172,0
17178,0
17180,0
17184,0
17188,0
17192,0
17196,0
17202,0
17206,0
17210,0
17214,0
17218,0
17222,0
17226,0
17230,0
17234,0
17238,0
17242,0
17246,0
17248,0
17252,0
17258,0
17262,0
17264,0
17270,0
17272,0
17276,0
17282,0
17284,0
17290,0
17294,0
17296,0
17300,0
17304,0
17308,0
17312,0
17318,0
17320,0
17324,0
17330,0
17332,0
17336,0
17342,0
17344,0
17350,0
17354,0
17358,0
17362,0
17364,0
17368,0
17374,0
17376,0
17380,0
17386,0
17388,0
17392,0
17396,0
17400,0
17406,0
17408,0
17412,0
17418,0
17420,0
17424,0
17430,0
17432,0
17436,0
17442,0
17446,0
17448,0
17452,0
17456,0
17462,0
17464,0
17470,0
17474,0
17478,0
17482,0
17484,0
17490,0
17494,0
17496,0
17500,0
17506,0
17508,0
17514,0
17518,0
17522,0
17524,0
17528,0
17532,0
17538,0
17540,0
17546,0
17548,0
17554,0
17556,0
17562,0
17564,0
17568,0
17574,0
17578,0
17580,0
17586,0
17588,0
17594,0
17596,0
17600,0
17606,0
17610,0
17612,0
17618,0
17622,0
17626,0
17628,0
17634,0
17636,0
17640,0
17644,0
17650,0
17652,0
17658,0
17662,0
17666,0
17670,0
17672,0
17678,0
17682,0
17684,0
17690,0
17692,0
17698,0
17702,0
17706,0
17710,0
17712,0
17716,0
17722,0
17726,0
17728,0
17734,0
17736,0
17742,0
17744,0
17748,0
17752,0
17756,0
17760,0
17764,0
17768,0
17774,0
17778,0
17782,0
17784,0
17790,0
17792,0
17796,0
17802,0
17804,0
17810,0
17814,0
17816,0
17820,0
17826,0
17830,0
17834,0
17838,0
17842,0
17846,0
17850,0
17854,0
17858,0
17860,0
17866,0
17870,0
17872,0
17878,0
17882,0
17886,0
17890,0
17892,0
17898,0
17900,0
17906,0
17910,0
17912,0
17916,0
17920,0
17926,0
17928,0
17932,0
17938,0
17942,0
17944,0
17948,0
17954,0
17958,0
17960,0
17964,0
17968,0
17974,0
17978,0
17980,0
17986,0
17990,0
17994,0
17996,0
18000,0
18006,0
18010,0
18012,0
18018,0
18020,0
18026,0
18030,0
18032,0
18038,0
18042,0
18044,0
18050,0
18054,0
18058,0
18062,0
18064,0
18070,0
18074,0
18078,0
18082,0
18086,0
18090,0
18092,0
18096,0
18100,0
18104,0
18108,0
18112,0
18118,0
18122,0
18126,0
18130,0
18134,0
18138,0
18142,0
18146,0
18150,0
18154,0
18158,0
18162,0
18164,0
18170,0
18174,0
18178,0
18182,0
18184,0
18188,0
18194,0
18196,0
18202,0
18204,0
18208,0
18214,0
18216,0
18220,0
18224,0
18230,0
18234,0
18238,0
18242,0
18244,0
18248,0
18252,0
18258,0
18262,0
18264,0
18287,0
18289,0
18295,0
18297,0
18303,0
18305,0
18311,0
18313,0
18319,0
18321,0
18327,0
18329,0
18335,0
18337,0
18343,0
18345,0
18351,0
18353,0
18359,0
18361,0
18367,0
18369,0
18375,0
18377,0
18383,0
18385,0
18391,0
18393,0
18399,0
18401,0
18407,0
18409,0
18415,0
18417,0
18423,0
18425,0
18431,0
18433,0
18439,0
18441,0
18447,0
18449,0
18455,0
18457,0
18463,0
18465,0
18471,0
18473,0
18479,0
18481,0
18487,0
18489,0
18495,0
18497,0
18503,0
18505,0
18511,0
18513,0
18519,0
18521,0
18525,0
18531,0
18533,0
18539,0
18541,0
18547,0
18549,0
18555,0
18557,0
18563,0
18565,0
18571,0
18573,0
18579,0
18581,0
18587,0
18589,0
18595,0
18597,0
18603,0
18605,0
18611,0
18613,0
18619,0
18621,0
18627,0
18629,0
18635,0
18637,0
18643,0
18645,0
18651,0
18653,0
18659,0
18661,0
18667,0
18669,0
18675,0
18679,0
18681,0
18687,0
18689,0
18695,0
18697,0
18703,0
18705,0
18711,0
18713,0
18719,0
18721,0
18727,0
18729,0
18735,0
18737,0
18743,0
18745,0
18751,0
18753,0
18759,0
18761,0
18767,0
18769,0
18773,0
18779,0
18781,0
18787,0
18789,0
18795,0
18797,0
18803,0
18805,0
18811,0
18813,0
18819,0
18821,0
18825,0
18831,0
18833,0
18839,0
18841,0
18847,0
18849,0
18855,0
18857,0
18863,0
18865,0
18871,0
18873,0
18879,0
18881,0
18887,0
18889,0
18895,0
18897,0
18903,0
18905,0
18911,0
18913,0
18919,0
18921,0
18927,0
18929,0
18935,0
18937,0
18943,0
18945,0
18951,0
18953,0
18959,0
18961,0
18967,0
18969,0
18975,0
18977,0
18983,0
18985,0
18991,0
18993,0
18999,0
19001,0
19005,0
19011,0
19013,0
19019,0
19021,0
19027,0
19029,0
19035,0
19037,0
19043,0
19045,0
19051,0
19053,0
19059,0
19061,0
19067,0
19069,0
19075,0
19077,0
19083,0
19085,0
19091,0
19093,0
19099,0
19101,0
19107,0
19109,0
19115,0
19117,0
19123,0
19125,0
19131,0
19133,0
19137,0
19143,0
19145,0
19151,0
19153,0
19159,0
19161,0
19167,0
19169,0
19175,0
19177,0
19183,0
19185,0
19191,0
19193,0
19199,0
19201,0
19207,0
19209,0
19215,0
19217,0
19223,0
19225,0
19231,0
19233,0
19239,0
19241,0
19247,0
19249,0
19255,0
19257,0
19263,0
19265,0
19271,0
19273,0
19279,0
19281,0
19287,0
19289,0
19295,0
19297,0
19303,0
19305,0
19309,0
19315,0
19317,0
19323,0
19325,0
19331,0
19333,0
19339,0
19341,0
19347,0
19349,0
19355,0
19357,0
19363,0
19365,0
19371,0
19373,0
19379,0
19381,0
19387,0
19389,0
19395,0
19397,0
19401,0
19407,0
19409,0
19415,0
19417,0
19423,0
19425,0
19431,0
19433,0
19437,0
19443,0
19445,0
19451,0
19453,0
19459,0
19461,0
19467,0
19469,0
19475,0
19477,0
19483,0
19485,0
19491,0
19493,0
19499,0
19501,0
19507,0
19509,0
19515,0
19517,0
19523,0
19525,0
19531,0
19533,0
19539,0
19541,0
19547,0
19549,0
19555,0
19557,0
19563,0
19565,0
19571,0
19573,0
19579,0
19581,0
19587,0
19589,0
19595,0
19597,0
19603,0
19605,0
19611,0
19613,0
19619,0
19621,0
19627,0
19629,0
19635,0
19637,0
19643,0
19645,0
19651,0
19653,0
19659,0
19661,0
19667,0
19669,0
19675,0
19677,0
19683,0
19685,0
19691,0
19693,0
19699,0
19701,0
19707,0
19709,0
19715,0
19717,0
19723,0
19725,0
19731,0
19733,0
19739,0
19741,0
19747,0
19749,0
19755,0
19757,0
19763,0
19765,0
19771,0
19773,0
19779,0
19781,0
19787,0
19789,0
19795,0
19797,0
19803,0
19805,0
19811,0
19813,0
19819,0
19821,0
19827,0
19829,0
19835,0
19837,0
19843,0
19845,0
19851,0
19853,0
19859,0
19861,0
19867,0
19869,0
19875,0
19877,0
19883,0
19885,0
19891,0
19893,0
19899,0
19901,0
19907,0
19909,0
19915,0
19917,0
19923,0
19925,0
19929,0
19935,0
19937,0
19943,0
19945,0
19951,0
19953,0
19959,0
19961,0
19967,0
19969,0
19975,0
19977,0
19983,0
19985,0
19991,0
19993,0
19999,0
20001,0
20007,0
20009,0
20015,0
20017,0
20023,0
20025,0
20031,0
20033,0
20039,0
20041,0
20047,0
20049,0
20055,0
20057,0
20063,0
20065,0
20071,0
20073,0
20079,0
20081,0
20087,0
20089,0
20095,0
20097,0
20103,0
20105,0
20111,0
20113,0
20119,0
20121,0
20127,0
20129,0
20135,0
20137,0
20143,0
20145,0
20151,0
20153,0
20159,0
20161,0
20167,0
20169,0
20175,0
20177,0
20181,0
20185,0
20191,0
20193,0
20199,0
20203,0
20207,0
20209,0
20215,0
20217,0
20223,0
20225,0
20231,0
20233,0
20239,0
20241,0
20247,0
20249,0
20255,0
20257,0
20263,0
20265,0
20271,0
20273,0
20279,0
20281,0
20287,0
20289,0
20295,0
20297,0
20301,0
20305,0
20311,0
20313,0
20319,0
20321,0
20327,0
20329,0
20335,0
20337,0
20343,0
20345,0
20351,0
20353,0
20359,0
20361,0
20367,0
20369,0
20375,0
20377,0
20383,0
20385,0
20391,0
20393,0
20399,0
20401,0
20407,0
20409,0
20415,0
20417,0
20423,0
20425,0
20431,0
20433,0
20439,0
20441,0
20447,0
20449,0
20453,0
20457,0
20463,0
20465,0
20471,0
20473,0
20477,0
20483,0
20485,0
20489,0
20495,0
20497,0
20503,0
20505,0
20511,0
20513,0
20519,0
20521,0
20527,0
20529,0
20535,0
20537,0
20543,0
20545,0
20551,0
20553,0
20559,0
20561,0
20567,0
20569,0
20575,0
20577,0
20581,0
20587,0
20589,0
20593,0
20599,0
20601,0
20607,0
20609,0
20613,0
20619,0
20621,0
20627,0
20629,0
20635,0
20637,0
20643,0
20645,0
20651,0
20653,0
20659,0
20661,0
20667,0
20669,0
20675,0
20677,0
20683,0
20685,0
20691,0
20693,0
20699,0
20701,0
20707,0
20709,0
20715,0
20717,0
20723,0
20725,0
20731,0
20733,0
20737,0
20743,0
20745,0
20751,0
20753,0
20759,0
20761,0
20767,0
20769,0
20775,0
20777,0
20783,0
20785,0
20791,0
20793,0
20799,0
20801,0
20807,0
20809,0
20815,0
20817,0
20823,0
20825,0
20831,0
20833,0
20839,0
20841,0
20847,0
20849,0
20855,0
20857,0
20863,0
20865,0
20871,0
20873,0
20879,0
20881,0
20887,0
20889,0
20895,0
20897,0
20903,0
20905,0
20911,0
20913,0
20919,0
20921,0
20927,0
20929,0
20935,0
20937,0
20943,0
20945,0
20951,0
20953,0
20959,0
20961,0
20967,0
20969,0
20975,0
20977,0
20983,0
20985,0
20991,0
20993,0
20999,0
21001,0
21007,0
21009,0
21015,0
21017,0
21023,0
21025,0
21031,0
21033,0
21039,0
21041,0
21047,0
21049,0
21055,0
21057,0
21063,0
21065,0
21071,0
21073,0
21079,0
21081,0
21087,0
21089,0
21095,0
21097,0
21103,0
21105,0
21111,0
21113,0
21119,0
21121,0
21127,0
21129,0
21135,0
21137,0
21143,0
21145,0
21149,0
21155,0
21157,0
21163,0
21165,0
21171,0
21173,0
21179,0
21181,0
21187,0
21189,0
21195,0
21197,0
21203,0
21205,0
21211,0
21213,0
21219,0
21221,0
21227,0
21229,0
21233,0
21239,0
21241,0
21247,0
21249,0
21255,0
21257,0
21263,0
21265,0
21271,0
21273,0
21279,0
21281,0
21285,0
21291,0
21293,0
21299,0
21301,0
21307,0
21309,0
21315,0
21317,0
21323,0
21325,0
21331,0
21333,0
21339,0
21341,0
21347,0
21349,0
21355,0
21357,0
21363,0
21365,0
21371,0
21373,0
21379,0
21381,0
21387,0
21389,0
21395,0
21397,0
21403,0
21405,0
21411,0
21413,0
21419,0
21421,0
21427,0
21429,0
21435,0
21437,0
21443,0
21445,0
21451,0
21453,0
21459,0
21461,0
21467,0
21469,0
21475,0
21477,0
21483,0
21485,0
21489,0
21493,0
21499,0
21501,0
21507,0
21511,0
21513,0
21519,0
21521,0
21527,0
21529,0
21535,0
21537,0
21543,0
21545,0
21551,0
21553,0
21559,0
21561,0
21567,0
21569,0
21575,0
21577,0
21583,0
21585,0
21591,0
21593,0
21599,0
21601,0
21605,0
21611,0
21613,0
21619,0
21621,0
21627,0
21629,0
21635,0
21637,0
21643,0
21645,0
21651,0
21653,0
21659,0
21661,0
21667,0
21669,0
21675,0
21677,0
21683,0
21685,0
21691,0
21693,0
21699,0
21701,0
21707,0
21709,0
21715,0
21717,0
21723,0
21725,0
21731,0
21733,0
21739,0
21741,0
21747,0
21749,0
21755,0
21757,0
21763,0
21765,0
21771,0
21773,0
21779,0
21781,0
21787,0
21789,0
21795,0
21797,0
21803,0
21805,0
21811,0
21813,0
21817,0
21823,0
21825,0
21831,0
21833,0
21839,0
21841,0
21847,0
21849,0
21855,0
21857,0
21863,0
21865,0
21871,0
21873,0
21879,0
21881,0
21887,0
21889,0
21895,0
21897,0
21903,0
21905,0
21911,0
21913,0
21919,0
21921,0
21927,0
21929,0
21935,0
21937,0
21943,0
21945,0
21951,0
21953,0
21959,0
21961,0
21967,0
21969,0
21975,0
21977,0
21983,0
21985,0
21991,0
21993,0
21999,0
22001,0
22007,0
22009,0
22015,0
22017,0
22023,0
22025,0
22031,0
22033,0
22039,0
22041,0
22047,0
22049,0
22055,0
22057,0
22063,0
22065,0
22071,0
22073,0
22079,0
22081,0
22087,0
22089,0
22095,0
22097,0
22103,0
22105,0
22111,0
22113,0
22119,0
22123,0
22125,0
22131,0
22133,0
22139,0
22141,0
22147,0
22149,0
22155,0
22157,0
22163,0
22165,0
22171,0
22173,0
22179,0
22181,0
22187,0
22189,0
22193,0
22199,0
22201,0
22205,0
22211,0
22213,0
22219,0
22221,0
22227,0
22229,0
22235,0
22237,0
22243,0
22245,0
22249,0
22255,0
22257,0
22263,0
22265,0
22271,0
22273,0
22279,0
22281,0
22287,0
22289,0
22295,0
22297,0
22303,0
22305,0
22311,0
22313,0
22319,0
22321,0
22327,0
22329,0
22335,0
22337,0
22343,0
22345,0
22351,0
22353,0
22359,0
22361,0
22367,0
22369,0
22375,0
22377,0
22383,0
22385,0
22391,0
22393,0
22399,0
22401,0
22407,0
22409,0
22415,0
22417,0
22421,0
22427,0
22429,0
22435,0
22437,0
22443,0
22445,0
22451,0
22453,0
22459,0
22461,0
22467,0
22469,0
22473,0
22479,0
22481,0
22487,0
22489,0
22495,0
22497,0
22503,0
22505,0
22511,0
22513,0
22519,0
22521,0
22527,0
22529,0
22535,0
22537,0
22541,0
22547,0
22549,0
22553,0
22557,0
22563,0
22565,0
22571,0
22573,0
22579,0
22581,0
22587,0
22589,0
22595,0
22597,0
22603,0
22605,0
22611,0
22613,0
22619,0
22621,0
22625,0
22631,0
22633,0
22639,0
22641,0
22647,0
22649,0
22655,0
22657,0
22663,0
22665,0
22671,0
22673,0
22679,0
22681,0
22687,0
22689,0
22695,0
22697,0
22703,0
22705,0
22711,0
22713,0
22717,0
22723,0
22725,0
22731,0
22733,0
22737,0
22743,0
22745,0
22751,0
22753,0
22759,0
22761,0
22767,0
22769,0
22775,0
22777,0
22783,0
22785,0
22789,0
22795,0
22797,0
22803,0
22805,0
22811,0
22813,0
22819,0
22821,0
22827,0
22829,0
22835,0
22837,0
22843,0
22845,0
22851,0
22853,0
22859,0
22861,0
22867,0
22869,0
22873,0
22879,0
22881,0
22885,0
22891,0
22893,0
22899,0
22901,0
22907,0
22909,0
22913,0
22919,0
22921,0
22927,0
22929,0
22933,0
22939,0
22941,0
22947,0
22949,0
22955,0
22957,0
22963,0
22965,0
22971,0
22973,0
22979,0
22981,0
22985,0
22991,0
22993,0
22999,0
23001,0
23007,0
23009,0
23015,0
23017,0
23023,0
23025,0
23031,0
23033,0
23039,0
23041,0
23047,0
23049,0
23055,0
23057,0
23063,0
23065,0
23071,0
23073,0
23079,0
23081,0
23087,0
23089,0
23095,0
23097,0
23103,0
23105,0
23111,0
23113,0
23119,0
23123,0
23125,0
23131,0
23133,0
23139,0
23143,0
23145,0
23151,0
23153,0
23159,0
23161,0
23167,0
23169,0
23175,0
23177,0
23183,0
23185,0
23191,0
23193,0
23199,0
23201,0
23207,0
23211,0
23215,0
23219,0
23221,0
23227,0
23229,0
23235,0
23237,0
23243,0
23245,0
23251,0
23253,0
23259,0
23261,0
23265,0
23271,0
23273,0
23277,0
23283,0
23285,0
23291,0
23293,0
23299,0
23301,0
23307,0
23309,0
23315,0
23317,0
23323,0
23325,0
23331,0
23333,0
23337,0
23341,0
23345,0
23351,0
23353,0
23359,0
23361,0
23367,0
23369,0
23375,0
23377,0
23383,0
23385,0
23391,0
23393,0
23399,0
23401,0
23407,0
23409,0
23415,0
23417,0
23423,0
23425,0
23431,0
23433,0
23439,0
23441,0
23447,0
23449,0
23455,0
23457,0
23463,0
23465,0
23471,0
23473,0
23477,0
23481,0
23487,0
23489,0
23495,0
23497,0
23501,0
23507,0
23509,0
23515,0
23517,0
23523,0
23525,0
23531,0
23533,0
23539,0
23541,0
23547,0
23549,0
23555,0
23557,0
23563,0
23565,0
23569,0
23575,0
23577,0
23583,0
23585,0
23591,0
23593,0
23599,0
23601,0
23607,0
23609,0
23613,0
23619,0
23621,0
23627,0
23629,0
23635,0
23637,0
23641,0
23645,0
23651,0
23653,0
23657,0
23661,0
23665,0
23669,0
23673,0
23677,0
23683,0
23687,0
23689,0
23695,0
23697,0
23703,0
23705,0
23711,0
23713,0
23719,0
23721,0
23727,0
23729,0
23735,0
23737,0
23743,0
23745,0
23751,0
23753,0
23759,0
23761,0
23767,0
23769,0
23775,0
23777,0
23783,0
23785,0
23791,0
23793,0
23799,0
23801,0
23807,0
23809,0
23815,0
23817,0
23823,0
23825,0
23831,0
23833,0
23837,0
23843,0
23845,0
23851,0
23853,0
23859,0
23861,0
23867,0
23869,0
23875,0
23877,0
23883,0
23885,0
23891,0
23893,0
23899,0
23901,0
23907,0
23909,0
23913,0
23919,0
23921,0
23927,0
23929,0
23935,0
23937,0
23943,0
23945,0
23951,0
23953,0
23959,0
23961,0
23967,0
23969,0
23975,0
23977,0
23983,0
23985,0
23991,0
23993,0
23999,0
24001,0
24007,0
24009,0
24015,0
24017,0
24023,0
24025,0
24031,0
24033,0
24039,0
24041,0
24045,0
24051,0
24053,0
24059,0
24061,0
24067,0
24069,0
24075,0
24077,0
24083,0
24085,0
24091,0
24093,0
24099,0
24101,0
24107,0
24109,0
24115,0
24117,0
24123,0
24125,0
24131,0
24133,0
24139,0
24141,0
24147,0
24149,0
24155,0
24157,0
24163,0
24165,0
24171,0
24173,0
24179,0
24181,0
24187,0
24189,0
24193,0
24199,0
24201,0
24207,0
24209,0
24215,0
24217,0
24223,0
24225,0
24231,0
24233,0
24239,0
24241,0
24247,0
24249,0
24255,0
24257,0
24263,0
24265,0
24271,0
24273,0
24277,0
24283,0
24285,0
24291,0
24293,0
24299,0
24301,0
24307,0
24309,0
24315,0
24317,0
24323,0
24325,0
24331,0
24333,0
24339,0
24341,0
24347,0
24349,0
24355,0
24357,0
24363,0
24365,0
24371,0
24373,0
24379,0
24381,0
24387,0
24389,0
24393,0
24399,0
24401,0
24407,0
24409,0
24415,0
24417,0
24423,0
24425,0
24431,0
24433,0
24439,0
24441,0
24447,0
24449,0
24455,0
24457,0
24463,0
24465,0
24469,0
24475,0
24477,0
24483,0
24485,0
24491,0
24493,0
24499,0
24501,0
24507,0
24509,0
24515,0
24517,0
24523,0
24525,0
24531,0
24533,0
24539,0
24541,0
24547,0
24549,0
24555,0
24557,0
24563,0
24565,0
24571,0
24573,0
24579,0
24581,0
24587,0
24589,0
24595,0
24597,0
24603,0
24605,0
24611,0
24613,0
24619,0
24621,0
24627,0
24629,0
24633,0
24639,0
24641,0
24647,0
24649,0
24655,0
24657,0
24663,0
24665,0
24671,0
24673,0
24679,0
24681,0
24687,0
24689,0
24695,0
24697,0
24703,0
24705,0
24711,0
24713,0
24719,0
24721,0
24727,0
24729,0
24735,0
24737,0
24743,0
24745,0
24751,0
24753,0
24759,0
24761,0
24765,0
24771,0
24773,0
24779,0
24783,0
24785,0
24789,0
24795,0
24797,0
24803,0
24805,0
24811,0
24813,0
24819,0
24821,0
24827,0
24831,0
24835,0
24839,0
24843,0
24845,0
24851,0
24853,0
24859,0
24861,0
24867,0
24869,0
24875,0
24877,0
24883,0
24885,0
24891,0
24893,0
24899,0
24901,0
24907,0
24909,0
24913,0
24919,0
24921,0
24925,0
24931,0
24933,0
24939,0
24941,0
24947,0
24949,0
24955,0
24957,0
24963,0
24965,0
24971,0
24973,0
24979,0
24981,0
24987,0
24989,0
24993,0
24999,0
25001,0
25007,0
25009,0
25015,0
25017,0
25023,0
25025,0
25031,0
25033,0
25039,0
25043,0
25045,0
25051,0
25053,0
25059,0
25061,0
25065,0
25071,0
25073,0
25079,0
25081,0
25087,0
25089,0
25095,0
25097,0
25103,0
25105,0
25111,0
25113,0
25119,0
25121,0
25127,0
25129,0
25133,0
25137,0
25143,0
25145,0
25151,0
25153,0
25159,0
25161,0
25165,0
25171,0
25173,0
25179,0
25181,0
25185,0
25191,0
25193,0
25197,0
25203,0
25207,0
25209,0
25213,0
25219,0
25221,0
25227,0
25229,0
25235,0
25237,0
25243,0
25245,0
25249,0
25255,0
25259,0
25261,0
25267,0
25269,0
25273,0
25279,0
25281,0
25287,0
25289,0
25295,0
25297,0
25303,0
25305,0
25311,0
25313,0
25319,0
25321,0
25327,0
25329,0
25335,0
25337,0
25343,0
25345,0
25351,0
25353,0
25359,0
25361,0
25367,0
25369,0
25375,0
25377,0
25383,0
25385,0
25391,0
25393,0
25399,0
25401,0
25407,0
25409,0
25415,0
25417,0
25423,0
25425,0
25431,0
25433,0
25439,0
25441,0
25447,0
25449,0
25455,0
25457,0
25463,0
25465,0
25471,0
25473,0
25479,0
25481,0
25487,0
25489,0
25495,0
25497,0
25503,0
25505,0
25511,0
25513,0
25519,0
25521,0
25527,0
25529,0
25535,0
25537,0
25543,0
25545,0
25551,0
25555,0
25557,0
25563,0
25565,0
25571,0
25573,0
25579,0
25581,0
25587,0
25589,0
25595,0
25597,0
25603,0
25605,0
25611,0
25613,0
25619,0
25621,0
25627,0
25629,0
25635,0
25637,0
25643,0
25645,0
25651,0
25653,0
25659,0
25661,0
25667,0
25669,0
25675,0
25677,0
25683,0
25687,0
25689,0
25695,0
25697,0
25703,0
25705,0
25711,0
25713,0
25719,0
25721,0
25727,0
25729,0
25735,0
25737,0
25743,0
25745,0
25751,0
25753,0
25759,0
25761,0
25767,0
25769,0
25775,0
25777,0
25783,0
25785,0
25791,0
25793,0
25799,0
25801,0
25807,0
25809,0
25815,0
25817,0
25823,0
25825,0
25831,0
25833,0
25839,0
25841,0
25847,0
25849,0
25855,0
25857,0
25863,0
25865,0
25871,0
25873,0
25879,0
25881,0
25887,0
25889,0
25895,0
25897,0
25903,0
25905,0
25911,0
25913,0
25919,0
25921,0
25927,0
25929,0
25933,0
25939,0
25941,0
25947,0
25949,0
25955,0
25957,0
25963,0
25965,0
25971,0
25973,0
25979,0
25981,0
25987,0
25989,0
25995,0
25997,0
26003,0
26005,0
26011,0
26013,0
26019,0
26021,0
26027,0
26029,0
26035,0
26037,0
26043,0
26045,0
26051,0
26053,0
26059,0
26061,0
26067,0
26069,0
26075,0
26077,0
26083,0
26085,0
26091,0
26093,0
26099,0
26101,0
26105,0
26111,0
26113,0
26119,0
26121,0
26127,0
26131,0
26133,0
26139,0
26141,0
26147,0
26149,0
26155,0
26157,0
26163,0
26165,0
26171,0
26173,0
26179,0
26181,0
26187,0
26189,0
26195,0
26197,0
26203,0
26205,0
26211,0
26213,0
26219,0
26221,0
26227,0
26229,0
26235,0
26237,0
26243,0
26245,0
26251,0
26253,0
26259,0
26261,0
26267,0
26269,0
26275,0
26277,0
26283,0
26285,0
26291,0
26293,0
26299,0
26301,0
26307,0
26309,0
26315,0
26319,0
26321,0
26327,0
26329,0
26335,0
26337,0
26343,0
26345,0
26349,0
26355,0
26357,0
26363,0
26365,0
26371,0
26373,0
26379,0
26381,0
26387,0
26389,0
26395,0
26397,0
26403,0
26405,0
26409,0
26415,0
26417,0
26423,0
26425,0
26431,0
26433,0
26439,0
26441,0
26447,0
26449,0
26455,0
26457,0
26463,0
26465,0
26471,0
26473,0
26479,0
26481,0
26487,0
26489,0
26495,0
26497,0
26503,0
26505,0
26509,0
26515,0
26517,0
26523,0
26525,0
26531,0
26533,0
26537,0
26543,0
26545,0
26551,0
26555,0
26557,0
26563,0
26565,0
26571,0
26573,0
26579,0
26581,0
26587,0
26589,0
26595,0
26597,0
26603,0
26605,0
26611,0
26613,0
26619,0
26621,0
26627,0
26629,0
26633,0
26637,0
26643,0
26645,0
26651,0
26653,0
26659,0
26661,0
26667,0
26669,0
26675,0
26677,0
26683,0
26685,0
26691,0
26693,0
26699,0
26701,0
26705,0
26711,0
26713,0
26717,0
26723,0
26725,0
26731,0
26733,0
26739,0
26741,0
26747,0
26749,0
26755,0
26759,0
26761,0
26767,0
26769,0
26775,0
26777,0
26783,0
26785,0
26791,0
26793,0
26799,0
26801,0
26805,0
26811,0
26813,0
26819,0
26821,0
26827,0
26829,0
26835,0
26837,0
26843,0
26845,0
26851,0
26853,0
26859,0
26861,0
26867,0
26869,0
26875,0
26877,0
26883,0
26885,0
26889,0
26895,0
26897,0
26901,0
26907,0
26909,0
26915,0
26917,0
26923,0
26925,0
26931,0
26933,0
26939,0
26941,0
26945,0
26951,0
26953,0
26959,0
26961,0
26965,0
26971,0
26973,0
26979,0
26981,0
26987,0
26989,0
26995,0
26997,0
27001,0
27007,0
27009,0
27015,0
27017,0
27023,0
27025,0
27031,0
27033,0
27037,0
27043,0
27045,0
27051,0
27053,0
27059,0
27061,0
27067,0
27069,0
27075,0
27079,0
27081,0
27087,0
27089,0
27095,0
27097,0
27103,0
27105,0
27111,0
27113,0
27119,0
27121,0
27127,0
27129,0
27135,0
27137,0
27143,0
27147,0
27149,0
27155,0
27157,0
27163,0
27165,0
27171,0
27173,0
27179,0
27181,0
27185,0
27191,0
27193,0
27199,0
27201,0
27207,0
27209,0
27215,0
27217,0
27223,0
27225,0
27231,0
27233,0
27239,0
27243,0
27245,0
27251,0
27253,0
27259,0
27261,0
27267,0
27269,0
27275,0
27277,0
27283,0
27285,0
27291,0
27293,0
27299,0
27301,0
27305,0
27311,0
27313,0
27317,0
27323,0
27325,0
27329,0
27335,0
27337,0
27343,0
27345,0
27351,0
27353,0
27359,0
27361,0
27367,0
27369,0
27375,0
27377,0
27383,0
27385,0
27391,0
27393,0
27399,0
27401,0
27407,0
27409,0
27415,0
27417,0
27423,0
27425,0
27431,0
27433,0
27439,0
27441,0
27447,0
27449,0
27455,0
27457,0
27463,0
27465,0
27471,0
27473,0
27479,0
27481,0
27487,0
27489,0
27495,0
27499,0
27501,0
27507,0
27509,0
27513,0
27519,0
27521,0
27527,0
27529,0
27535,0
27537,0
27543,0
27545,0
27551,0
27553,0
27559,0
27561,0
27567,0
27569,0
27575,0
27577,0
27583,0
27585,0
27591,0
27595,0
27597,0
27601,0
27607,0
27609,0
27615,0
27617,0
27623,0
27625,0
27631,0
27633,0
27639,0
27641,0
27645,0
27651,0
27653,0
27659,0
27661,0
27667,0
27669,0
27675,0
27677,0
27683,0
27685,0
27691,0
27693,0
27699,0
27701,0
27705,0
27711,0
27713,0
27719,0
27721,0
27727,0
27729,0
27735,0
27739,0
27741,0
27747,0
27749,0
27755,0
27757,0
27763,0
27765,0
27771,0
27773,0
27779,0
27781,0
27787,0
27789,0
27795,0
27797,0
27803,0
27805,0
27811,0
27813,0
27819,0
27821,0
27827,0
27829,0
27835,0
27837,0
27843,0
27845,0
27851,0
27853,0
27859,0
27861,0
27867,0
27869,0
27875,0
27877,0
27883,0
27885,0
27891,0
27893,0
27899,0
27901,0
27907,0
27909,0
27915,0
27917,0
27923,0
27925,0
27931,0
27935,0
27937,0
27943,0
27945,0
27951,0
27953,0
27959,0
27961,0
27965,0
27971,0
27973,0
27979,0
27981,0
27987,0
27989,0
27995,0
27997,0
28003,0
28005,0
28009,0
28013,0
28019,0
28021,0
28027,0
28029,0
28035,0
28037,0
28043,0
28045,0
28051,0
28053,0
28059,0
28061,0
28067,0
28069,0
28075,0
28077,0
28083,0
28085,0
28091,0
28093,0
28099,0
28103,0
28105,0
28109,0
28115,0
28117,0
28123,0
28125,0
28131,0
28133,0
28139,0
28141,0
28147,0
28149,0
28155,0
28157,0
28163,0
28165,0
28171,0
28173,0
28179,0
28181,0
28187,0
28191,0
28193,0
28199,0
28201,0
28207,0
28209,0
28215,0
28217,0
28223,0
28225,0
28231,0
28233,0
28239,0
28241,0
28245,0
28251,0
28253,0
28257,0
28263,0
28265,0
28271,0
28273,0
28277,0
28283,0
28285,0
28291,0
28293,0
28299,0
28301,0
28307,0
28309,0
28315,0
28317,0
28323,0
28325,0
28331,0
28333,0
28337,0
28343,0
28345,0
28351,0
28353,0
28359,0
28361,0
28367,0
28369,0
28375,0
28377,0
28383,0
28385,0
28391,0
28393,0
28397,0
28403,0
28405,0
28411,0
28413,0
28419,0
28421,0
28427,0
28429,0
28435,0
28439,0
28441,0
28445,0
28451,0
28453,0
28459,0
28461,0
28467,0
28469,0
28475,0
28477,0
28483,0
28485,0
28491,0
28493,0
28499,0
28501,0
28507,0
28509,0
28515,0
28517,0
28521,0
28527,0
28529,0
28535,0
28537,0
28541,0
28547,0
28549,0
28555,0
28557,0
28563,0
28565,0
28571,0
28573,0
28579,0
28583,0
28585,0
28591,0
28593,0
28597,0
28601,0
28607,0
28609,0
28615,0
28617,0
28623,0
28625,0
28631,0
28633,0
28637,0
28643,0
28645,0
28649,0
28653,0
28659,0
28661,0
28667,0
28669,0
28675,0
28677,0
28683,0
28685,0
28691,0
28693,0
28699,0
28701,0
28707,0
28709,0
28715,0
28717,0
28723,0
28725,0
28731,0
28733,0
28737,0
28743,0
28745,0
28749,0
28753,0
28759,0
28761,0
28765,0
28771,0
28773,0
28779,0
28781,0
28787,0
28789,0
28795,0
28797,0
28803,0
28805,0
28811,0
28813,0
28819,0
28821,0
28827,0
28829,0
28833,0
28839,0
28841,0
28847,0
28849,0
28855,0
28857,0
28863,0
28865,0
28871,0
28873,0
28879,0
28881,0
28887,0
28889,0
28895,0
28897,0
28903,0
28905,0
28909,0
28915,0
28917,0
28923,0
28925,0
28931,0
28933,0
28939,0
28941,0
28947,0
28949,0
28953,0
28957,0
28963,0
28965,0
28971,0
28973,0
28979,0
28981,0
28985,0
28991,0
28993,0
28999,0
29001,0
29007,0
29009,0
29015,0
29017,0
29023,0
29025,0
29031,0
29033,0
29037,0
29043,0
29045,0
29049,0
29055,0
29057,0
29061,0
29067,0
29069,0
29075,0
29077,0
29081,0
29085,0
29089,0
29095,0
29097,0
29101,0
29105,0
29109,0
29113,0
29119,0
29121,0
29127,0
29129,0
29135,0
29137,0
29143,0
29145,0
29151,0
29153,0
29157,0
29163,0
29165,0
29169,0
29175,0
29177,0
29181,0
29187,0
29189,0
29195,0
29197,0
29201,0
29207,0
29209,0
29215,0
29217,0
29223,0
29225,0
29229,0
29235,0
29237,0
29243,0
29245,0
29249,0
29253,0
29259,0
29261,0
29267,0
29269,0
29275,0
29277,0
29281,0
29287,0
29289,0
29295,0
29297,0
29303,0
29305,0
29309,0
29315,0
29317,0
29323,0
29325,0
29331,0
29333,0
29337,0
29343,0
29345,0
29351,0
29353,0
29359,0
29361,0
29367,0
29369,0
29375,0
29379,0
29381,0
29387,0
29389,0
29395,0
29397,0
29403,0
29405,0
29411,0
29413,0
29419,0
29421,0
29427,0
29429,0
29435,0
29437,0
29443,0
29445,0
29451,0
29453,0
29459,0
29461,0
29467,0
29469,0
29473,0
29479,0
29481,0
29487,0
29489,0
29495,0
29497,0
29501,0
29507,0
29511,0
29513,0
29519,0
29521,0
29527,0
29529,0
29535,0
29537,0
29543,0
29547,0
29549,0
29555,0
29557,0
29563,0
29565,0
29569,0
29573,0
29577,0
29583,0
29585,0
29591,0
29595,0
29597,0
29603,0
29605,0
29609,0
29615,0
29617,0
29623,0
29625,0
29631,0
29633,0
29639,0
29641,0
29647,0
29649,0
29655,0
29657,0
29663,0
29665,0
29671,0
29675,0
29677,0
29683,0
29685,0
29689,0
29695,0
29697,0
29703,0
29705,0
29711,0
29713,0
29717,0
29723,0
29725,0
29731,0
29735,0
29737,0
29743,0
29745,0
29751,0
29753,0
29759,0
29761,0
29767,0
29769,0
29775,0
29777,0
29783,0
29785,0
29789,0
29795,0
29797,0
29803,0
29805,0
29811,0
29813,0
29819,0
29821,0
29827,0
29829,0
29835,0
29837,0
29843,0
29845,0
29849,0
29855,0
29857,0
29863,0
29865,0
29871,0
29873,0
29879,0
29881,0
29887,0
29889,0
29895,0
29897,0
29903,0
29905,0
29911,0
29913,0
29919,0
29921,0
29925,0
29931,0
29933,0
29939,0
29941,0
29947,0
29949,0
29955,0
29957,0
29961,0
29967,0
29969,0
29975,0
29977,0
29983,0
29985,0
29991,0
29993,0
29999,0
30001,0
30005,0
30011,0
30013,0
30019,0
30021,0
30027,0
30031,0
30033,0
30039,0
30041,0
30047,0
30049,0
30055,0
30057,0
30061,0
30067,0
30069,0
30075,0
30077,0
30083,0
30085,0
30091,0
30093,0
30099,0
30101,0
30107,0
30109,0
30115,0
30117,0
30123,0
30127,0
30129,0
30135,0
30137,0
30143,0
30145,0
30151,0
30153,0
30159,0
30161,0
30167,0
30169,0
30175,0
30179,0
30181,0
30187,0
30189,0
30195,0
30197,0
30203,0
30205,0
30211,0
30213,0
30219,0
30221,0
30227,0
30229,0
30235,0
30237,0
30243,0
30245,0
30251,0
30253,0
30257,0
30263,0
30267,0
30269,0
30275,0
30277,0
30283,0
30287,0
30289,0
30295,0
30297,0
30303,0
30305,0
30311,0
30313,0
30317,0
30323,0
30325,0
30331,0
30333,0
30339,0
30341,0
30345,0
30351,0
30353,0
30357,0
30363,0
30365,0
30371,0
30373,0
30379,0
30381,0
30385,0
30389,0
30395,0
30397,0
30403,0
30405,0
30411,0
30413,0
30419,0
30421,0
30427,0
30429,0
30435,0
30437,0
30443,0
30445,0
30451,0
30453,0
30459,0
30461,0
30467,0
30469,0
30475,0
30477,0
30483,0
30485,0
30491,0
30493,0
30499,0
30501,0
30507,0
30509,0
30515,0
30517,0
30523,0
30525,0
30531,0
30533,0
30539,0
30541,0
30547,0
30549,0
30555,0
30557,0
30563,0
30565,0
30571,0
30573,0
30579,0
30581,0
30587,0
30589,0
30595,0
30597,0
30603,0
30605,0
30611,0
30613,0
30619,0
30621,0
30627,0
30629,0
30633,0
30639,0
30641,0
30647,0
30649,0
30655,0
30657,0
30663,0
30665,0
30671,0
30673,0
30679,0
30681,0
30687,0
30689,0
30695,0
30697,0
30703,0
30705,0
30711,0
30713,0
30719,0
30721,0
30727,0
30729,0
30735,0
30737,0
30743,0
30745,0
30751,0
30753,0
30759,0
30761,0
30767,0
30769,0
30775,0
30777,0
30783,0
30785,0
30791,0
30793,0
30799,0
30801,0
30807,0
30809,0
30815,0
30817,0
30823,0
30825,0
30831,0
30833,0
30839,0
30841,0
30847,0
30849,0
30855,0
30857,0
30863,0
30865,0
30871,0
30873,0
30879,0
30881,0
30887,0
30889,0
30895,0
30897,0
30903,0
30905,0
30911,0
30913,0
30919,0
30923,0
30925,0
30931,0
30933,0
30939,0
30941,0
30947,0
30951,0
30953,0
30959,0
30961,0
30967,0
30969,0
30973,0
30979,0
30981,0
30987,0
30989,0
30995,0
30997,0
31003,0
31005,0
31011,0
31013,0
31019,0
31023,0
31025,0
31029,0
31035,0
31037,0
31043,0
31045,0
31051,0
31053,0
31059,0
31061,0
31067,0
31069,0
31075,0
31077,0
31083,0
31085,0
31091,0
31093,0
31099,0
31101,0
31107,0
31109,0
31115,0
31117,0
31121,0
31127,0
31129,0
31135,0
31137,0
31143,0
31145,0
31151,0
31153,0
31159,0
31161,0
31167,0
31169,0
31175,0
31177,0
31183,0
31185,0
31191,0
31193,0
31199,0
31201,0
31207,0
31209,0
31215,0
31219,0
31221,0
31227,0
31229,0
31235,0
31237,0
31243,0
31245,0
31249,0
31255,0
31257,0
31261,0
31267,0
31269,0
31275,0
31277,0
31283,0
31285,0
31291,0
31293,0
31299,0
31301,0
31307,0
31309,0
31315,0
31317,0
31321,0
31327,0
31329,0
31335,0
31337,0
31343,0
31345,0
31351,0
31353,0
31359,0
31361,0
31367,0
31369,0
31375,0
31377,0
31383,0
31385,0
31391,0
31393,0
31399,0
31401,0
31407,0
31409,0
31415,0
31417,0
31423,0
31425,0
31431,0
31433,0
31439,0
31441,0
31447,0
31451,0
31453,0
31459,0
31461,0
31467,0
31469,0
31475,0
31477,0
31481,0
31487,0
31489,0
31495,0
31497,0
31503,0
31505,0
31509,0
31515,0
31517,0
31523,0
31525,0
31529,0
31535,0
31537,0
31543,0
31545,0
31551,0
31553,0
31559,0
31561,0
31567,0
31569,0
31575,0
31577,0
31581,0
31587,0
31589,0
31595,0
31597,0
31601,0
31605,0
31611,0
31613,0
31619,0
31621,0
31627,0
31629,0
31635,0
31639,0
31641,0
31647,0
31649,0
31655,0
31657,0
31663,0
31665,0
31671,0
31673,0
31679,0
31681,0
31687,0
31691,0
31695,0
31697,0
31701,0
31707,0
31709,0
31713,0
31719,0
31721,0
31727,0
31731,0
31733,0
31739,0
31743,0
31745,0
31751,0
31755,0
31757,0
31763,0
31765,0
31771,0
31775,0
31777,0
31783,0
31785,0
31791,0
31795,0
31797,0
31803,0
31805,0
31811,0
31813,0
31819,0
31821,0
31827,0
31829,0
31835,0
31837,0
31843,0
31845,0
31851,0
31853,0
31859,0
31861,0
31867,0
31869,0
31873,0
31879,0
31881,0
31887,0
31889,0
31895,0
31897,0
31903,0
31905,0
31911,0
31913,0
31919,0
31921,0
31927,0
31929,0
31935,0
31937,0
31943,0
31945,0
31951,0
31953,0
31957,0
31963,0
31965,0
31971,0
31975,0
31977,0
31983,0
31985,0
31991,0
31993,0
31999,0
32001,0
32007,0
32009,0
32015,0
32017,0
32023,0
32025,0
32031,0
32033,0
32037,0
32043,0
32045,0
32051,0
32053,0
32059,0
32061,0
32067,0
32069,0
32075,0
32077,0
32083,0
32085,0
32091,0
32093,0
32099,0
32101,0
32107,0
32109,0
32115,0
32117,0
32123,0
32125,0
32131,0
32133,0
32139,0
32141,0
32147,0
32149,0
32153,0
32159,0
32161,0
32167,0
32169,0
32175,0
32177,0
32181,0
32187,0
32189,0
32195,0
32197,0
32203,0
32205,0
32211,0
32213,0
32219,0
32221,0
32227,0
32229,0
32235,0
32239,0
32241,0
32247,0
32249,0
32255,0
32257,0
32263,0
32265,0
32271,0
32273,0
32279,0
32281,0
32287,0
32289,0
32293,0
32299,0
32301,0
32307,0
32309,0
32315,0
32317,0
32323,0
32325,0
32331,0
32333,0
32339,0
32341,0
32347,0
32349,0
32355,0
32357,0
32363,0
32367,0
32369,0
32375,0
32377,0
32381,0
32385,0
32389,0
32395,0
32397,0
32403,0
32405,0
32411,0
32413,0
32419,0
32421,0
32427,0
32431,0
32433,0
32437,0
32443,0
32445,0
32451,0
32453,0
32459,0
32461,0
32467,0
32469,0
32475,0
32477,0
32483,0
32485,0
32491,0
32493,0
32499,0
32501,0
32507,0
32509,0
32515,0
32517,0
32523,0
32525,0
32531,0
32533,0
32539,0
32541,0
32547,0
32549,0
32555,0
32557,0
32563,0
32565,0
32571,0
32573,0
32579,0
32581,0
32587,0
32589,0
32595,0
32597,0
32603,0
32605,0
32611,0
32613,0
32617,0
32623,0
32625,0
32629,0
32633,0
32639,0
32641,0
32647,0
32649,0
32653,0
32657,0
32663,0
32665,0
32669,0
32673,0
32677,0
32683,0
32685,0
32689,0
32693,0
32699,0
32701,0
32707,0
32709,0
32715,0
32717,0
32723,0
32725,0
32731,0
32735,0
32737,0
32743,0
32745,0
32751,0
32753,0
32759,0
32761,0
32765,0
32771,0
32773,0
32779,0
32781,0
32787,0
32789,0
32795,0
32797,0
32803,0
32805,0
32811,0
32813,0
32819,0
32821,0
32827,0
32829,0
32835,0
32837,0
32843,0
32845,0
32849,0
32855,0
32857,0
32861,0
32867,0
32869,0
32875,0
32877,0
32883,0
32885,0
32891,0
32893,0
32899,0
32901,0
32907,0
32909,0
32913,0
32917,0
32923,0
32925,0
32931,0
32933,0
32939,0
32941,0
32947,0
32949,0
32955,0
32959,0
32961,0
32965,0
32971,0
32973,0
32979,0
32981,0
32987,0
32989,0
32993,0
32999,0
33001,0
33007,0
33009,0
33015,0
33017,0
33023,0
33025,0
33031,0
33033,0
33039,0
33041,0
33047,0
33049,0
33055,0
33057,0
33061,0
33067,0
33069,0
33075,0
33077,0
33083,0
33085,0
33091,0
33093,0
33099,0
33103,0
33105,0
33109,0
33115,0
33117,0
33123,0
33125,0
33131,0
33133,0
33139,0
33141,0
33147,0
33151,0
33153,0
33159,0
33161,0
33165,0
33169,0
33175,0
33177,0
33183,0
33185,0
33191,0
33193,0
33199,0
33201,0
33207,0
33209,0
33215,0
33217,0
33223,0
33225,0
33231,0
33235,0
33237,0
33243,0
33245,0
33251,0
33253,0
33257,0
33263,0
33265,0
33271,0
33273,0
33279,0
33281,0
33287,0
33289,0
33295,0
33297,0
33303,0
33305,0
33311,0
33313,0
33317,0
33323,0
33325,0
33331,0
33333,0
33339,0
33341,0
33347,0
33349,0
33355,0
33357,0
33363,0
33365,0
33371,0
33373,0
33379,0
33381,0
33387,0
33389,0
33395,0
33397,0
33403,0
33405,0
33411,0
33413,0
33419,0
33421,0
33427,0
33429,0
33435,0
33437,0
33443,0
33445,0
33451,0
33453,0
33457,0
33463,0
33465,0
33471,0
33473,0
33479,0
33481,0
33487,0
33489,0
33495,0
33497,0
33503,0
33505,0
33509,0
33515,0
33517,0
33523,0
33525,0
33529,0
33535,0
33537,0
33543,0
33545,0
33549,0
33555,0
33557,0
33563,0
33565,0
33569,0
33575,0
33577,0
33583,0
33585,0
33591,0
33593,0
33599,0
33601,0
33605,0
33611,0
33615,0
33617,0
33623,0
33625,0
33631,0
33633,0
33639,0
33641,0
33647,0
33649,0
33653,0
33659,0
33663,0
33667,0
33669,0
33675,0
33677,0
33683,0
33685,0
33691,0
33693,0
33699,0
33701,0
33707,0
33709,0
33715,0
33717,0
33723,0
33725,0
33731,0
33733,0
33739,0
33741,0
33747,0
33749,0
33755,0
33757,0
33763,0
33765,0
33771,0
33773,0
33779,0
33781,0
33787,0
33789,0
33795,0
33797,0
33803,0
33805,0
33811,0
33813,0
33819,0
33821,0
33827,0
33831,0
33833,0
33839,0
33841,0
33847,0
33849,0
33853,0
33859,0
33861,0
33867,0
33869,0
33873,0
33879,0
33881,0
33885,0
33891,0
33893,0
33899,0
33901,0
33905,0
33911,0
33913,0
33917,0
33923,0
33925,0
33929,0
33935,0
33937,0
33943,0
33945,0
33949,0
33955,0
33957,0
33963,0
33965,0
33969,0
33973,0
33979,0
33981,0
33987,0
33989,0
33993,0
33999,0
34001,0
34007,0
34009,0
34015,0
34017,0
34023,0
34025,0
34031,0
34033,0
34039,0
34041,0
34045,0
34051,0
34053,0
34059,0
34061,0
34067,0
34069,0
34075,0
34077,0
34083,0
34085,0
34091,0
34095,0
34097,0
34101,0
34105,0
34111,0
34113,0
34119,0
34121,0
34127,0
34129,0
34135,0
34139,0
34141,0
34147,0
34149,0
34153,0
34159,0
34161,0
34167,0
34169,0
34175,0
34177,0
34183,0
34185,0
34191,0
34193,0
34199,0
34203,0
34205,0
34211,0
34213,0
34219,0
34221,0
34225,0
34231,0
34233,0
34239,0
34241,0
34247,0
34249,0
34255,0
34257,0
34263,0
34265,0
34271,0
34273,0
34279,0
34281,0
34285,0
34291,0
34293,0
34299,0
34301,0
34307,0
34311,0
34313,0
34317,0
34323,0
34325,0
34331,0
34333,0
34337,0
34343,0
34345,0
34351,0
34353,0
34359,0
34361,0
34367,0
34369,0
34375,0
34377,0
34383,0
34385,0
34391,0
34393,0
34399,0
34403,0
34405,0
34409,0
34413,0
34417,0
34423,0
34425,0
34431,0
34433,0
34439,0
34441,0
34447,0
34449,0
34453,0
34459,0
34461,0
34465,0
34471,0
34473,0
34479,0
34481,0
34485,0
34489,0
34495,0
34497,0
34503,0
34505,0
34511,0
34515,0
34517,0
34523,0
34525,0
34531,0
34535,0
34539,0
34543,0
34547,0
34551,0
34553,0
34559,0
34561,0
34567,0
34569,0
34573,0
34577,0
34583,0
34585,0
34591,0
34593,0
34597,0
34603,0
34605,0
34611,0
34613,0
34619,0
34621,0
34627,0
34629,0
34635,0
34637,0
34643,0
34645,0
34651,0
34653,0
34659,0
34661,0
34667,0
34669,0
34675,0
34677,0
34683,0
34685,0
34691,0
34693,0
34699,0
34701,0
34707,0
34709,0
34715,0
34717,0
34723,0
34727,0
34729,0
34735,0
34737,0
34743,0
34745,0
34749,0
34755,0
34757,0
34763,0
34765,0
34769,0
34775,0
34779,0
34781,0
34787,0
34789,0
34795,0
34797,0
34803,0
34805,0
34809,0
34815,0
34817,0
34823,0
34825,0
34831,0
34833,0
34839,0
34841,0
34845,0
34851,0
34853,0
34859,0
34861,0
34867,0
34869,0
34873,0
34879,0
34881,0
34887,0
34889,0
34895,0
34897,0
34903,0
34907,0
34909,0
34915,0
34917,0
34923,0
34925,0
34931,0
34933,0
34939,0
34941,0
34947,0
34949,0
34955,0
34957,0
34963,0
34965,0
34969,0
34975,0
34977,0
34983,0
34985,0
34991,0
34993,0
34999,0
35001,0
35007,0
35009,0
35015,0
35017,0
35023,0
35025,0
35031,0
35033,0
35037,0
35043,0
35045,0
35051,0
35055,0
35057,0
35063,0
35065,0
35069,0
35075,0
35077,0
35083,0
35085,0
35091,0
35093,0
35099,0
35101,0
35107,0
35109,0
35115,0
35117,0
35123,0
35125,0
35131,0
35133,0
35139,0
35141,0
35147,0
35149,0
35155,0
35157,0
35163,0
35167,0
35169,0
35175,0
35177,0
35183,0
35185,0
35189,0
35195,0
35197,0
35203,0
35205,0
35211,0
35213,0
35217,0
35221,0
35227,0
35229,0
35233,0
35237,0
35243,0
35245,0
35249,0
35255,0
35257,0
35263,0
35265,0
35271,0
35273,0
35279,0
35281,0
35287,0
35289,0
35295,0
35297,0
35303,0
35305,0
35311,0
35313,0
35319,0
35321,0
35327,0
35329,0
35335,0
35337,0
35343,0
35345,0
35351,0
35353,0
35359,0
35361,0
35367,0
35369,0
35375,0
35377,0
35383,0
35385,0
35391,0
35393,0
35399,0
35401,0
35405,0
35411,0
35413,0
35419,0
35421,0
35427,0
35429,0
35435,0
35437,0
35443,0
35445,0
35451,0
35453,0
35459,0
35461,0
35467,0
35471,0
35473,0
35479,0
35481,0
35487,0
35491,0
35493,0
35497,0
35501,0
35507,0
35511,0
35513,0
35519,0
35523,0
35525,0
35531,0
35533,0
35539,0
35541,0
35545,0
35551,0
35553,0
35557,0
35563,0
35565,0
35571,0
35573,0
35579,0
35581,0
35585,0
35589,0
35595,0
35597,0
35603,0
35605,0
35611,0
35615,0
35617,0
35623,0
35625,0
35629,0
35635,0
35637,0
35643,0
35645,0
35651,0
35653,0
35659,0
35661,0
35667,0
35669,0
35675,0
35677,0
35683,0
35685,0
35691,0
35693,0
35699,0
35701,0
35707,0
35711,0
35713,0
35719,0
35721,0
35725,0
35731,0
35733,0
35737,0
35743,0
35745,0
35751,0
35753,0
35759,0
35761,0
35767,0
35769,0
35775,0
35777,0
35781,0
35787,0
35789,0
35795,0
35797,0
35803,0
35805,0
35811,0
35813,0
35819,0
35821,0
35827,0
35829,0
35835,0
35837,0
35843,0
35845,0
35851,0
35855,0
35857,0
35861,0
35867,0
35869,0
35875,0
35877,0
35883,0
35885,0
35891,0
35893,0
35899,0
35901,0
35907,0
35909,0
35913,0
35919,0
35921,0
35927,0
35929,0
35935,0
35937,0
35943,0
35945,0
35951,0
35953,0
35959,0
35961,0
35965,0
35971,0
35973,0
35977,0
35983,0
35985,0
35991,0
35993,0
35999,0
36001,0
36005,0
36011,0
36013,0
36019,0
36021,0
36027,0
36029,0
36035,0
36037,0
36043,0
36045,0
36051,0
36053,0
36057,0
36063,0
36065,0
36071,0
36073,0
36077,0
36083,0
36085,0
36091,0
36093,0
36099,0
36101,0
36107,0
36109,0
36113,0
36117,0
36123,0
36125,0
36131,0
36133,0
36139,0
36141,0
36147,0
36149,0
36155,0
36157,0
36163,0
36165,0
36171,0
36173,0
36177,0
36183,0
36185,0
36191,0
36193,0
36199,0
36203,0
36205,0
36209,0
36215,0
36217,0
36223,0
36225,0
36231,0
36233,0
36239,0
36241,0
36247,0
36249,0
36255,0
36259,0
36261,0
36265,0
36269,0
36273,0
36279,0
36281,0
36287,0
36289,0
36295,0
36297,0
36303,0
36305,0
36311,0
36313,0
36317,0
36323,0
36325,0
36329,0
36335,0
36337,0
36343,0
36345,0
36351,0
36353,0
36359,0
36361,0
36367,0
36369,0
36375,0
36377,0
36383,0
36385,0
36389,0
36393,0
36397,0
36401,0
36405,0
36411,0
36413,0
36419,0
36421,0
36427,0
36429,0
36435,0
36437,0
36443,0
36445,0
36451,0
36453,0
36459,0
36461,0
36467,0
36469,0
36475,0
36477,0
36483,0
36487,0
36489,0
36495,0
36497,0
36503,0
36505,0
36511,0
36513,0
36517,0
36523,0
36525,0
36529,0
36535,0
36537,0
36543,0
36545,0
36549,0
36555,0
36557,0
36563,0
36565,0
36571,0
36573,0
36579,0
36583,0
36585,0
36591,0
36593,0
36599,0
36601,0
36605,0
36611,0
36613,0
36619,0
36621,0
36625,0
36631,0
36633,0
36639,0
36641,0
36645,0
36651,0
36653,0
36657,0
36663,0
36665,0
36669,0
36675,0
36677,0
36683,0
36685,0
36691,0
36693,0
36699,0
36701,0
36707,0
36709,0
36715,0
36717,0
36723,0
36725,0
36729,0
36735,0
36737,0
36743,0
36745,0
36751,0
36753,0
36759,0
36761,0
36767,0
36769,0
36775,0
36777,0
36781,0
36785,0
36789,0
36793,0
36797,0
36803,0
36805,0
36811,0
36813,0
36819,0
36823,0
36825,0
36831,0
36833,0
36839,0
36841,0
36845,0
36851,0
36853,0
36859,0
36861,0
36867,0
36869,0
36875,0
36877,0
36883,0
36885,0
36891,0
36893,0
36899,0
36903,0
36907,0
36909,0
36913,0
36919,0
36923,0
36925,0
36931,0
36933,0
36937,0
36943,0
36945,0
36951,0
36955,0
36957,0
36963,0
36965,0
36971,0
36973,0
36979,0
36981,0
36987,0
36989,0
36995,0
36997,0
37003,0
37005,0
37011,0
37013,0
37019,0
37021,0
37025,0
37031,0
37033,0
37039,0
37041,0
37045,0
37051,0
37055,0
37057,0
37063,0
37065,0
37071,0
37073,0
37079,0
37081,0
37085,0
37089,0
37095,0
37097,0
37103,0
37107,0
37109,0
37113,0
37119,0
37121,0
37127,0
37129,0
37135,0
37137,0
37141,0
37147,0
37149,0
37153,0
37157,0
37163,0
37165,0
37171,0
37173,0
37179,0
37181,0
37187,0
37189,0
37195,0
37197,0
37203,0
37205,0
37211,0
37213,0
37219,0
37221,0
37227,0
37229,0
37233,0
37239,0
37241,0
37247,0
37249,0
37255,0
37257,0
37263,0
37265,0
37269,0
37275,0
37277,0
37283,0
37287,0
37289,0
37295,0
37297,0
37303,0
37305,0
37311,0
37313,0
37319,0
37321,0
37325,0
37331,0
37333,0
37339,0
37343,0
37345,0
37349,0
37355,0
37357,0
37363,0
37365,0
37371,0
37373,0
37379,0
37381,0
37387,0
37389,0
37395,0
37397,0
37403,0
37405,0
37411,0
37413,0
37417,0
37423,0
37425,0
37429,0
37433,0
37439,0
37441,0
37447,0
37449,0
37455,0
37457,0
37463,0
37465,0
37471,0
37473,0
37479,0
37481,0
37487,0
37489,0
37495,0
37499,0
37501,0
37507,0
37509,0
37515,0
37517,0
37523,0
37525,0
37531,0
37533,0
37537,0
37543,0
37545,0
37551,0
37553,0
37559,0
37563,0
37565,0
37571,0
37573,0
37577,0
37583,0
37585,0
37591,0
37593,0
37597,0
37603,0
37605,0
37611,0
37615,0
37617,0
37621,0
37625,0
37631,0
37633,0
37639,0
37641,0
37645,0
37651,0
37655,0
37657,0
37661,0
37667,0
37669,0
37675,0
37677,0
37683,0
37687,0
37689,0
37695,0
37697,0
37703,0
37707,0
37709,0
37713,0
37717,0
37723,0
37725,0
37731,0
37735,0
37737,0
37743,0
37745,0
37751,0
37753,0
37759,0
37761,0
37767,0
37769,0
37773,0
37779,0
37781,0
37785,0
37789,0
37795,0
37797,0
37803,0
37805,0
37811,0
37813,0
37819,0
37821,0
37825,0
37831,0
37833,0
37839,0
37841,0
37847,0
37849,0
37855,0
37857,0
37863,0
37865,0
37871,0
37873,0
37879,0
37883,0
37887,0
37889,0
37895,0
37899,0
37901,0
37907,0
37909,0
37915,0
37917,0
37923,0
37925,0
37931,0
37933,0
37939,0
37941,0
37947,0
37949,0
37955,0
37957,0
37963,0
37965,0
37969,0
37975,0
37977,0
37981,0
37987,0
37989,0
37995,0
37999,0
38001,0
38007,0
38009,0
38015,0
38017,0
38023,0
38027,0
38031,0
38035,0
38037,0
38043,0
38045,0
38051,0
38053,0
38057,0
38063,0
38067,0
38069,0
38075,0
38077,0
38081,0
38087,0
38091,0
38093,0
38099,0
38101,0
38105,0
38111,0
38113,0
38119,0
38121,0
38127,0
38131,0
38133,0
38139,0
38141,0
38145,0
38151,0
38153,0
38159,0
38161,0
38167,0
38169,0
38175,0
38177,0
38181,0
38187,0
38189,0
38195,0
38197,0
38203,0
38205,0
38211,0
38213,0
38219,0
38223,0
38225,0
38231,0
38233,0
38239,0
38241,0
38247,0
38249,0
38255,0
38257,0
38263,0
38265,0
38269,0
38275,0
38277,0
38281,0
38287,0
38289,0
38295,0
38297,0
38301,0
38307,0
38309,0
38315,0
38317,0
38323,0
38325,0
38331,0
38333,0
38337,0
38341,0
38347,0
38349,0
38353,0
38359,0
38363,0
38365,0
38371,0
38373,0
38379,0
38381,0
38385,0
38389,0
38395,0
38399,0
38401,0
38407,0
38409,0
38415,0
38417,0
38421,0
38427,0
38429,0
38435,0
38437,0
38443,0
38445,0
38451,0
38453,0
38459,0
38461,0
38467,0
38469,0
38475,0
38477,0
38483,0
38485,0
38489,0
38493,0
38499,0
38501,0
38507,0
38509,0
38515,0
38519,0
38521,0
38527,0
38529,0
38535,0
38537,0
38541,0
38547,0
38549,0
38555,0
38557,0
38563,0
38565,0
38571,0
38573,0
38577,0
38583,0
38587,0
38591,0
38593,0
38599,0
38601,0
38607,0
38609,0
38615,0
38617,0
38621,0
38625,0
38631,0
38633,0
38637,0
38643,0
38645,0
38651,0
38653,0
38659,0
38661,0
38667,0
38669,0
38675,0
38677,0
38683,0
38685,0
38691,0
38693,0
38697,0
38703,0
38705,0
38711,0
38713,0
38719,0
38721,0
38725,0
38731,0
38735,0
38737,0
38741,0
38747,0
38749,0
38753,0
38759,0
38761,0
38767,0
38769,0
38775,0
38777,0
38783,0
38785,0
38791,0
38793,0
38799,0
38803,0
38805,0
38811,0
38813,0
38819,0
38821,0
38827,0
38829,0
38833,0
38837,0
38843,0
38845,0
38851,0
38853,0
38859,0
38863,0
38865,0
38871,0
38873,0
38877,0
38883,0
38885,0
38891,0
38893,0
38899,0
38901,0
38907,0
38909,0
38915,0
38917,0
38921,0
38927,0
38929,0
38933,0
38939,0
38941,0
38947,0
38949,0
38955,0
38957,0
38963,0
38965,0
38969,0
38975,0
38977,0
38981,0
38987,0
38989,0
38995,0
38997,0
39001,0
39007,0
39009,0
39015,0
39017,0
39021,0
39027,0
39029,0
39035,0
39037,0
39043,0
39045,0
39051,0
39053,0
39059,0
39061,0
39067,0
39069,0
39075,0
39077,0
39081,0
39087,0
39089,0
39095,0
39099,0
39103,0
39105,0
39109,0
39115,0
39117,0
39123,0
39125,0
39131,0
39133,0
39139,0
39141,0
39147,0
39149,0
39155,0
39159,0
39161,0
39165,0
39169,0
39175,0
39177,0
39181,0
39187,0
39189,0
39195,0
39197,0
39203,0
39205,0
39211,0
39215,0
39217,0
39221,0
39227,0
39229,0
39235,0
39237,0
39243,0
39245,0
39251,0
39253,0
39259,0
39261,0
39267,0
39269,0
39275,0
39277,0
39283,0
39285,0
39289,0
39295,0
39299,0
39303,0
39305,0
39311,0
39315,0
39317,0
39323,0
39325,0
39331,0
39333,0
39339,0
39341,0
39347,0
39349,0
39355,0
39357,0
39363,0
39365,0
39371,0
39373,0
39379,0
39381,0
39385,0
39391,0
39393,0
39399,0
39401,0
39407,0
39409,0
39415,0
39417,0
39423,0
39425,0
39431,0
39433,0
39437,0
39443,0
39445,0
39449,0
39455,0
39459,0
39461,0
39467,0
39469,0
39475,0
39477,0
39481,0
39485,0
39491,0
39493,0
39499,0
39501,0
39505,0
39509,0
39515,0
39519,0
39521,0
39527,0
39529,0
39533,0
39539,0
39541,0
39547,0
39551,0
39553,0
39557,0
39561,0
39565,0
39569,0
39573,0
39577,0
39583,0
39585,0
39591,0
39593,0
39599,0
39601,0
39607,0
39609,0
39615,0
39617,0
39623,0
39625,0
39631,0
39633,0
39637,0
39643,0
39645,0
39651,0
39653,0
39657,0
39663,0
39665,0
39671,0
39673,0
39679,0
39681,0
39685,0
39691,0
39693,0
39697,0
39701,0
39707,0
39709,0
39713,0
39719,0
39721,0
39727,0
39731,0
39733,0
39737,0
39741,0
39747,0
39749,0
39755,0
39757,0
39763,0
39765,0
39769,0
39775,0
39777,0
39783,0
39785,0
39791,0
39793,0
39799,0
39801,0
39807,0
39809,0
39815,0
39817,0
39823,0
39825,0
39829,0
39835,0
39839,0
39841,0
39845,0
39851,0
39853,0
39859,0
39861,0
39867,0
39869,0
39875,0
39877,0
39881,0
39887,0
39889,0
39895,0
39897,0
39903,0
39905,0
39911,0
39913,0
39919,0
39921,0
39927,0
39929,0
39935,0
39937,0
39943,0
39947,0
39949,0
39953,0
39957,0
39963,0
39965,0
39971,0
39973,0
39979,0
39981,0
39985,0
39989,0
39995,0
39999,0
40001,0
40005,0
40011,0
40013,0
40017,0
40021,0
40027,0
40029,0
40035,0
40037,0
40043,0
40045,0
40049,0
40055,0
40057,0
40061,0
40067,0
40069,0
40075,0
40077,0
40081,0
40085,0
40089,0
40095,0
40097,0
40103,0
40105,0
40111,0
40113,0
40117,0
40121,0
40127,0
40129,0
40135,0
40137,0
40143,0
40145,0
40151,0
40153,0
40159,0
40161,0
40167,0
40169,0
40175,0
40177,0
40183,0
40185,0
40189,0
40195,0
40197,0
40203,0
40205,0
40211,0
40213,0
40219,0
40221,0
40227,0
40229,0
40233,0
40237,0
40243,0
40245,0
40251,0
40253,0
40259,0
40261,0
40267,0
40269,0
40275,0
40279,0
40281,0
40285,0
40291,0
40293,0
40297,0
40301,0
40307,0
40309,0
40315,0
40317,0
40321,0
40325,0
40331,0
40333,0
40339,0
40341,0
40347,0
40349,0
40353,0
40357,0
40361,0
40365,0
40371,0
40373,0
40379,0
40381,0
40387,0
40389,0
40395,0
40397,0
40403,0
40405,0
40409,0
40415,0
40419,0
40421,0
40427,0
40429,0
40433,0
40439,0
40441,0
40447,0
40449,0
40455,0
40457,0
40463,0
40467,0
40469,0
40475,0
40477,0
40483,0
40485,0
40489,0
40495,0
40497,0
40503,0
40505,0
40511,0
40513,0
40519,0
40521,0
40525,0
40529,0
40535,0
40537,0
40541,0
40545,0
40551,0
40553,0
40557,0
40563,0
40565,0
40571,0
40573,0
40579,0
40581,0
40587,0
40589,0
40595,0
40597,0
40603,0
40607,0
40609,0
40613,0
40619,0
40621,0
40627,0
40629,0
40635,0
40639,0
40641,0
40645,0
40651,0
40653,0
40659,0
40661,0
40667,0
40669,0
40675,0
40677,0
40681,0
40687,0
40689,0
40695,0
40697,0
40703,0
40705,0
40711,0
40715,0
40719,0
40721,0
40727,0
40729,0
40733,0
40739,0
40741,0
40747,0
40749,0
40755,0
40757,0
40761,0
40767,0
40769,0
40775,0
40777,0
40781,0
40785,0
40791,0
40793,0
40799,0
40801,0
40807,0
40809,0
40815,0
40817,0
40823,0
40825,0
40831,0
40833,0
40839,0
40841,0
40847,0
40849,0
40855,0
40857,0
40861,0
40867,0
40869,0
40875,0
40877,0
40883,0
40885,0
40891,0
40893,0
40899,0
40901,0
40907,0
40909,0
40915,0
40917,0
40921,0
40925,0
40931,0
40933,0
40939,0
40941,0
40947,0
40951,0
40953,0
40959,0
40961,0
40967,0
40969,0
40975,0
40977,0
40983,0
40985,0
40991,0
40993,0
40997,0
41001,0
41007,0
41009,0
41015,0
41017,0
41023,0
41025,0
41031,0
41033,0
41039,0
41041,0
41047,0
41049,0
41055,0
41057,0
41061,0
41067,0
41069,0
41075,0
41077,0
41081,0
41085,0
41091,0
41093,0
41097,0
41103,0
41105,0
41109,0
41115,0
41117,0
41123,0
41125,0
41129,0
41135,0
41139,0
41141,0
41147,0
41149,0
41155,0
41157,0
41163,0
41167,0
41169,0
41175,0
41177,0
41183,0
41187,0
41189,0
41195,0
41197,0
41201,0
41207,0
41209,0
41213,0
41219,0
41221,0
41225,0
41229,0
41235,0
41237,0
41241,0
41247,0
41249,0
41253,0
41259,0
41261,0
41265,0
41271,0
41273,0
41279,0
41281,0
41287,0
41289,0
41293,0
41299,0
41303,0
41305,0
41311,0
41313,0
41319,0
41321,0
41325,0
41331,0
41333,0
41337,0
41343,0
41345,0
41351,0
41353,0
41359,0
41361,0
41365,0
41371,0
41373,0
41379,0
41383,0
41385,0
41391,0
41393,0
41397,0
41401,0
41405,0
41409,0
41413,0
41417,0
41423,0
41425,0
41429,0
41435,0
41437,0
41443,0
41447,0
41449,0
41455,0
41459,0
41461,0
41465,0
41471,0
41475,0
41477,0
41483,0
41485,0
41491,0
41493,0
41499,0
41501,0
41505,0
41511,0
41513,0
41519,0
41521,0
41527,0
41529,0
41535,0
41537,0
41541,0
41547,0
41549,0
41555,0
41557,0
41563,0
41565,0
41569,0
41575,0
41577,0
41583,0
41585,0
41589,0
41595,0
41597,0
41603,0
41605,0
41609,0
41615,0
41617,0
41623,0
41625,0
41631,0
41633,0
41639,0
41641,0
41645,0
41651,0
41653,0
41659,0
41661,0
41667,0
41669,0
41675,0
41679,0
41681,0
41685,0
41689,0
41695,0
41697,0
41703,0
41705,0
41709,0
41715,0
41719,0
41721,0
41727,0
41729,0
41735,0
41737,0
41741,0
41747,0
41749,0
41755,0
41759,0
41761,0
41767,0
41769,0
41773,0
41779,0
41781,0
41785,0
41791,0
41793,0
41797,0
41803,0
41807,0
41809,0
41813,0
41819,0
41821,0
41825,0
41831,0
41835,0
41837,0
41843,0
41845,0
41851,0
41853,0
41859,0
41861,0
41867,0
41869,0
41875,0
41877,0
41881,0
41887,0
41891,0
41895,0
41897,0
41901,0
41907,0
41909,0
41915,0
41917,0
41923,0
41925,0
41931,0
41933,0
41939,0
41941,0
41945,0
41951,0
41953,0
41959,0
41961,0
41967,0
41969,0
41975,0
41977,0
41983,0
41987,0
41989,0
41995,0
41997,0
42003,0
42005,0
42011,0
42013,0
42019,0
42021,0
42027,0
42029,0
42035,0
42037,0
42043,0
42045,0
42049,0
42055,0
42057,0
42063,0
42065,0
42069,0
42075,0
42077,0
42083,0
42085,0
42091,0
42093,0
42099,0
42101,0
42105,0
42111,0
42113,0
42119,0
42121,0
42127,0
42129,0
42133,0
42139,0
42143,0
42145,0
42151,0
42153,0
42157,0
42163,0
42165,0
42171,0
42173,0
42179,0
42183,0
42185,0
42189,0
42193,0
42197,0
42201,0
42207,0
42209,0
42213,0
42219,0
42223,0
42227,0
42229,0
42235,0
42237,0
42243,0
42245,0
42249,0
42255,0
42257,0
42263,0
42265,0
42269,0
42275,0
42279,0
42281,0
42287,0
42291,0
42293,0
42297,0
42303,0
42305,0
42311,0
42313,0
42319,0
42321,0
42325,0
42329,0
42335,0
42337,0
42341,0
42347,0
42349,0
42355,0
42357,0
42363,0
42365,0
42371,0
42373,0
42379,0
42381,0
42387,0
42389,0
42393,0
42399,0
42401,0
42407,0
42409,0
42413,0
42419,0
42421,0
42425,0
42431,0
42435,0
42437,0
42443,0
42445,0
42449,0
42455,0
42457,0
42463,0
42467,0
42469,0
42475,0
42477,0
42483,0
42487,0
42489,0
42493,0
42499,0
42503,0
42505,0
42509,0
42515,0
42517,0
42521,0
42527,0
42531,0
42535,0
42537,0
42541,0
42547,0
42551,0
42553,0
42559,0
42561,0
42567,0
42569,0
42575,0
42577,0
42581,0
42585,0
42591,0
42593,0
42599,0
42601,0
42605,0
42611,0
42613,0
42617,0
42623,0
42625,0
42631,0
42633,0
42639,0
42641,0
42647,0
42649,0
42653,0
42657,0
42663,0
42665,0
42669,0
42673,0
42679,0
42681,0
42687,0
42689,0
42693,0
42699,0
42701,0
42707,0
42709,0
42713,0
42719,0
42721,0
42727,0
42731,0
42733,0
42739,0
42741,0
42745,0
42749,0
42753,0
42757,0
42763,0
42765,0
42771,0
42773,0
42777,0
42783,0
42785,0
42791,0
42793,0
42797,0
42801,0
42807,0
42811,0
42813,0
42819,0
42821,0
42825,0
42831,0
42833,0
42837,0
42841,0
42847,0
42849,0
42855,0
42857,0
42861,0
42867,0
42869,0
42875,0
42877,0
42883,0
42885,0
42889,0
42895,0
42897,0
42903,0
42907,0
42909,0
42915,0
42917,0
42923,0
42925,0
42931,0
42933,0
42939,0
42941,0
42945,0
42951,0
42953,0
42957,0
42963,0
42965,0
42971,0
42973,0
42977,0
42983,0
42987,0
42989,0
42995,0
42997,0
43001,0
43007,0
43009,0
43015,0
43017,0
43021,0
43025,0
43031,0
43033,0
43037,0
43043,0
43045,0
43049,0
43055,0
43057,0
43063,0
43065,0
43071,0
43073,0
43079,0
43083,0
43087,0
43089,0
43095,0
43099,0
43101,0
43105,0
43111,0
43115,0
43117,0
43121,0
43127,0
43131,0
43133,0
43137,0
43141,0
43147,0
43151,0
43155,0
43157,0
43163,0
43165,0
43171,0
43173,0
43177,0
43183,0
43185,0
43191,0
43193,0
43199,0
43201,0
43207,0
43209,0
43215,0
43217,0
43223,0
43225,0
43231,0
43235,0
43239,0
43241,0
43245,0
43249,0
43255,0
43257,0
43263,0
43265,0
43271,0
43273,0
43279,0
43281,0
43285,0
43291,0
43293,0
43299,0
43303,0
43305,0
43309,0
43315,0
43317,0
43323,0
43325,0
43329,0
43333,0
43339,0
43343,0
43345,0
43351,0
43353,0
43359,0
43363,0
43365,0
43369,0
43375,0
43377,0
43383,0
43385,0
43391,0
43395,0
43397,0
43403,0
43405,0
43409,0
43415,0
43417,0
43421,0
43425,0
43431,0
43433,0
43439,0
43441,0
43447,0
43451,0
43455,0
43457,0
43461,0
43467,0
43469,0
43473,0
43479,0
43483,0
43485,0
43489,0
43495,0
43497,0
43503,0
43505,0
43509,0
43515,0
43517,0
43523,0
43525,0
43531,0
43533,0
43539,0
43543,0
43545,0
43551,0
43555,0
43557,0
43561,0
43567,0
43571,0
43573,0
43579,0
43581,0
43585,0
43591,0
43593,0
43599,0
43601,0
43607,0
43609,0
43615,0
43617,0
43623,0
43627,0
43629,0
43633,0
43639,0
43641,0
43647,0
43649,0
43653,0
43657,0
43663,0
43667,0
43669,0
43673,0
43679,0
43681,0
43685,0
43691,0
43693,0
43697,0
43701,0
43707,0
43709,0
43713,0
43719,0
43721,0
43725,0
43731,0
43733,0
43739,0
43741,0
43747,0
43749,0
43753,0
43757,0
43763,0
43765,0
43771,0
43775,0
43777,0
43781,0
43785,0
43789,0
43795,0
43797,0
43801,0
43807,0
43811,0
43815,0
43817,0
43823,0
43825,0
43829,0
43833,0
43837,0
43843,0
43845,0
43851,0
43853,0
43859,0
43861,0
43865,0
43871,0
43873,0
43879,0
43881,0
43885,0
43889,0
43895,0
43897,0
43903,0
43905,0
43911,0
43913,0
43917,0
43921,0
43927,0
43929,0
43935,0
43937,0
43943,0
43945,0
43951,0
43953,0
43957,0
43961,0
43965,0
43969,0
43973,0
43979,0
43981,0
43987,0
43989,0
43995,0
43999,0
44001,0
44005,0
44011,0
44015,0
44017,0
44023,0
44025,0
44029,0
44035,0
44037,0
44043,0
44047,0
44049,0
44055,0
44057,0
44063,0
44067,0
44069,0
44073,0
44077,0
44083,0
44085,0
44091,0
44093,0
44097,0
44101,0
44107,0
44109,0
44115,0
44117,0
44123,0
44127,0
44129,0
44133,0
44139,0
44141,0
44145,0
44151,0
44155,0
44159,0
44163,0
44165,0
44171,0
44175,0
44177,0
44181,0
44185,0
44189,0
44193,0
44199,0
44203,0
44205,0
44211,0
44213,0
44217,0
44221,0
44227,0
44229,0
44233,0
44237,0
44241,0
44245,0
44249,0
44255,0
44257,0
44263,0
44265,0
44271,0
44273,0
44277,0
44281,0
44285,0
44289,0
44293,0
44299,0
44301,0
44305,0
44309,0
44315,0
44317,0
44321,0
44327,0
44329,0
44333,0
44337,0
44341,0
44345,0
44351,0
44353,0
44357,0
44361,0
44367,0
44369,0
44375,0
44377,0
44381,0
44385,0
44389,0
44393,0
44397,0
44403,0
44405,0
44409,0
44413,0
44417,0
44421,0
44425,0
44429,0
44433,0
44439,0
44443,0
44447,0
44449,0
44455,0
44457,0
44461,0
44465,0
44471,0
44473,0
44477,0
44481,0
44487,0
44489,0
44495,0
44499,0
44501,0
44507,0
44511,0
44513,0
44517,0
44523,0
44525,0
44531,0
44533,0
44539,0
44541,0
44547,0
44549,0
44555,0
44557,0
44561,0
44565,0
44569,0
44573,0
44579,0
44583,0
44585,0
44589,0
44593,0
44597,0
44603,0
44605,0
44611,0
44615,0
44617,0
44623,0
44627,0
44629,0
44633,0
44639,0
44641,0
44645,0
44651,0
44655,0
44659,0
44663,0
44667,0
44669,0
44675,0
44677,0
44681,0
44685,0
44691,0
44695,0
44697,0
44701,0
44705,0
44709,0
44715,0
44717,0
44723,0
44725,0
44731,0
44733,0
44739,0
44741,0
44747,0
44749,0
44755,0
44757,0
44761,0
44767,0
44769,0
44773,0
44779,0
44781,0
44785,0
44791,0
44793,0
44797,0
44801,0
44805,0
44809,0
44813,0
44817,0
44823,0
44825,0
44831,0
44833,0
44837,0
44841,0
44845,0
44849,0
44853,0
44859,0
44861,0
44867,0
44869,0
44873,0
44877,0
44883,0
44887,0
44889,0
44893,0
44899,0
44901,0
44907,0
44911,0
44913,0
44919,0
44921,0
44925,0
44929,0
44933,0
44937,0
44943,0
44945,0
44949,0
44953,0
44957,0
44961,0
44965,0
44969,0
44975,0
44979,0
44981,0
44985,0
44989,0
44993,0
44999,0
45001,0
45005,0
45011,0
45015,0
45017,0
45023,0
45025,0
45031,0
45033,0
45039,0
45043,0
45045,0
45051,0
45053,0
45059,0
45061,0
45065,0
45069,0
45073,0
45079,0
45083,0
45087,0
45089,0
45093,0
45099,0
45103,0
45105,0
45111,0
45113,0
45119,0
45121,0
45125,0
45129,0
45133,0
45137,0
45143,0
45145,0
45151,0
45153,0
45159,0
45161,0
45165,0
45171,0
45173,0
45179,0
45183,0
45185,0
45189,0
45195,0
45197,0
45201,0
45205,0
45211,0
45213,0
45217,0
45223,0
45227,0
45229,0
45233,0
45239,0
45243,0
45247,0
45251,0
45255,0
45257,0
45261,0
45265,0
45271,0
45273,0
45277,0
45283,0
45287,0
45289,0
45295,0
45297,0
45303,0
45305,0
45309,0
45315,0
45319,0
45321,0
45325,0
45331,0
45333,0
45339,0
45343,0
45347,0
45351,0
45353,0
45357,0
45363,0
45365,0
45371,0
45373,0
45377,0
45381,0
45385,0
45391,0
45393,0
45399,0
45401,0
45405,0
45411,0
45413,0
45417,0
45421,0
45425,0
45429,0
45433,0
45437,0
45443,0
45445,0
45451,0
45453,0
45459,0
45461,0
45465,0
45471,0
45473,0
45479,0
45481,0
45487,0
45489,0
45493,0
45499,0
45501,0
45507,0
45511,0
45513,0
45517,0
45521,0
45527,0
45531,0
45533,0
45537,0
45541,0
45545,0
45549,0
45553,0
45557,0
45563,0
45567,0
45569,0
45575,0
45577,0
45581,0
45585,0
45589,0
45593,0
45599,0
45603,0
45605,0
45609,0
45615,0
45617,0
45621,0
45627,0
45629,0
45633,0
45639,0
45641,0
45645,0
45649,0
45653,0
45659,0
45663,0
45667,0
45669,0
45673,0
45677,0
45681,0
45685,0
45689,0
45695,0
45697,0
45701,0
45707,0
45709,0
45713,0
45717,0
45721,0
45725,0
45731,0
45733,0
45739,0
45741,0
45745,0
45751,0
45753,0
45759,0
45761,0
45765,0
45771,0
45773,0
45777,0
45783,0
45785,0
45789,0
45795,0
45797,0
45801,0
45805,0
45809,0
45815,0
45817,0
45823,0
45825,0
45829,0
45835,0
45837,0
45843,0
45845,0
45851,0
45855,0
45857,0
45863,0
45867,0
45869,0
45875,0
45879,0
45883,0
45887,0
45889,0
45895,0
45897,0
45903,0
45905,0
45909,0
45913,0
45919,0
45921,0
45927,0
45931,0
45933,0
45939,0
45941,0
45947,0
45949,0
45955,0
45957,0
45963,0
45967,0
45969,0
45975,0
45977,0
45981,0
45985,0
45989,0
45993,0
45997,0
46003,0
46007,0
46009,0
46013,0
46017,0
46021,0
46025,0
46031,0
46033,0
46039,0
46043,0
46045,0
46051,0
46053,0
46057,0
46061,0
46065,0
46069,0
46073,0
46079,0
46081,0
46087,0
46089,0
46095,0
46097,0
46103,0
46105,0
46111,0
46115,0
46117,0
46123,0
46125,0
46131,0
46133,0
46137,0
46141,0
46147,0
46151,0
46153,0
46159,0
46161,0
46167,0
46169,0
46173,0
46179,0
46181,0
46185,0
46189,0
46195,0
46197,0
46203,0
46205,0
46211,0
46215,0
46219,0
46223,0
46225,0
46229,0
46233,0
46239,0
46241,0
46245,0
46249,0
46253,0
46257,0
46261,0
46265,0
46271,0
46273,0
46277,0
46281,0
46287,0
46289,0
46295,0
46297,0
46303,0
46305,0
46311,0
46313,0
46319,0
46321,0
46325,0
46331,0
46335,0
46339,0
46341,0
46345,0
46349,0
46353,0
46357,0
46363,0
46365,0
46371,0
46375,0
46377,0
46383,0
46385,0
46389,0
46393,0
46397,0
46401,0
46407,0
46411,0
46413,0
46419,0
46421,0
46425,0
46429,0
46433,0
46439,0
46441,0
46445,0
46449,0
46455,0
46457,0
46463,0
46465,0
46471,0
46473,0
46477,0
46481,0
46485,0
46489,0
46493,0
46497,0
46501,0
46505,0
46511,0
46515,0
46517,0
46523,0
46525,0
46529,0
46533,0
46537,0
46541,0
46547,0
46551,0
46555,0
46557,0
46563,0
46565,0
46571,0
46573,0
46577,0
46583,0
46585,0
46589,0
46593,0
46597,0
46603,0
46605,0
46611,0
46613,0
46617,0
46621,0
46625,0
46629,0
46633,0
46637,0
46641,0
46647,0
46651,0
46655,0
46657,0
46661,0
46665,0
46669,0
46673,0
46677,0
46681,0
46687,0
46689,0
46693,0
46697,0
46701,0
46707,0
46709,0
46713,0
46717,0
46721,0
46727,0
46729,0
46733,0
46737,0
46741,0
46745,0
46751,0
46755,0
46757,0
46761,0
46765,0
46771,0
46775,0
46779,0
46783,0
46787,0
46789,0
46793,0
46797,0
46803,0
46807,0
46809,0
46813,0
46817,0
46821,0
46825,0
46829,0
46833,0
46837,0
46843,0
46845,0
46849,0
46853,0
46859,0
46861,0
46867,0
46871,0
46873,0
46879,0
46881,0
46887,0
46889,0
46895,0
46899,0
46903,0
46905,0
46911,0
46913,0
46917,0
46921,0
46925,0
46931,0
46935,0
46937,0
46941,0
46945,0
46949,0
46953,0
46957,0
46963,0
46967,0
46969,0
46975,0
46979,0
46981,0
46987,0
46989,0
46993,0
46997,0
47003,0
47005,0
47009,0
47015,0
47019,0
47023,0
47025,0
47029,0
47033,0
47039,0
47043,0
47045,0
47049,0
47053,0
47059,0
47063,0
47067,0
47069,0
47073,0
47077,0
47083,0
47087,0
47089,0
