6,0
10,0
12,0
18,0
22,0
24,0
28,0
32,0
36,0
40,0
44,0
48,0
52,0
58,0
62,0
64,0
68,0
72,0
78,0
80,0
86,0
88,0
92,0
98,0
100,0
104,0
108,0
112,0
118,0
122,0
126,0
128,0
132,0
136,0
142,0
146,0
150,0
152,0
156,0
160,0
164,0
170,0
172,0
178,0
182,0
186,0
190,0
194,0
198,0
200,0
204,0
208,0
214,0
218,0
222,0
224,0
228,0
234,0
236,0
240,0
244,0
250,0
252,0
258,0
262,0
264,0
268,0
272,0
278,0
282,0
286,0
290,0
294,0
298,0
302,0
306,0
308,0
312,0
318,0
322,0
326,0
330,0
334,0
338,0
342,0
346,0
350,0
352,0
358,0
360,0
366,0
370,0
374,0
376,0
380,0
386,0
388,0
392,0
396,0
400,0
406,0
408,0
414,0
418,0
422,0
426,0
428,0
434,0
436,0
442,0
444,0
448,0
454,0
458,0
462,0
466,0
468,0
472,0
478,0
480,0
486,0
490,0
492,0
498,0
500,0
504,0
510,0
512,0
516,0
520,0
526,0
530,0
534,0
538,0
540,0
546,0
550,0
554,0
558,0
560,0
566,0
570,0
574,0
576,0
580,0
586,0
588,0
594,0
598,0
600,0
604,0
608,0
614,0
616,0
620,0
626,0
630,0
634,0
638,0
642,0
646,0
650,0
652,0
658,0
660,0
664,0
668,0
672,0
676,0
682,0
686,0
690,0
692,0
698,0
700,0
706,0
708,0
714,0
718,0
722,0
726,0
728,0
732,0
736,0
742,0
744,0
748,0
752,0
758,0
760,0
766,0
770,0
772,0
776,0
782,0
786,0
790,0
794,0
798,0
802,0
806,0
808,0
814,0
816,0
822,0
826,0
830,0
834,0
836,0
840,0
846,0
850,0
854,0
856,0
862,0
864,0
868,0
874,0
876,0
882,0
884,0
888,0
892,0
898,0
902,0
904,0
910,0
914,0
916,0
920,0
924,0
930,0
932,0
936,0
942,0
944,0
950,0
952,0
958,0
962,0
964,0
968,0
972,0
976,0
980,0
984,0
990,0
992,0
998,0
1002,0
1006,0
1010,0
1014,0
1018,0
1020,0
1026,0
1030,0
1034,0
1038,0
1042,0
1044,0
1050,0
1052,0
1056,0
1060,0
1066,0
1070,0
1072,0
1078,0
1080,0
1086,0
1088,0
1092,0
1098,0
1100,0
1104,0
1110,0
1112,0
1116,0
1120,0
1126,0
1128,0
1132,0
1136,0
1142,0
1146,0
1148,0
1152,0
1156,0
1160,0
1164,0
1170,0
1172,0
1176,0
1182,0
1184,0
1188,0
1194,0
1198,0
1202,0
1206,0
1208,0
1212,0
1216,0
1222,0
1224,0
1230,0
1232,0
1236,0
1240,0
1244,0
1248,0
1252,0
1258,0
1262,0
1266,0
1268,0
1272,0
1276,0
1280,0
1284,0
1288,0
1294,0
1298,0
1300,0
1306,0
1308,0
1312,0
1316,0
1320,0
1326,0
1328,0
1332,0
1338,0
1340,0
1346,0
1348,0
1354,0
1358,0
1360,0
1364,0
1370,0
1374,0
1378,0
1382,0
1384,0
1388,0
1392,0
1398,0
1400,0
1404,0
1410,0
1412,0
1418,0
1420,0
1426,0
1430,0
1432,0
1438,0
1442,0
1444,0
1448,0
1454,0
1456,0
1462,0
1464,0
1468,0
1472,0
1478,0
1482,0
1484,0
1488,0
1492,0
1496,0
1502,0
1504,0
1510,0
1512,0
1518,0
1520,0
1524,0
1528,0
1534,0
1536,0
1542,0
1546,0
1548,0
1554,0
1556,0
1560,0
1564,0
1568,0
1574,0
1576,0
1582,0
1586,0
1590,0
1594,0
1596,0
1600,0
1604,0
1608,0
1614,0
1618,0
1622,0
1624,0
1630,0
1632,0
1638,0
1642,0
1644,0
1650,0
1654,0
1658,0
1660,0
1664,0
1670,0
1672,0
1676,0
1682,0
1686,0
1688,0
1692,0
1696,0
1700,0
1706,0
1708,0
1712,0
1716,0
1722,0
1726,0
1730,0
1734,0
1738,0
1742,0
1744,0
1748,0
1752,0
1758,0
1762,0
1766,0
1768,0
1772,0
1776,0
1780,0
1786,0
1788,0
1792,0
1796,0
1802,0
1804,0
1810,0
1812,0
1816,0
1820,0
1826,0
1830,0
1834,0
1838,0
1842,0
1844,0
1848,0
1854,0
1858,0
1862,0
1864,0
1868,0
1874,0
1878,0
1882,0
1884,0
1890,0
1892,0
1896,0
1902,0
1906,0
1910,0
1914,0
1918,0
1920,0
1926,0
1930,0
1934,0
1936,0
1940,0
1946,0
1948,0
1954,0
1958,0
1962,0
1966,0
1970,0
1972,0
1978,0
1982,0
1984,0
1990,0
1992,0
1998,0
2002,0
2006,0
2010,0
2014,0
2018,0
2022,0
2026,0
2030,0
2032,0
2038,0
2042,0
2046,0
2050,0
2052,0
2058,0
2060,0
2064,0
2070,0
2074,0
2078,0
2082,0
2086,0
2090,0
2094,0
2096,0
2102,0
2104,0
2110,0
2112,0
2118,0
2122,0
2124,0
2130,0
2134,0
2138,0
2140,0
2144,0
2148,0
2154,0
2158,0
2160,0
2164,0
2168,0
2174,0
2176,0
2180,0
2184,0
2190,0
2192,0
2198,0
2202,0
2204,0
2208,0
2214,0
2216,0
2220,0
2224,0
2228,0
2234,0
2236,0
2240,0
2244,0
2250,0
2252,0
2256,0
2260,0
2266,0
2268,0
2272,0
2278,0
2280,0
2284,0
2288,0
2292,0
2298,0
2300,0
2304,0
2308,0
2314,0
2316,0
2322,0
2326,0
2328,0
2332,0
2336,0
2340,0
2344,0
2350,0
2352,0
2356,0
2360,0
2364,0
2370,0
2372,0
2378,0
2380,0
2386,0
2390,0
2392,0
2398,0
2402,0
2406,0
2410,0
2412,0
2418,0
2422,0
2424,0
2430,0
2434,0
2436,0
2442,0
2444,0
2450,0
2454,0
2458,0
2462,0
2466,0
2470,0
2472,0
2476,0
2480,0
2486,0
2490,0
2494,0
2498,0
2502,0
2504,0
2508,0
2514,0
2518,0
2522,0
2526,0
2528,0
2534,0
2536,0
2540,0
2546,0
2550,0
2554,0
2556,0
2560,0
2566,0
2570,0
2574,0
2576,0
2580,0
2584,0
2590,0
2594,0
2598,0
2602,0
2606,0
2608,0
2612,0
2616,0
2622,0
2624,0
2628,0
2632,0
2636,0
2640,0
2646,0
2650,0
2654,0
2656,0
2660,0
2664,0
2668,0
2674,0
2678,0
2682,0
2686,0
2690,0
2694,0
2698,0
2702,0
2704,0
2710,0
2712,0
2718,0
2722,0
2726,0
2730,0
2732,0
2736,0
2740,0
2746,0
2748,0
2754,0
2756,0
2760,0
2766,0
2768,0
2772,0
2776,0
2782,0
2784,0
2788,0
2792,0
2796,0
2802,0
2804,0
2808,0
2814,0
2816,0
2820,0
2826,0
2830,0
2834,0
2836,0
2842,0
2846,0
2848,0
2854,0
2856,0
2862,0
2864,0
2868,0
2874,0
2876,0
2882,0
2884,0
2888,0
2892,0
2898,0
2900,0
2904,0
2908,0
2912,0
2918,0
2922,0
2926,0
2928,0
2934,0
2936,0
2942,0
2946,0
2948,0
2952,0
2958,0
2962,0
2964,0
2968,0
2972,0
2978,0
2980,0
2986,0
2990,0
2992,0
2998,0
3000,0
3006,0
3008,0
3012,0
3016,0
3022,0
3024,0
3028,0
3034,0
3038,0
3042,0
3044,0
3048,0
3052,0
3056,0
3060,0
3064,0
3068,0
3072,0
3078,0
3080,0
3086,0
3090,0
3092,0
3098,0
3102,0
3104,0
3110,0
3112,0
3116,0
3120,0
3126,0
3128,0
3134,0
3136,0
3142,0
3146,0
3148,0
3154,0
3158,0
3160,0
3164,0
3168,0
3172,0
3178,0
3180,0
3186,0
3190,0
3194,0
3196,0
3200,0
3204,0
3208,0
3214,0
3216,0
3222,0
3226,0
3230,0
3232,0
3238,0
3240,0
3246,0
3248,0
3252,0
3258,0
3260,0
3264,0
3268,0
3274,0
3278,0
3280,0
3286,0
3290,0
3292,0
3298,0
3300,0
3306,0
3310,0
3314,0
3318,0
3320,0
3326,0
3328,0
3332,0
3336,0
3342,0
3344,0
3348,0
3352,0
3356,0
3362,0
3366,0
3370,0
3372,0
3378,0
3382,0
3384,0
3388,0
3392,0
3396,0
3400,0
3404,0
3410,0
3412,0
3416,0
3422,0
3424,0
3428,0
3432,0
3436,0
3440,0
3446,0
3448,0
3452,0
3458,0
3462,0
3464,0
3468,0
3472,0
3476,0
3480,0
3484,0
3490,0
3492,0
3496,0
3502,0
3504,0
3508,0
3512,0
3518,0
3520,0
3524,0
3528,0
3532,0
3536,0
3542,0
3546,0
3548,0
3554,0
3558,0
3562,0
3564,0
3570,0
3572,0
3576,0
3582,0
3584,0
3590,0
3592,0
3596,0
3600,0
3604,0
3608,0
3614,0
3618,0
3620,0
3624,0
3628,0
3632,0
3636,0
3640,0
3644,0
3650,0
3654,0
3656,0
3660,0
3664,0
3670,0
3672,0
3676,0
3682,0
3684,0
3690,0
3692,0
3696,0
3702,0
3704,0
3708,0
3712,0
3716,0
3722,0
3726,0
3730,0
3734,0
3738,0
3742,0
3746,0
3750,0
3752,0
3758,0
3762,0
3764,0
3768,0
3774,0
3776,0
3780,0
3784,0
3790,0
3792,0
3798,0
3800,0
3806,0
3808,0
3812,0
3816,0
3822,0
3826,0
3830,0
3834,0
3836,0
3842,0
3844,0
3848,0
3854,0
3858,0
3862,0
3864,0
3868,0
3874,0
3876,0
3882,0
3886,0
3890,0
3894,0
3896,0
3902,0
3904,0
3908,0
3912,0
3916,0
3920,0
3924,0
3930,0
3932,0
3938,0
3942,0
3946,0
3950,0
3954,0
3958,0
3960,0
3966,0
3970,0
3974,0
3976,0
3982,0
3984,0
3990,0
3992,0
3996,0
4000,0
4006,0
4010,0
4014,0
4018,0
4020,0
4024,0
4030,0
4032,0
4038,0
4040,0
4044,0
4050,0
4052,0
4058,0
4060,0
4066,0
4068,0
4074,0
4076,0
4080,0
4086,0
4090,0
4092,0
4096,0
4102,0
4106,0
4110,0
4114,0
4118,0
4122,0
4126,0
4130,0
4132,0
4138,0
4140,0
4146,0
4148,0
4154,0
4158,0
4162,0
4166,0
4168,0
4172,0
4178,0
4182,0
4184,0
4190,0
4192,0
4196,0
4200,0
4206,0
4210,0
4214,0
4216,0
4222,0
4226,0
4230,0
4232,0
4236,0
4242,0
4244,0
4250,0
4252,0
4256,0
4262,0
4264,0
4268,0
4272,0
4276,0
4280,0
4286,0
4290,0
4292,0
4298,0
4302,0
4304,0
4308,0
4314,0
4318,0
4322,0
4326,0
4328,0
4332,0
4336,0
4342,0
4346,0
4348,0
4354,0
4356,0
4360,0
4364,0
4370,0
4374,0
4378,0
4382,0
4386,0
4388,0
4392,0
4396,0
4400,0
4406,0
4408,0
4414,0
4418,0
4422,0
4426,0
4430,0
4432,0
4438,0
4442,0
4444,0
4448,0
4452,0
4456,0
4460,0
4464,0
4470,0
4474,0
4478,0
4480,0
4484,0
4490,0
4494,0
4496,0
4500,0
4504,0
4510,0
4514,0
4516,0
4522,0
4526,0
4530,0
4534,0
4538,0
4542,0
4544,0
4548,0
4552,0
4558,0
4562,0
4564,0
4570,0
4574,0
4578,0
4580,0
4584,0
4590,0
4592,0
4598,0
4602,0
4606,0
4610,0
4612,0
4618,0
4622,0
4624,0
4630,0
4634,0
4638,0
4640,0
4646,0
4648,0
4652,0
4658,0
4662,0
4666,0
4668,0
4674,0
4676,0
4680,0
4684,0
4690,0
4692,0
4698,0
4700,0
4704,0
4710,0
4712,0
4718,0
4722,0
4724,0
4728,0
4732,0
4736,0
4742,0
4744,0
4748,0
4754,0
4756,0
4760,0
4764,0
4768,0
4774,0
4776,0
4782,0
4784,0
4790,0
4792,0
4798,0
4802,0
4806,0
4810,0
4812,0
4818,0
4822,0
4826,0
4828,0
4832,0
4838,0
4842,0
4846,0
4850,0
4852,0
4856,0
4860,0
4864,0
4868,0
4874,0
4876,0
4882,0
4884,0
4888,0
4892,0
4896,0
4900,0
4906,0
4908,0
4914,0
4916,0
4920,0
4926,0
4928,0
4932,0
4936,0
4940,0
4946,0
4950,0
4954,0
4958,0
4960,0
4964,0
4968,0
4972,0
4978,0
4980,0
4986,0
4990,0
4992,0
4998,0
5000,0
5004,0
5010,0
5012,0
5018,0
5020,0
5026,0
5030,0
5032,0
5038,0
5042,0
5044,0
5048,0
5052,0
5056,0
5062,0
5064,0
5070,0
5072,0
5078,0
5082,0
5086,0
5088,0
5094,0
5098,0
5102,0
5104,0
5108,0
5114,0
5118,0
5120,0
5124,0
5128,0
5134,0
5136,0
5140,0
5144,0
5150,0
5154,0
5156,0
5160,0
5164,0
5168,0
5172,0
5176,0
5180,0
5186,0
5188,0
5192,0
5198,0
5200,0
5204,0
5208,0
5212,0
5216,0
5220,0
5226,0
5228,0
5232,0
5236,0
5242,0
5244,0
5250,0
5252,0
5256,0
5262,0
5264,0
5268,0
5272,0
5276,0
5282,0
5284,0
5290,0
5292,0
5296,0
5302,0
5304,0
5308,0
5314,0
5318,0
5322,0
5324,0
5330,0
5332,0
5336,0
5340,0
5344,0
5350,0
5354,0
5356,0
5360,0
5364,0
5368,0
5374,0
5376,0
5380,0
5384,0
5390,0
5394,0
5398,0
5402,0
5406,0
5410,0
5414,0
5416,0
5422,0
5426,0
5428,0
5434,0
5438,0
5442,0
5444,0
5448,0
5454,0
5456,0
5460,0
5464,0
5470,0
5474,0
5478,0
5482,0
5486,0
5488,0
5494,0
5498,0
5500,0
5504,0
5510,0
5512,0
5516,0
5520,0
5526,0
5528,0
5532,0
5536,0
5542,0
5546,0
5548,0
5554,0
5556,0
5560,0
5566,0
5568,0
5574,0
5576,0
5582,0
5584,0
5588,0
5592,0
5596,0
5600,0
5606,0
5608,0
5612,0
5616,0
5620,0
5626,0
5628,0
5634,0
5638,0
5640,0
5644,0
5648,0
5652,0
5656,0
5660,0
5666,0
5668,0
5674,0
5678,0
5682,0
5684,0
5690,0
5694,0
5698,0
5702,0
5706,0
5708,0
5712,0
5718,0
5722,0
5726,0
5728,0
5732,0
5736,0
5740,0
5744,0
5750,0
5754,0
5756,0
5762,0
5766,0
5768,0
5774,0
5776,0
5782,0
5786,0
5790,0
5792,0
5796,0
5800,0
5804,0
5808,0
5814,0
5818,0
5820,0
5826,0
5830,0
5834,0
5836,0
5842,0
5846,0
5850,0
5854,0
5858,0
5860,0
5866,0
5868,0
5872,0
5876,0
5880,0
5884,0
5888,0
5892,0
5896,0
5900,0
5904,0
5910,0
5914,0
5918,0
5920,0
5924,0
5928,0
5934,0
5936,0
5940,0
5946,0
5948,0
5952,0
5958,0
5960,0
5964,0
5970,0
5974,0
5978,0
5982,0
5984,0
5990,0
5992,0
5996,0
6002,0
6006,0
6010,0
6014,0
6018,0
6020,0
6024,0
6030,0
6034,0
6038,0
6040,0
6044,0
6050,0
6052,0
6058,0
6060,0
6066,0
6070,0
6074,0
6078,0
6082,0
6086,0
6090,0
6094,0
6096,0
6100,0
6106,0
6110,0
6114,0
6116,0
6122,0
6124,0
6128,0
6134,0
6138,0
6140,0
6146,0
6148,0
6152,0
6156,0
6160,0
6164,0
6170,0
6172,0
6176,0
6182,0
6184,0
6190,0
6194,0
6196,0
6200,0
6206,0
6210,0
6214,0
6218,0
6222,0
6224,0
6230,0
6232,0
6238,0
6242,0
6244,0
6250,0
6252,0
6256,0
6262,0
6266,0
6268,0
6272,0
6278,0
6282,0
6286,0
6288,0
6294,0
6296,0
6300,0
6306,0
6308,0
6312,0
6316,0
6320,0
6326,0
6328,0
6332,0
6336,0
6340,0
6346,0
6350,0
6354,0
6358,0
6362,0
6366,0
6368,0
6374,0
6376,0
6382,0
6384,0
6388,0
6392,0
6398,0
6402,0
6406,0
6408,0
6414,0
6416,0
6422,0
6426,0
6428,0
6434,0
6438,0
6440,0
6446,0
6450,0
6454,0
6458,0
6460,0
6464,0
6470,0
6472,0
6478,0
6482,0
6484,0
6488,0
6494,0
6496,0
6500,0
6504,0
6508,0
6514,0
6516,0
6522,0
6524,0
6530,0
6532,0
6538,0
6542,0
6546,0
6548,0
6552,0
6556,0
6562,0
6566,0
6570,0
6572,0
6576,0
6582,0
6586,0
6590,0
6594,0
6598,0
6600,0
6604,0
6608,0
6612,0
6618,0
6620,0
6624,0
6628,0
6632,0
6636,0
6640,0
6644,0
6648,0
6654,0
6656,0
6660,0
6666,0
6668,0
6674,0
6676,0
6680,0
6686,0
6688,0
6692,0
6696,0
6700,0
6706,0
6708,0
6712,0
6716,0
6720,0
6726,0
6728,0
6732,0
6736,0
6742,0
6744,0
6750,0
6752,0
6756,0
6760,0
6766,0
6770,0
6774,0
6778,0
6782,0
6784,0
6788,0
6794,0
6798,0
6800,0
6804,0
6810,0
6812,0
6816,0
6822,0
6824,0
6828,0
6832,0
6838,0
6842,0
6846,0
6850,0
6854,0
6858,0
6862,0
6866,0
6868,0
6872,0
6876,0
6880,0
6886,0
6890,0
6892,0
6898,0
6902,0
6906,0
6908,0
6912,0
6916,0
6922,0
6924,0
6930,0
6932,0
6938,0
6940,0
6946,0
6948,0
6952,0
6958,0
6962,0
6966,0
6970,0
6974,0
6976,0
6980,0
6984,0
6990,0
6994,0
6998,0
7002,0
7006,0
7010,0
7014,0
7018,0
7022,0
7024,0
7030,0
7034,0
7038,0
7040,0
7044,0
7050,0
7054,0
7058,0
7062,0
7066,0
7068,0
7074,0
7078,0
7082,0
7086,0
7088,0
7092,0
7096,0
7102,0
7106,0
7108,0
7114,0
7118,0
7122,0
7124,0
7128,0
7134,0
7138,0
7140,0
7146,0
7148,0
7152,0
7156,0
7160,0
7166,0
7170,0
7172,0
7178,0
7182,0
7184,0
7190,0
7192,0
7198,0
7202,0
7204,0
7208,0
7212,0
7216,0
7220,0
7224,0
7230,0
7232,0
7236,0
7242,0
7244,0
7250,0
7254,0
7258,0
7262,0
7264,0
7268,0
7272,0
7276,0
7282,0
7286,0
7290,0
7292,0
7296,0
7302,0
7306,0
7310,0
7314,0
7318,0
7322,0
7326,0
7328,0
7334,0
7336,0
7342,0
7344,0
7348,0
7354,0
7358,0
7360,0
7364,0
7368,0
7374,0
7376,0
7380,0
7386,0
7390,0
7392,0
7398,0
7400,0
7406,0
7410,0
7414,0
7418,0
7422,0
7426,0
7430,0
7432,0
7436,0
7442,0
7444,0
7448,0
7454,0
7456,0
7462,0
7466,0
7470,0
7474,0
7478,0
7482,0
7486,0
7490,0
7494,0
7496,0
7502,0
7504,0
7510,0
7512,0
7518,0
7522,0
7526,0
7528,0
7532,0
7538,0
7542,0
7546,0
7548,0
7554,0
7558,0
7562,0
7564,0
7570,0
7574,0
7576,0
7582,0
7586,0
7588,0
7592,0
7596,0
7600,0
7604,0
7610,0
7614,0
7618,0
7620,0
7624,0
7628,0
7634,0
7638,0
7642,0
7646,0
7650,0
7654,0
7658,0
7660,0
7666,0
7670,0
7674,0
7678,0
7682,0
7686,0
7690,0
7694,0
7698,0
7702,0
7706,0
7710,0
7714,0
7718,0
7720,0
7726,0
7728,0
7732,0
7736,0
7742,0
7744,0
7750,0
7754,0
7758,0
7760,0
7764,0
7768,0
7772,0
7778,0
7782,0
7786,0
7788,0
7792,0
7796,0
7800,0
7804,0
7808,0
7812,0
7816,0
7822,0
7824,0
7828,0
7832,0
7836,0
7840,0
7846,0
7848,0
7852,0
7856,0
7860,0
7864,0
7868,0
7874,0
7878,0
7880,0
7884,0
7888,0
7892,0
7896,0
7900,0
7906,0
7908,0
7912,0
7916,0
7920,0
7924,0
7928,0
7932,0
7936,0
7940,0
7946,0
7950,0
7954,0
7956,0
7960,0
7964,0
7970,0
7972,0
7976,0
7980,0
7986,0
7988,0
7994,0
7996,0
8000,0
8004,0
8008,0
8014,0
8016,0
8022,0
8024,0
8028,0
8034,0
8036,0
8042,0
8046,0
8050,0
8054,0
8058,0
8062,0
8066,0
8068,0
8074,0
8078,0
8080,0
8086,0
8090,0
8092,0
8096,0
8100,0
8106,0
8110,0
8112,0
8116,0
8122,0
8124,0
8128,0
8134,0
8138,0
8142,0
8144,0
8148,0
8152,0
8158,0
8162,0
8164,0
8170,0
8174,0
8178,0
8182,0
8184,0
8190,0
8192,0
8198,0
8202,0
8204,0
8210,0
8214,0
8216,0
8222,0
8226,0
8230,0
8234,0
8236,0
8240,0
8244,0
8250,0
8252,0
8258,0
8262,0
8266,0
8270,0
8272,0
8276,0
8282,0
8284,0
8288,0
8294,0
8296,0
8300,0
8306,0
8308,0
8314,0
8316,0
8322,0
8326,0
8328,0
8332,0
8338,0
8342,0
8344,0
8348,0
8354,0
8356,0
8362,0
8364,0
8370,0
8372,0
8376,0
8380,0
8386,0
8388,0
8394,0
8398,0
8400,0
8406,0
8408,0
8412,0
8416,0
8420,0
8426,0
8430,0
8432,0
8436,0
8440,0
8446,0
8448,0
8454,0
8458,0
8460,0
8464,0
8468,0
8474,0
8478,0
8482,0
8484,0
8488,0
8492,0
8496,0
8502,0
8506,0
8508,0
8512,0
8516,0
8522,0
8524,0
8528,0
8534,0
8538,0
8542,0
8544,0
8550,0
8552,0
8556,0
8560,0
8564,0
8568,0
8572,0
8576,0
8582,0
8584,0
8588,0
8592,0
8596,0
8602,0
8604,0
8610,0
8614,0
8618,0
8622,0
8626,0
8630,0
8632,0
8636,0
8640,0
8644,0
8648,0
8654,0
8656,0
8660,0
8666,0
8670,0
8672,0
8676,0
8682,0
8686,0
8688,0
8694,0
8696,0
8700,0
8706,0
8710,0
8712,0
8718,0
8720,0
8726,0
8730,0
8732,0
8738,0
8740,0
8744,0
8748,0
8754,0
8758,0
8762,0
8766,0
8770,0
8774,0
8778,0
8780,0
8786,0
8790,0
8792,0
8796,0
8800,0
8804,0
8808,0
8812,0
8816,0
8820,0
8826,0
8828,0
8832,0
8836,0
8840,0
8844,0
8850,0
8854,0
8856,0
8862,0
8866,0
8870,0
8872,0
8878,0
8880,0
8884,0
8890,0
8892,0
8896,0
8902,0
8906,0
8908,0
8912,0
8918,0
8922,0
8926,0
8928,0
8934,0
8936,0
8942,0
8944,0
8950,0
8954,0
8956,0
8960,0
8966,0
8968,0
8974,0
8976,0
8982,0
8984,0
8988,0
8992,0
8996,0
9002,0
9004,0
9010,0
9012,0
9018,0
9020,0
9026,0
9030,0
9032,0
9038,0
9040,0
9044,0
9048,0
9054,0
9058,0
9062,0
9064,0
9070,0
9074,0
9076,0
9080,0
9086,0
9090,0
9092,0
9098,0
9102,0
9106,0
9108,0
9114,0
9118,0
9120,0
9124,0
9130,0
9134,0
9138,0
9140,0
9146,0
9148,0
9152,0
9158,0
9160,0
9166,0
9168,0
9174,0
9178,0
9182,0
9184,0
9190,0
9192,0
9198,0
9202,0
9206,0
9208,0
9212,0
9218,0
9220,0
9226,0
9228,0
9234,0
9238,0
9240,0
9246,0
9248,0
9252,0
9256,0
9260,0
9266,0
9270,0
9272,0
9276,0
9282,0
9286,0
9288,0
9292,0
9298,0
9300,0
9304,0
9310,0
9314,0
9318,0
9322,0
9326,0
9328,0
9334,0
9338,0
9340,0
9346,0
9348,0
9352,0
9356,0
9362,0
9366,0
9370,0
9372,0
9378,0
9380,0
9384,0
9388,0
9392,0
9398,0
9400,0
9406,0
9410,0
9412,0
9418,0
9420,0
9426,0
9428,0
9434,0
9436,0
9440,0
9444,0
9450,0
9454,0
9458,0
9460,0
9466,0
9468,0
9474,0
9476,0
9480,0
9484,0
9490,0
9494,0
9496,0
9502,0
9504,0
9510,0
9514,0
9516,0
9522,0
9524,0
9530,0
9534,0
9536,0
9542,0
9546,0
9550,0
9554,0
9558,0
9562,0
9564,0
9570,0
9574,0
9578,0
9582,0
9586,0
9588,0
9594,0
9598,0
9602,0
9606,0
9608,0
9614,0
9616,0
9620,0
9624,0
9630,0
9634,0
9636,0
9642,0
9644,0
9648,0
9652,0
9656,0
9662,0
9666,0
9670,0
9672,0
9678,0
9682,0
9686,0
9690,0
9692,0
9696,0
9700,0
9706,0
9708,0
9712,0
9716,0
9720,0
9726,0
9730,0
9732,0
9738,0
9742,0
9746,0
9750,0
9752,0
9756,0
9760,0
9764,0
9770,0
9772,0
9778,0
9782,0
9786,0
9790,0
9794,0
9796,0
9800,0
9806,0
9808,0
9812,0
9818,0
9822,0
9826,0
9828,0
9832,0
9838,0
9840,0
9846,0
9850,0
9854,0
9856,0
9862,0
9866,0
9870,0
9874,0
9878,0
9882,0
9886,0
9890,0
9894,0
9898,0
9900,0
9906,0
9908,0
9912,0
9918,0
9922,0
9924,0
9928,0
9932,0
9936,0
9942,0
9944,0
9948,0
9954,0
9956,0
9960,0
9964,0
9968,0
9974,0
9978,0
9982,0
9984,0
9988,0
9992,0
9996,0
10000,0
10004,0
10008,0
10012,0
10016,0
10020,0
10026,0
10028,0
10032,0
10036,0
10042,0
10044,0
10048,0
10052,0
10056,0
10060,0
10066,0
10068,0
10074,0
10076,0
10082,0
10086,0
10090,0
10094,0
10096,0
10102,0
10106,0
10110,0
10112,0
10118,0
10122,0
10124,0
10128,0
10134,0
10138,0
10142,0
10146,0
10150,0
10154,0
10158,0
10162,0
10166,0
10170,0
10174,0
10176,0
10180,0
10184,0
10190,0
10192,0
10198,0
10200,0
10206,0
10208,0
10212,0
10218,0
10220,0
10226,0
10228,0
10234,0
10236,0
10242,0
10246,0
10248,0
10254,0
10256,0
10260,0
10264,0
10268,0
10272,0
10278,0
10280,0
10286,0
10290,0
10294,0
10298,0
10302,0
10304,0
10310,0
10312,0
10318,0
10322,0
10326,0
10330,0
10332,0
10338,0
10340,0
10346,0
10348,0
10352,0
10358,0
10362,0
10366,0
10370,0
10374,0
10376,0
10380,0
10386,0
10388,0
10394,0
10398,0
10400,0
10406,0
10408,0
10414,0
10416,0
10420,0
10424,0
10430,0
10432,0
10436,0
10442,0
10446,0
10448,0
10452,0
10456,0
10462,0
10464,0
10468,0
10474,0
10476,0
10480,0
10484,0
10490,0
10492,0
10498,0
10502,0
10504,0
10508,0
10512,0
10518,0
10520,0
10526,0
10528,0
10532,0
10536,0
10542,0
10546,0
10550,0
10554,0
10558,0
10560,0
10566,0
10570,0
10572,0
10578,0
10582,0
10586,0
10590,0
10592,0
10596,0
10602,0
10606,0
10610,0
10614,0
10618,0
10622,0
10624,0
10628,0
10634,0
10636,0
10642,0
10644,0
10648,0
10654,0
10656,0
10660,0
10666,0
10670,0
10674,0
10676,0
10680,0
10684,0
10688,0
10694,0
10696,0
10702,0
10706,0
10710,0
10712,0
10718,0
10720,0
10724,0
10728,0
10734,0
10738,0
10742,0
10746,0
10750,0
10754,0
10756,0
10760,0
10764,0
10770,0
10774,0
10776,0
10780,0
10784,0
10790,0
10794,0
10798,0
10802,0
10806,0
10810,0
10814,0
10816,0
10822,0
10826,0
10828,0
10832,0
10838,0
10840,0
10844,0
10848,0
10854,0
10858,0
10862,0
10864,0
10870,0
10872,0
10878,0
10882,0
10884,0
10890,0
10894,0
10896,0
10900,0
10904,0
10910,0
10914,0
10916,0
10920,0
10924,0
10928,0
10934,0
10938,0
10942,0
10944,0
10948,0
10952,0
10956,0
10960,0
10964,0
10970,0
10974,0
10978,0
10982,0
10986,0
10988,0
10994,0
10998,0
11002,0
11006,0
11010,0
11012,0
11016,0
11022,0
11026,0
11028,0
11032,0
11036,0
11042,0
11044,0
11048,0
11052,0
11056,0
11060,0
11064,0
11070,0
11074,0
11076,0
11082,0
11084,0
11090,0
11092,0
11098,0
11102,0
11106,0
11108,0
11114,0
11116,0
11120,0
11124,0
11130,0
11132,0
11138,0
11142,0
11146,0
11148,0
11154,0
11158,0
11162,0
11166,0
11170,0
11174,0
11176,0
11180,0
11184,0
11190,0
11192,0
11198,0
11202,0
11204,0
11210,0
11212,0
11216,0
11222,0
11224,0
11228,0
11234,0
11236,0
11240,0
11246,0
11248,0
11254,0
11258,0
11262,0
11264,0
11270,0
11272,0
11278,0
11280,0
11286,0
11290,0
11292,0
11296,0
11302,0
11306,0
11310,0
11314,0
11318,0
11322,0
11324,0
11330,0
11334,0
11336,0
11342,0
11346,0
11348,0
11352,0
11356,0
11362,0
11364,0
11370,0
11374,0
11376,0
11382,0
11386,0
11390,0
11392,0
11398,0
11400,0
11404,0
11410,0
11412,0
11418,0
11420,0
11424,0
11430,0
11432,0
11438,0
11442,0
11444,0
11448,0
11452,0
11456,0
11462,0
11464,0
11468,0
11472,0
11478,0
11480,0
11484,0
11490,0
11494,0
11498,0
11502,0
11504,0
11508,0
11512,0
11516,0
11520,0
11526,0
11528,0
11534,0
11536,0
11540,0
11544,0
11548,0
11554,0
11558,0
11562,0
11564,0
11570,0
11572,0
11578,0
11582,0
11586,0
11588,0
11592,0
11598,0
11600,0
11606,0
11608,0
11614,0
11616,0
11622,0
11626,0
11628,0
11634,0
11636,0
11640,0
11646,0
11650,0
11652,0
11656,0
11660,0
11666,0
11668,0
11672,0
11676,0
11680,0
11686,0
11688,0
11692,0
11696,0
11700,0
11704,0
11710,0
11712,0
11716,0
11720,0
11726,0
11730,0
11734,0
11736,0
11740,0
11744,0
11750,0
11752,0
11756,0
11760,0
11764,0
11768,0
11774,0
11776,0
11780,0
11786,0
11788,0
11792,0
11796,0
11800,0
11806,0
11810,0
11812,0
11816,0
11822,0
11824,0
11830,0
11832,0
11836,0
11842,0
11846,0
11848,0
11854,0
11856,0
11860,0
11866,0
11870,0
11874,0
11876,0
11882,0
11884,0
11888,0
11894,0
11896,0
11900,0
11904,0
11910,0
11912,0
11918,0
11920,0
11926,0
11928,0
11932,0
11938,0
11942,0
11944,0
11950,0
11954,0
11956,0
11960,0
11966,0
11970,0
11972,0
11976,0
11982,0
11986,0
11988,0
11992,0
11996,0
12000,0
12004,0
12008,0
12012,0
12018,0
12020,0
12026,0
12030,0
12032,0
12036,0
12042,0
12044,0
12048,0
12052,0
12056,0
12060,0
12064,0
12070,0
12072,0
12078,0
12080,0
12084,0
12088,0
12092,0
12098,0
12102,0
12106,0
12108,0
12112,0
12116,0
12120,0
12126,0
12128,0
12132,0
12136,0
12142,0
12144,0
12150,0
12154,0
12158,0
12162,0
12166,0
12170,0
12174,0
12178,0
12182,0
12186,0
12190,0
12194,0
12198,0
12200,0
12204,0
12208,0
12212,0
12218,0
12222,0
12224,0
12228,0
12232,0
12238,0
12242,0
12244,0
12250,0
12254,0
12258,0
12260,0
12264,0
12268,0
12274,0
12278,0
12282,0
12286,0
12290,0
12294,0
12298,0
12300,0
12306,0
12308,0
12312,0
12316,0
12320,0
12326,0
12330,0
12332,0
12338,0
12342,0
12344,0
12348,0
12352,0
12356,0
12360,0
12366,0
12370,0
12372,0
12376,0
12380,0
12384,0
12388,0
12392,0
12398,0
12400,0
12406,0
12408,0
12414,0
12416,0
12420,0
12426,0
12430,0
12434,0
12436,0
12440,0
12446,0
12448,0
12452,0
12456,0
12460,0
12466,0
12468,0
12474,0
12478,0
12482,0
12486,0
12490,0
12492,0
12498,0
12500,0
12504,0
12508,0
12512,0
12516,0
12522,0
12524,0
12528,0
12534,0
12538,0
12542,0
12544,0
12548,0
12554,0
12558,0
12560,0
12564,0
12568,0
12574,0
12576,0
12582,0
12584,0
12590,0
12594,0
12598,0
12600,0
12604,0
12610,0
12614,0
12616,0
12620,0
12626,0
12628,0
12634,0
12636,0
12640,0
12646,0
12650,0
12652,0
12658,0
12660,0
12664,0
12668,0
12674,0
12676,0
12680,0
12686,0
12690,0
12692,0
12696,0
12702,0
12706,0
12710,0
12714,0
12718,0
12722,0
12726,0
12730,0
12732,0
12738,0
12742,0
12746,0
12748,0
12754,0
12756,0
12762,0
12764,0
12768,0
12772,0
12778,0
12780,0
12786,0
12788,0
12794,0
12796,0
12800,0
12804,0
12808,0
12814,0
12818,0
12822,0
12826,0
12828,0
12832,0
12838,0
12842,0
12844,0
12850,0
12852,0
12856,0
12860,0
12864,0
12868,0
12874,0
12878,0
12882,0
12886,0
12890,0
12894,0
12896,0
12902,0
12906,0
12910,0
12914,0
12916,0
12920,0
12926,0
12930,0
12932,0
12936,0
12940,0
12944,0
12950,0
12954,0
12956,0
12962,0
12966,0
12968,0
12972,0
12978,0
12982,0
12986,0
12988,0
12994,0
12996,0
13000,0
13004,0
13008,0
13014,0
13016,0
13020,0
13026,0
13028,0
13032,0
13036,0
13040,0
13044,0
13048,0
13052,0
13058,0
13062,0
13064,0
13068,0
13072,0
13076,0
13082,0
13086,0
13088,0
13092,0
13096,0
13102,0
13104,0
13110,0
13114,0
13116,0
13122,0
13124,0
13128,0
13132,0
13136,0
13140,0
13144,0
13148,0
13152,0
13156,0
13160,0
13166,0
13168,0
13172,0
13176,0
13182,0
13186,0
13190,0
13194,0
13198,0
13202,0
13206,0
13208,0
13212,0
13216,0
13220,0
13224,0
13230,0
13232,0
13236,0
13242,0
13246,0
13248,0
13252,0
13256,0
13260,0
13264,0
13270,0
13274,0
13276,0
13282,0
13286,0
13288,0
13294,0
13298,0
13300,0
13304,0
13308,0
13314,0
13316,0
13322,0
13326,0
13328,0
13332,0
13338,0
13342,0
13344,0
13350,0
13354,0
13356,0
13362,0
13366,0
13370,0
13372,0
13378,0
13382,0
13386,0
13390,0
13394,0
13398,0
13400,0
13404,0
13410,0
13412,0
13416,0
13420,0
13426,0
13430,0
13434,0
13436,0
13440,0
13444,0
13450,0
13454,0
13456,0
13462,0
13464,0
13470,0
13474,0
13478,0
13482,0
13484,0
13490,0
13492,0
13498,0
13502,0
13506,0
13508,0
13514,0
13516,0
13520,0
13526,0
13530,0
13534,0
13536,0
13542,0
13546,0
13548,0
13552,0
13558,0
13560,0
13564,0
13570,0
13574,0
13576,0
13582,0
13586,0
13590,0
13594,0
13596,0
13600,0
13604,0
13608,0
13612,0
13616,0
13622,0
13626,0
13630,0
13632,0
13636,0
13642,0
13644,0
13648,0
13654,0
13656,0
13660,0
13664,0
13670,0
13674,0
13676,0
13680,0
13684,0
13690,0
13692,0
13698,0
13700,0
13704,0
13710,0
13714,0
13718,0
13722,0
13726,0
13728,0
13732,0
13738,0
13740,0
13744,0
13750,0
13754,0
13756,0
13760,0
13766,0
13770,0
13774,0
13778,0
13782,0
13784,0
13790,0
13792,0
13796,0
13800,0
13804,0
13808,0
13812,0
13816,0
13822,0
13826,0
13830,0
13832,0
13836,0
13840,0
13844,0
13850,0
13852,0
13856,0
13862,0
13864,0
13868,0
13874,0
13876,0
13882,0
13884,0
13888,0
13894,0
13896,0
13902,0
13906,0
13910,0
13912,0
13916,0
13920,0
13924,0
13928,0
13934,0
13936,0
13940,0
13944,0
13948,0
13952,0
13956,0
13962,0
13964,0
13970,0
13974,0
13976,0
13980,0
13986,0
13988,0
13994,0
13998,0
14002,0
14006,0
14008,0
14014,0
14016,0
14022,0
14024,0
14030,0
14034,0
14036,0
14042,0
14046,0
14048,0
14054,0
14056,0
14060,0
14064,0
14070,0
14072,0
14076,0
14080,0
14084,0
14088,0
14094,0
14098,0
14100,0
14106,0
14108,0
14112,0
14116,0
14122,0
14126,0
14128,0
14132,0
14138,0
14140,0
14144,0
14150,0
14154,0
14156,0
14162,0
14164,0
14168,0
14174,0
14178,0
14180,0
14186,0
14188,0
14194,0
14196,0
14202,0
14204,0
14208,0
14214,0
14218,0
14222,0
14226,0
14228,0
14232,0
14238,0
14240,0
14244,0
14250,0
14252,0
14256,0
14260,0
14264,0
14270,0
14272,0
14276,0
14282,0
14284,0
14290,0
14294,0
14298,0
14300,0
14304,0
14310,0
14314,0
14318,0
14322,0
14326,0
14330,0
14332,0
14338,0
14342,0
14346,0
14350,0
14352,0
14356,0
14360,0
14366,0
14368,0
14374,0
14376,0
14380,0
14384,0
14388,0
14394,0
14398,0
14402,0
14404,0
14410,0
14412,0
14416,0
14420,0
14426,0
14430,0
14434,0
14438,0
14442,0
14444,0
14448,0
14452,0
14458,0
14462,0
14464,0
14468,0
14472,0
14478,0
14480,0
14484,0
14488,0
14492,0
14498,0
14500,0
14504,0
14510,0
14514,0
14518,0
14520,0
14526,0
14530,0
14534,0
14538,0
14542,0
14544,0
14550,0
14554,0
14556,0
14560,0
14566,0
14568,0
14572,0
14576,0
14580,0
14586,0
14590,0
14594,0
14598,0
14602,0
14604,0
14608,0
14614,0
14616,0
14620,0
14624,0
14628,0
14632,0
14636,0
14642,0
14644,0
14650,0
14652,0
14656,0
14660,0
14664,0
14668,0
14672,0
14676,0
14682,0
14686,0
14688,0
14692,0
14696,0
14702,0
14706,0
14710,0
14712,0
14716,0
14720,0
14726,0
14730,0
14732,0
14738,0
14740,0
14746,0
14750,0
14752,0
14758,0
14762,0
14764,0
14768,0
14774,0
14778,0
14782,0
14784,0
14788,0
14794,0
14796,0
14802,0
14806,0
14808,0
14814,0
14816,0
14820,0
14826,0
14830,0
14832,0
14838,0
14842,0
14846,0
14848,0
14852,0
14856,0
14860,0
14866,0
14868,0
14874,0
14876,0
14882,0
14884,0
14888,0
14892,0
14896,0
14902,0
14904,0
14910,0
14912,0
14916,0
14920,0
14926,0
14930,0
14932,0
14936,0
14940,0
14944,0
14948,0
14954,0
14958,0
14962,0
14964,0
14970,0
14974,0
14976,0
14982,0
14986,0
14988,0
14992,0
14996,0
15000,0
15006,0
15010,0
15012,0
15018,0
15020,0
15026,0
15030,0
15034,0
15038,0
15042,0
15046,0
15048,0
15054,0
15058,0
15060,0
15064,0
15068,0
15074,0
15076,0
15080,0
15086,0
15088,0
15094,0
15096,0
15102,0
15106,0
15110,0
15114,0
15118,0
15120,0
15124,0
15128,0
15132,0
15138,0
15140,0
15144,0
15148,0
15152,0
15156,0
15162,0
15164,0
15168,0
15172,0
15178,0
15182,0
15184,0
15190,0
15192,0
15196,0
15202,0
15206,0
15210,0
15212,0
15216,0
15220,0
15226,0
15228,0
15234,0
15238,0
15240,0
15244,0
15248,0
15252,0
15256,0
15262,0
15266,0
15270,0
15272,0
15276,0
15280,0
15284,0
15288,0
15294,0
15298,0
15302,0
15306,0
15310,0
15314,0
15316,0
15320,0
15326,0
15330,0
15332,0
15336,0
15342,0
15346,0
15350,0
15354,0
15358,0
15362,0
15366,0
15370,0
15374,0
15378,0
15382,0
15384,0
15390,0
15392,0
15398,0
15402,0
15406,0
15408,0
15414,0
15418,0
15422,0
15426,0
15428,0
15434,0
15438,0
15440,0
15446,0
15450,0
15454,0
15458,0
15462,0
15464,0
15468,0
15474,0
15476,0
15482,0
15484,0
15488,0
15494,0
15496,0
15500,0
15504,0
15508,0
15514,0
15518,0
15520,0
15524,0
15530,0
15534,0
15538,0
15542,0
15546,0
15550,0
15554,0
15556,0
15560,0
15566,0
15568,0
15572,0
15578,0
15582,0
15586,0
15590,0
15594,0
15596,0
15602,0
15604,0
15610,0
15612,0
15616,0
15622,0
15624,0
15630,0
15634,0
15636,0
15642,0
15646,0
15648,0
15654,0
15656,0
15660,0
15664,0
15668,0
15672,0
15676,0
15680,0
15686,0
15690,0
15692,0
15698,0
15702,0
15706,0
15708,0
15714,0
15716,0
15720,0
15724,0
15728,0
15734,0
15738,0
15742,0
15744,0
15748,0
15754,0
15758,0
15760,0
15764,0
15768,0
15774,0
15778,0
15780,0
15784,0
15788,0
15794,0
15798,0
15800,0
15806,0
15810,0
15814,0
15816,0
15820,0
15824,0
15830,0
15834,0
15838,0
15842,0
15844,0
15848,0
15854,0
15858,0
15860,0
15864,0
15870,0
15872,0
15876,0
15882,0
15884,0
15888,0
15894,0
15898,0
15900,0
15904,0
15908,0
15912,0
15916,0
15922,0
15924,0
15928,0
15932,0
15938,0
15940,0
15944,0
15950,0
15952,0
15958,0
15960,0
15966,0
15970,0
15974,0
15978,0
15980,0
15984,0
15988,0
15992,0
15996,0
16000,0
16004,0
16010,0
16014,0
16016,0
16020,0
16024,0
16030,0
16034,0
16038,0
16040,0
16044,0
16048,0
16054,0
16056,0
16062,0
16066,0
16068,0
16074,0
16076,0
16082,0
16084,0
16090,0
16092,0
16098,0
16102,0
16104,0
16110,0
16112,0
16118,0
16120,0
16126,0
16128,0
16134,0
16136,0
16142,0
16146,0
16150,0
16152,0
16156,0
16162,0
16166,0
16170,0
16174,0
16178,0
16182,0
16186,0
16190,0
16192,0
16198,0
16202,0
16204,0
16208,0
16212,0
16216,0
16220,0
16226,0
16230,0
16232,0
16236,0
16242,0
16246,0
16248,0
16254,0
16256,0
16262,0
16266,0
16270,0
16272,0
16278,0
16282,0
16284,0
16290,0
16294,0
16298,0
16302,0
16306,0
16308,0
16314,0
16316,0
16322,0
16326,0
16328,0
16334,0
16338,0
16342,0
16346,0
16350,0
16352,0
16358,0
16362,0
16364,0
16370,0
16372,0
16378,0
16380,0
16384,0
16388,0
16394,0
16396,0
16402,0
16404,0
16410,0
16412,0
16416,0
16422,0
16424,0
16428,0
16432,0
16436,0
16440,0
16446,0
16450,0
16454,0
16456,0
16462,0
16466,0
16470,0
16474,0
16478,0
16482,0
16484,0
16490,0
16492,0
16496,0
16502,0
16504,0
16510,0
16514,0
16518,0
16522,0
16526,0
16530,0
16532,0
16536,0
16540,0
16544,0
16548,0
16554,0
16556,0
16560,0
16564,0
16568,0
16574,0
16576,0
16580,0
16586,0
16588,0
16592,0
16596,0
16600,0
16604,0
16608,0
16614,0
16616,0
16622,0
16624,0
16628,0
16632,0
16638,0
16640,0
16646,0
16648,0
16652,0
16656,0
16662,0
16666,0
16670,0
16672,0
16678,0
16680,0
16684,0
16690,0
16692,0
16696,0
16702,0
16704,0
16708,0
16712,0
16716,0
16720,0
16726,0
16730,0
16734,0
16738,0
16740,0
16746,0
16750,0
16754,0
16756,0
16760,0
16766,0
16770,0
16772,0
16778,0
16782,0
16784,0
16788,0
16794,0
16796,0
16800,0
16806,0
16810,0
16814,0
16816,0
16820,0
16826,0
16828,0
16834,0
16838,0
16842,0
16846,0
16850,0
16852,0
16856,0
16862,0
16866,0
16870,0
16874,0
16878,0
16882,0
16886,0
16890,0
16894,0
16898,0
16902,0
16906,0
16910,0
16912,0
16918,0
16922,0
16924,0
16930,0
16932,0
16938,0
16940,0
16946,0
16950,0
16952,0
16958,0
16960,0
16966,0
16968,0
16972,0
16978,0
16982,0
16984,0
16988,0
16994,0
16996,0
17002,0
17004,0
17010,0
17014,0
17016,0
17020,0
17026,0
17030,0
17034,0
17036,0
17042,0
17046,0
17050,0
17052,0
17056,0
17060,0
17066,0
17070,0
17072,0
17076,0
17082,0
17086,0
17090,0
17092,0
17098,0
17100,0
17106,0
17108,0
17114,0
17118,0
17120,0
17126,0
17130,0
17132,0
17136,0
17140,0
17144,0
17148,0
17152,0
17156,0
17162,0
17166,0
17168,0
17172,0
17178,0
17180,0
17184,0
17188,0
17192,0
17196,0
17202,0
17206,0
17210,0
17214,0
17218,0
17222,0
17226,0
17230,0
17232,0
17238,0
17242,0
17244,0
17248,0
17252,0
17258,0
17262,0
17266,0
17270,0
17274,0
17276,0
17282,0
17284,0
17290,0
17294,0
17296,0
17300,0
17304,0
17308,0
17312,0
17318,0
17320,0
17324,0
17330,0
17332,0
17336,0
17342,0
17344,0
17350,0
17354,0
17358,0
17362,0
17366,0
17368,0
17374,0
17376,0
17380,0
17386,0
17388,0
17392,0
17396,0
17400,0
17406,0
17408,0
17412,0
17418,0
17420,0
17424,0
17428,0
17432,0
17436,0
17442,0
17446,0
17448,0
17452,0
17456,0
17462,0
17464,0
17470,0
17474,0
17478,0
17482,0
17484,0
17490,0
17494,0
17496,0
17500,0
17506,0
17508,0
17514,0
17518,0
17522,0
17524,0
17528,0
17532,0
17538,0
17540,0
17546,0
17548,0
17554,0
17556,0
17562,0
17564,0
17568,0
17574,0
17578,0
17582,0
17586,0
17588,0
17594,0
17596,0
17600,0
17606,0
17610,0
17612,0
17618,0
17622,0
17626,0
17628,0
17634,0
17636,0
17640,0
17644,0
17650,0
17652,0
17658,0
17662,0
17666,0
17670,0
17672,0
17678,0
17682,0
17684,0
17690,0
17692,0
17698,0
17702,0
17706,0
17710,0
17712,0
17716,0
17722,0
17726,0
17728,0
17734,0
17736,0
17742,0
17744,0
17748,0
17752,0
17756,0
17760,0
17764,0
17768,0
17774,0
17778,0
17782,0
17784,0
17790,0
17792,0
17796,0
17802,0
17804,0
17810,0
17814,0
17818,0
17822,0
17826,0
17830,0
17834,0
17838,0
17842,0
17846,0
17850,0
17854,0
17858,0
17860,0
17866,0
17870,0
17874,0
17878,0
17882,0
17886,0
17890,0
17892,0
17898,0
17900,0
17906,0
17908,0
17912,0
17916,0
17920,0
17926,0
17928,0
17932,0
17938,0
17942,0
17944,0
17948,0
17954,0
17958,0
17960,0
17964,0
17968,0
17974,0
17978,0
17980,0
17986,0
17990,0
17994,0
17996,0
18000,0
18006,0
18010,0
18012,0
18018,0
18020,0
18026,0
18030,0
18032,0
18038,0
18042,0
18044,0
18050,0
18054,0
18058,0
18062,0
18064,0
18070,0
18074,0
18078,0
18082,0
18086,0
18090,0
18092,0
18096,0
18100,0
18104,0
18108,0
18112,0
18118,0
18122,0
18126,0
18130,0
18134,0
18138,0
18142,0
18146,0
18150,0
18154,0
18158,0
18162,0
18164,0
18170,0
18174,0
18178,0
18182,0
18184,0
18188,0
18194,0
18198,0
18202,0
18204,0
18208,0
18214,0
18216,0
18220,0
18224,0
18230,0
18234,0
18238,0
18242,0
18244,0
18248,0
18252,0
18258,0
18262,0
18264,0
18287,0
18289,0
18295,0
18297,0
18303,0
18305,0
18311,0
18313,0
18319,0
18321,0
18327,0
18329,0
18335,0
18337,0
18343,0
18345,0
18351,0
18353,0
18359,0
18361,0
18367,0
18369,0
18375,0
18377,0
18383,0
18385,0
18391,0
18393,0
18399,0
18401,0
18407,0
18409,0
18415,0
18417,0
18423,0
18425,0
18431,0
18433,0
18439,0
18441,0
18447,0
18449,0
18455,0
18457,0
18463,0
18465,0
18471,0
18473,0
18479,0
18481,0
18487,0
18489,0
18495,0
18497,0
18503,0
18505,0
18511,0
18513,0
18519,0
18521,0
18525,0
18531,0
18533,0
18539,0
18541,0
18547,0
18549,0
18555,0
18557,0
18563,0
18565,0
18571,0
18573,0
18579,0
18581,0
18587,0
18589,0
18595,0
18597,0
18603,0
18605,0
18611,0
18613,0
18619,0
18621,0
18627,0
18629,0
18635,0
18637,0
18643,0
18645,0
18651,0
18653,0
18659,0
18661,0
18667,0
18669,0
18675,0
18679,0
18681,0
18687,0
18689,0
18695,0
18697,0
18703,0
18705,0
18711,0
18713,0
18719,0
18721,0
18727,0
18729,0
18735,0
18737,0
18743,0
18745,0
18751,0
18753,0
18759,0
18761,0
18767,0
18769,0
18773,0
18779,0
18781,0
18787,0
18789,0
18795,0
18797,0
18803,0
18805,0
18811,0
18813,0
18819,0
18821,0
18825,0
18831,0
18833,0
18839,0
18841,0
18847,0
18849,0
18855,0
18857,0
18863,0
18865,0
18871,0
18873,0
18879,0
18881,0
18887,0
18889,0
18895,0
18897,0
18903,0
18905,0
18911,0
18913,0
18919,0
18921,0
18927,0
18929,0
18935,0
18937,0
18943,0
18945,0
18951,0
18953,0
18959,0
18961,0
18967,0
18969,0
18975,0
18977,0
18983,0
18985,0
18991,0
18993,0
18999,0
19001,0
19005,0
19011,0
19013,0
19019,0
19021,0
19027,0
19029,0
19035,0
19037,0
19043,0
19045,0
19051,0
19053,0
19059,0
19061,0
19067,0
19069,0
19075,0
19077,0
19083,0
19085,0
19091,0
19093,0
19099,0
19101,0
19107,0
19109,0
19115,0
19117,0
19123,0
19125,0
19131,0
19133,0
19137,0
19143,0
19145,0
19151,0
19153,0
19159,0
19161,0
19167,0
19169,0
19175,0
19177,0
19183,0
19185,0
19191,0
19193,0
19199,0
19201,0
19207,0
19209,0
19215,0
19217,0
19223,0
19225,0
19231,0
19233,0
19239,0
19241,0
19247,0
19249,0
19255,0
19257,0
19263,0
19265,0
19271,0
19273,0
19279,0
19281,0
19287,0
19289,0
19295,0
19297,0
19303,0
19305,0
19311,0
19313,0
19319,0
19321,0
19327,0
19329,0
19335,0
19337,0
19343,0
19345,0
19351,0
19353,0
19359,0
19361,0
19367,0
19369,0
19375,0
19377,0
19383,0
19385,0
19391,0
19393,0
19399,0
19401,0
19405,0
19411,0
19413,0
19419,0
19421,0
19427,0
19429,0
19435,0
19437,0
19441,0
19447,0
19449,0
19455,0
19457,0
19463,0
19465,0
19471,0
19473,0
19479,0
19481,0
19487,0
19489,0
19495,0
19497,0
19503,0
19505,0
19511,0
19513,0
19519,0
19521,0
19527,0
19529,0
19535,0
19537,0
19543,0
19545,0
19551,0
19553,0
19559,0
19561,0
19567,0
19569,0
19575,0
19577,0
19583,0
19585,0
19591,0
19593,0
19599,0
19601,0
19607,0
19609,0
19615,0
19617,0
19623,0
19625,0
19631,0
19633,0
19639,0
19641,0
19647,0
19649,0
19655,0
19657,0
19663,0
19665,0
19671,0
19673,0
19679,0
19681,0
19687,0
19689,0
19695,0
19697,0
19703,0
19705,0
19711,0
19713,0
19719,0
19721,0
19727,0
19729,0
19735,0
19737,0
19743,0
19745,0
19751,0
19753,0
19759,0
19761,0
19767,0
19769,0
19775,0
19777,0
19783,0
19785,0
19791,0
19793,0
19799,0
19801,0
19807,0
19809,0
19815,0
19817,0
19823,0
19825,0
19831,0
19833,0
19839,0
19841,0
19847,0
19849,0
19855,0
19857,0
19863,0
19865,0
19871,0
19873,0
19879,0
19881,0
19887,0
19889,0
19895,0
19897,0
19903,0
19905,0
19911,0
19913,0
19919,0
19921,0
19927,0
19929,0
19935,0
19937,0
19943,0
19945,0
19951,0
19953,0
19959,0
19961,0
19967,0
19969,0
19975,0
19977,0
19983,0
19985,0
19991,0
19993,0
19999,0
20001,0
20007,0
20009,0
20015,0
20017,0
20023,0
20025,0
20031,0
20033,0
20039,0
20041,0
20047,0
20049,0
20055,0
20057,0
20063,0
20065,0
20071,0
20073,0
20079,0
20081,0
20087,0
20089,0
20095,0
20097,0
20103,0
20105,0
20111,0
20113,0
20119,0
20121,0
20127,0
20129,0
20135,0
20137,0
20143,0
20145,0
20151,0
20153,0
20159,0
20161,0
20167,0
20169,0
20175,0
20177,0
20183,0
20185,0
20189,0
20193,0
20199,0
20201,0
20207,0
20211,0
20215,0
20217,0
20223,0
20225,0
20231,0
20233,0
20239,0
20241,0
20247,0
20249,0
20255,0
20257,0
20263,0
20265,0
20271,0
20273,0
20279,0
20281,0
20287,0
20289,0
20295,0
20297,0
20303,0
20305,0
20309,0
20313,0
20319,0
20321,0
20327,0
20329,0
20335,0
20337,0
20343,0
20345,0
20351,0
20353,0
20359,0
20361,0
20367,0
20369,0
20375,0
20377,0
20383,0
20385,0
20391,0
20393,0
20399,0
20401,0
20407,0
20409,0
20415,0
20417,0
20423,0
20425,0
20431,0
20433,0
20439,0
20441,0
20447,0
20449,0
20455,0
20457,0
20461,0
20465,0
20471,0
20473,0
20479,0
20481,0
20485,0
20491,0
20493,0
20497,0
20503,0
20505,0
20511,0
20513,0
20517,0
20523,0
20525,0
20531,0
20533,0
20539,0
20541,0
20547,0
20549,0
20555,0
20557,0
20563,0
20565,0
20571,0
20573,0
20577,0
20581,0
20587,0
20589,0
20593,0
20599,0
20601,0
20607,0
20609,0
20613,0
20619,0
20621,0
20627,0
20629,0
20635,0
20637,0
20643,0
20645,0
20651,0
20653,0
20659,0
20661,0
20667,0
20669,0
20675,0
20677,0
20683,0
20685,0
20691,0
20693,0
20699,0
20701,0
20707,0
20709,0
20715,0
20717,0
20723,0
20725,0
20731,0
20733,0
20737,0
20743,0
20745,0
20751,0
20753,0
20759,0
20761,0
20767,0
20769,0
20775,0
20777,0
20783,0
20785,0
20791,0
20793,0
20799,0
20801,0
20807,0
20809,0
20815,0
20817,0
20823,0
20825,0
20831,0
20833,0
20839,0
20841,0
20847,0
20849,0
20855,0
20857,0
20863,0
20865,0
20871,0
20873,0
20879,0
20881,0
20887,0
20889,0
20895,0
20897,0
20903,0
20905,0
20911,0
20913,0
20919,0
20921,0
20927,0
20929,0
20935,0
20937,0
20943,0
20945,0
20951,0
20953,0
20959,0
20961,0
20967,0
20969,0
20975,0
20977,0
20983,0
20985,0
20991,0
20993,0
20999,0
21001,0
21007,0
21009,0
21015,0
21017,0
21023,0
21025,0
21031,0
21033,0
21039,0
21043,0
21045,0
21051,0
21053,0
21059,0
21061,0
21067,0
21069,0
21075,0
21077,0
21083,0
21085,0
21091,0
21093,0
21099,0
21101,0
21107,0
21109,0
21115,0
21117,0
21123,0
21125,0
21131,0
21133,0
21139,0
21141,0
21145,0
21149,0
21155,0
21157,0
21163,0
21165,0
21171,0
21173,0
21179,0
21181,0
21185,0
21191,0
21193,0
21199,0
21201,0
21207,0
21209,0
21215,0
21217,0
21223,0
21225,0
21231,0
21233,0
21239,0
21241,0
21247,0
21249,0
21255,0
21257,0
21263,0
21265,0
21271,0
21273,0
21279,0
21281,0
21285,0
21291,0
21293,0
21299,0
21301,0
21307,0
21309,0
21315,0
21317,0
21323,0
21325,0
21331,0
21333,0
21339,0
21341,0
21347,0
21349,0
21355,0
21357,0
21363,0
21365,0
21371,0
21373,0
21379,0
21381,0
21387,0
21389,0
21395,0
21397,0
21403,0
21405,0
21411,0
21413,0
21419,0
21421,0
21427,0
21429,0
21435,0
21437,0
21443,0
21445,0
21451,0
21453,0
21459,0
21461,0
21467,0
21469,0
21475,0
21477,0
21483,0
21485,0
21489,0
21495,0
21497,0
21503,0
21505,0
21511,0
21515,0
21517,0
21523,0
21525,0
21531,0
21533,0
21539,0
21541,0
21547,0
21549,0
21555,0
21557,0
21563,0
21565,0
21571,0
21573,0
21579,0
21581,0
21587,0
21589,0
21595,0
21597,0
21603,0
21605,0
21609,0
21615,0
21617,0
21623,0
21625,0
21631,0
21633,0
21639,0
21641,0
21647,0
21649,0
21655,0
21657,0
21663,0
21665,0
21671,0
21673,0
21679,0
21681,0
21687,0
21689,0
21695,0
21697,0
21703,0
21705,0
21711,0
21713,0
21719,0
21721,0
21727,0
21729,0
21735,0
21737,0
21743,0
21745,0
21751,0
21753,0
21759,0
21761,0
21767,0
21769,0
21775,0
21777,0
21783,0
21785,0
21791,0
21793,0
21799,0
21801,0
21807,0
21809,0
21815,0
21817,0
21821,0
21827,0
21829,0
21835,0
21837,0
21843,0
21845,0
21851,0
21853,0
21859,0
21861,0
21867,0
21869,0
21875,0
21877,0
21883,0
21885,0
21891,0
21893,0
21899,0
21901,0
21907,0
21909,0
21915,0
21917,0
21923,0
21925,0
21931,0
21933,0
21939,0
21941,0
21947,0
21949,0
21955,0
21957,0
21963,0
21965,0
21971,0
21973,0
21979,0
21981,0
21987,0
21989,0
21995,0
21997,0
22003,0
22005,0
22011,0
22013,0
22019,0
22021,0
22027,0
22029,0
22035,0
22037,0
22043,0
22045,0
22051,0
22053,0
22059,0
22061,0
22067,0
22069,0
22075,0
22077,0
22083,0
22085,0
22091,0
22093,0
22099,0
22101,0
22107,0
22109,0
22115,0
22117,0
22123,0
22127,0
22129,0
22135,0
22137,0
22143,0
22145,0
22151,0
22153,0
22159,0
22161,0
22167,0
22169,0
22175,0
22177,0
22183,0
22185,0
22191,0
22193,0
22197,0
22203,0
22205,0
22209,0
22215,0
22217,0
22223,0
22225,0
22231,0
22233,0
22239,0
22241,0
22247,0
22249,0
22253,0
22259,0
22261,0
22267,0
22269,0
22275,0
22277,0
22283,0
22285,0
22291,0
22293,0
22299,0
22301,0
22307,0
22309,0
22315,0
22317,0
22323,0
22325,0
22331,0
22333,0
22339,0
22341,0
22347,0
22349,0
22355,0
22357,0
22363,0
22365,0
22371,0
22373,0
22379,0
22381,0
22387,0
22389,0
22395,0
22397,0
22403,0
22405,0
22411,0
22413,0
22419,0
22421,0
22425,0
22431,0
22433,0
22437,0
22443,0
22445,0
22451,0
22453,0
22459,0
22461,0
22467,0
22469,0
22473,0
22479,0
22481,0
22487,0
22489,0
22495,0
22497,0
22503,0
22505,0
22511,0
22513,0
22519,0
22521,0
22527,0
22529,0
22535,0
22537,0
22541,0
22547,0
22549,0
22553,0
22557,0
22563,0
22565,0
22571,0
22573,0
22577,0
22583,0
22585,0
22591,0
22593,0
22599,0
22601,0
22607,0
22609,0
22615,0
22617,0
22621,0
22627,0
22629,0
22635,0
22637,0
22643,0
22645,0
22651,0
22653,0
22659,0
22661,0
22667,0
22669,0
22675,0
22677,0
22683,0
22685,0
22691,0
22693,0
22699,0
22701,0
22707,0
22709,0
22713,0
22719,0
22721,0
22727,0
22729,0
22733,0
22739,0
22741,0
22747,0
22749,0
22755,0
22757,0
22763,0
22765,0
22771,0
22773,0
22779,0
22781,0
22785,0
22791,0
22793,0
22799,0
22801,0
22807,0
22809,0
22815,0
22817,0
22821,0
22827,0
22829,0
22835,0
22837,0
22843,0
22845,0
22851,0
22853,0
22859,0
22861,0
22865,0
22871,0
22873,0
22877,0
22883,0
22885,0
22891,0
22893,0
22899,0
22901,0
22905,0
22911,0
22913,0
22919,0
22921,0
22925,0
22931,0
22933,0
22939,0
22941,0
22947,0
22949,0
22955,0
22957,0
22963,0
22965,0
22971,0
22973,0
22977,0
22983,0
22985,0
22991,0
22993,0
22999,0
23001,0
23007,0
23009,0
23015,0
23017,0
23023,0
23025,0
23031,0
23033,0
23039,0
23041,0
23047,0
23049,0
23055,0
23057,0
23063,0
23065,0
23071,0
23073,0
23079,0
23081,0
23087,0
23089,0
23095,0
23097,0
23103,0
23105,0
23111,0
23115,0
23117,0
23123,0
23125,0
23131,0
23135,0
23137,0
23143,0
23145,0
23151,0
23153,0
23159,0
23161,0
23167,0
23169,0
23175,0
23177,0
23183,0
23185,0
23191,0
23193,0
23199,0
23203,0
23207,0
23211,0
23213,0
23219,0
23221,0
23227,0
23229,0
23235,0
23237,0
23243,0
23245,0
23251,0
23253,0
23257,0
23263,0
23265,0
23269,0
23275,0
23277,0
23283,0
23285,0
23291,0
23293,0
23299,0
23301,0
23307,0
23309,0
23315,0
23317,0
23323,0
23325,0
23329,0
23333,0
23337,0
23343,0
23345,0
23351,0
23353,0
23359,0
23361,0
23367,0
23369,0
23375,0
23377,0
23383,0
23385,0
23391,0
23393,0
23399,0
23401,0
23407,0
23409,0
23415,0
23417,0
23423,0
23425,0
23431,0
23433,0
23439,0
23441,0
23447,0
23449,0
23455,0
23457,0
23463,0
23465,0
23471,0
23473,0
23477,0
23483,0
23485,0
23491,0
23493,0
23497,0
23503,0
23505,0
23511,0
23513,0
23519,0
23521,0
23527,0
23529,0
23535,0
23537,0
23543,0
23545,0
23551,0
23553,0
23559,0
23561,0
23565,0
23571,0
23573,0
23579,0
23581,0
23587,0
23589,0
23595,0
23597,0
23603,0
23605,0
23609,0
23615,0
23617,0
23623,0
23625,0
23631,0
23633,0
23637,0
23641,0
23647,0
23649,0
23653,0
23657,0
23661,0
23665,0
23669,0
23673,0
23679,0
23683,0
23685,0
23691,0
23693,0
23699,0
23701,0
23707,0
23709,0
23715,0
23717,0
23723,0
23725,0
23731,0
23733,0
23739,0
23741,0
23747,0
23749,0
23755,0
23757,0
23763,0
23765,0
23771,0
23773,0
23779,0
23781,0
23787,0
23789,0
23795,0
23797,0
23803,0
23805,0
23811,0
23813,0
23819,0
23821,0
23827,0
23829,0
23833,0
23839,0
23841,0
23847,0
23849,0
23855,0
23857,0
23863,0
23865,0
23871,0
23873,0
23879,0
23881,0
23887,0
23889,0
23895,0
23897,0
23903,0
23905,0
23909,0
23915,0
23917,0
23923,0
23925,0
23931,0
23933,0
23939,0
23941,0
23947,0
23949,0
23955,0
23957,0
23963,0
23965,0
23971,0
23973,0
23979,0
23981,0
23987,0
23989,0
23995,0
23997,0
24003,0
24005,0
24011,0
24013,0
24019,0
24021,0
24027,0
24029,0
24035,0
24037,0
24041,0
24047,0
24049,0
24055,0
24057,0
24063,0
24065,0
24071,0
24073,0
24079,0
24081,0
24087,0
24089,0
24095,0
24097,0
24103,0
24105,0
24111,0
24113,0
24119,0
24121,0
24127,0
24129,0
24135,0
24137,0
24143,0
24145,0
24151,0
24153,0
24159,0
24161,0
24167,0
24169,0
24175,0
24177,0
24183,0
24185,0
24189,0
24195,0
24197,0
24203,0
24205,0
24211,0
24213,0
24219,0
24221,0
24227,0
24229,0
24235,0
24237,0
24241,0
24247,0
24249,0
24255,0
24257,0
24263,0
24265,0
24271,0
24273,0
24279,0
24281,0
24287,0
24289,0
24295,0
24297,0
24303,0
24305,0
24311,0
24313,0
24319,0
24321,0
24327,0
24329,0
24335,0
24337,0
24343,0
24345,0
24351,0
24353,0
24359,0
24361,0
24367,0
24369,0
24375,0
24377,0
24383,0
24385,0
24389,0
24395,0
24397,0
24403,0
24405,0
24411,0
24413,0
24419,0
24421,0
24427,0
24429,0
24435,0
24437,0
24443,0
24445,0
24451,0
24453,0
24459,0
24461,0
24465,0
24471,0
24473,0
24479,0
24481,0
24487,0
24489,0
24495,0
24497,0
24503,0
24505,0
24511,0
24513,0
24519,0
24521,0
24527,0
24529,0
24535,0
24537,0
24543,0
24545,0
24551,0
24553,0
24559,0
24561,0
24567,0
24569,0
24575,0
24577,0
24583,0
24585,0
24591,0
24593,0
24599,0
24601,0
24607,0
24609,0
24615,0
24617,0
24623,0
24625,0
24629,0
24635,0
24637,0
24643,0
24645,0
24651,0
24653,0
24659,0
24661,0
24667,0
24669,0
24675,0
24677,0
24683,0
24685,0
24691,0
24693,0
24699,0
24701,0
24707,0
24709,0
24715,0
24717,0
24723,0
24725,0
24731,0
24733,0
24739,0
24741,0
24747,0
24749,0
24755,0
24757,0
24761,0
24767,0
24769,0
24775,0
24779,0
24781,0
24785,0
24791,0
24793,0
24799,0
24801,0
24807,0
24809,0
24815,0
24817,0
24823,0
24827,0
24831,0
24835,0
24839,0
24841,0
24847,0
24849,0
24855,0
24857,0
24863,0
24865,0
24871,0
24873,0
24879,0
24881,0
24887,0
24889,0
24895,0
24897,0
24903,0
24905,0
24909,0
24915,0
24917,0
24921,0
24927,0
24929,0
24935,0
24937,0
24943,0
24945,0
24951,0
24953,0
24959,0
24961,0
24967,0
24969,0
24975,0
24977,0
24983,0
24985,0
24989,0
24995,0
24997,0
25003,0
25005,0
25011,0
25013,0
25019,0
25021,0
25027,0
25029,0
25035,0
25039,0
25041,0
25047,0
25049,0
25055,0
25057,0
25061,0
25067,0
25069,0
25075,0
25077,0
25083,0
25085,0
25091,0
25093,0
25099,0
25101,0
25107,0
25109,0
25115,0
25117,0
25123,0
25125,0
25129,0
25133,0
25139,0
25141,0
25147,0
25149,0
25155,0
25157,0
25161,0
25167,0
25169,0
25175,0
25177,0
25181,0
25187,0
25189,0
25193,0
25199,0
25203,0
25205,0
25209,0
25215,0
25217,0
25223,0
25225,0
25231,0
25233,0
25239,0
25241,0
25245,0
25251,0
25255,0
25257,0
25263,0
25265,0
25271,0
25273,0
25279,0
25281,0
25287,0
25289,0
25295,0
25297,0
25303,0
25305,0
25311,0
25313,0
25319,0
25321,0
25325,0
25331,0
25333,0
25339,0
25341,0
25347,0
25349,0
25355,0
25357,0
25363,0
25365,0
25371,0
25373,0
25379,0
25381,0
25387,0
25389,0
25395,0
25397,0
25403,0
25405,0
25411,0
25413,0
25419,0
25421,0
25427,0
25429,0
25435,0
25437,0
25443,0
25445,0
25451,0
25453,0
25459,0
25461,0
25467,0
25469,0
25475,0
25477,0
25483,0
25485,0
25491,0
25493,0
25499,0
25501,0
25507,0
25509,0
25515,0
25517,0
25523,0
25525,0
25531,0
25533,0
25539,0
25541,0
25547,0
25551,0
25553,0
25559,0
25561,0
25567,0
25569,0
25575,0
25577,0
25583,0
25585,0
25591,0
25593,0
25599,0
25601,0
25607,0
25609,0
25615,0
25617,0
25623,0
25625,0
25631,0
25633,0
25639,0
25641,0
25647,0
25649,0
25655,0
25657,0
25663,0
25665,0
25671,0
25673,0
25679,0
25683,0
25685,0
25691,0
25693,0
25699,0
25701,0
25707,0
25709,0
25715,0
25717,0
25723,0
25725,0
25731,0
25733,0
25739,0
25741,0
25747,0
25749,0
25755,0
25757,0
25763,0
25765,0
25771,0
25773,0
25779,0
25781,0
25787,0
25789,0
25795,0
25797,0
25803,0
25805,0
25811,0
25813,0
25819,0
25821,0
25827,0
25829,0
25835,0
25837,0
25843,0
25845,0
25851,0
25853,0
25859,0
25861,0
25867,0
25869,0
25875,0
25877,0
25883,0
25885,0
25891,0
25893,0
25899,0
25901,0
25907,0
25909,0
25915,0
25917,0
25923,0
25925,0
25929,0
25935,0
25937,0
25943,0
25945,0
25951,0
25953,0
25959,0
25961,0
25967,0
25969,0
25975,0
25977,0
25983,0
25985,0
25991,0
25993,0
25999,0
26001,0
26007,0
26009,0
26015,0
26017,0
26023,0
26025,0
26031,0
26033,0
26039,0
26041,0
26047,0
26049,0
26055,0
26057,0
26063,0
26065,0
26071,0
26073,0
26079,0
26081,0
26087,0
26091,0
26093,0
26099,0
26101,0
26107,0
26109,0
26115,0
26117,0
26123,0
26125,0
26131,0
26133,0
26139,0
26141,0
26147,0
26149,0
26155,0
26157,0
26163,0
26165,0
26171,0
26173,0
26179,0
26181,0
26187,0
26189,0
26195,0
26197,0
26203,0
26205,0
26211,0
26213,0
26219,0
26221,0
26227,0
26229,0
26235,0
26237,0
26243,0
26245,0
26251,0
26253,0
26259,0
26261,0
26267,0
26269,0
26275,0
26277,0
26283,0
26285,0
26291,0
26293,0
26299,0
26301,0
26307,0
26309,0
26315,0
26319,0
26321,0
26327,0
26329,0
26335,0
26337,0
26343,0
26345,0
26349,0
26355,0
26357,0
26363,0
26365,0
26371,0
26373,0
26379,0
26381,0
26387,0
26389,0
26395,0
26397,0
26403,0
26405,0
26409,0
26415,0
26417,0
26423,0
26425,0
26431,0
26433,0
26439,0
26441,0
26447,0
26449,0
26455,0
26457,0
26463,0
26465,0
26471,0
26473,0
26479,0
26481,0
26487,0
26489,0
26495,0
26497,0
26503,0
26505,0
26509,0
26515,0
26517,0
26523,0
26525,0
26531,0
26533,0
26537,0
26543,0
26545,0
26551,0
26555,0
26557,0
26563,0
26565,0
26571,0
26573,0
26579,0
26581,0
26587,0
26589,0
26595,0
26597,0
26603,0
26605,0
26611,0
26613,0
26619,0
26621,0
26627,0
26629,0
26633,0
26639,0
26641,0
26647,0
26649,0
26655,0
26657,0
26663,0
26665,0
26671,0
26673,0
26679,0
26681,0
26687,0
26689,0
26695,0
26697,0
26703,0
26705,0
26709,0
26715,0
26717,0
26721,0
26727,0
26729,0
26735,0
26737,0
26743,0
26745,0
26751,0
26753,0
26759,0
26763,0
26765,0
26771,0
26773,0
26779,0
26781,0
26787,0
26789,0
26795,0
26797,0
26803,0
26805,0
26809,0
26815,0
26817,0
26823,0
26825,0
26831,0
26833,0
26839,0
26841,0
26847,0
26849,0
26855,0
26857,0
26863,0
26865,0
26871,0
26873,0
26879,0
26881,0
26887,0
26889,0
26893,0
26899,0
26901,0
26905,0
26911,0
26913,0
26919,0
26921,0
26927,0
26929,0
26935,0
26937,0
26943,0
26945,0
26949,0
26955,0
26957,0
26961,0
26965,0
26969,0
26975,0
26977,0
26983,0
26985,0
26991,0
26993,0
26997,0
27003,0
27005,0
27011,0
27013,0
27019,0
27021,0
27025,0
27029,0
27035,0
27037,0
27043,0
27045,0
27051,0
27053,0
27059,0
27061,0
27067,0
27069,0
27075,0
27077,0
27083,0
27085,0
27091,0
27093,0
27099,0
27101,0
27107,0
27109,0
27115,0
27117,0
27121,0
27127,0
27129,0
27133,0
27139,0
27141,0
27147,0
27149,0
27155,0
27157,0
27163,0
27165,0
27169,0
27175,0
27177,0
27183,0
27185,0
27191,0
27193,0
27199,0
27201,0
27207,0
27209,0
27215,0
27217,0
27223,0
27227,0
27229,0
27235,0
27237,0
27243,0
27245,0
27251,0
27253,0
27259,0
27261,0
27267,0
27269,0
27275,0
27277,0
27283,0
27285,0
27289,0
27295,0
27297,0
27301,0
27307,0
27309,0
27313,0
27319,0
27321,0
27327,0
27329,0
27335,0
27337,0
27343,0
27345,0
27351,0
27353,0
27357,0
27363,0
27365,0
27371,0
27373,0
27379,0
27381,0
27387,0
27389,0
27395,0
27397,0
27403,0
27405,0
27411,0
27413,0
27419,0
27421,0
27427,0
27429,0
27435,0
27437,0
27443,0
27445,0
27451,0
27453,0
27459,0
27461,0
27467,0
27469,0
27475,0
27479,0
27481,0
27487,0
27489,0
27493,0
27499,0
27501,0
27507,0
27509,0
27515,0
27517,0
27523,0
27525,0
27531,0
27533,0
27539,0
27541,0
27547,0
27549,0
27555,0
27557,0
27563,0
27565,0
27571,0
27575,0
27577,0
27581,0
27587,0
27589,0
27595,0
27597,0
27603,0
27605,0
27611,0
27613,0
27619,0
27621,0
27625,0
27631,0
27633,0
27639,0
27641,0
27647,0
27649,0
27655,0
27657,0
27663,0
27665,0
27671,0
27673,0
27679,0
27681,0
27685,0
27691,0
27693,0
27699,0
27701,0
27707,0
27709,0
27715,0
27719,0
27721,0
27727,0
27729,0
27735,0
27737,0
27743,0
27745,0
27751,0
27753,0
27759,0
27761,0
27767,0
27769,0
27775,0
27777,0
27783,0
27785,0
27791,0
27793,0
27799,0
27801,0
27807,0
27809,0
27815,0
27817,0
27823,0
27825,0
27831,0
27833,0
27839,0
27841,0
27847,0
27849,0
27855,0
27857,0
27863,0
27865,0
27871,0
27873,0
27879,0
27881,0
27887,0
27889,0
27895,0
27897,0
27903,0
27905,0
27911,0
27915,0
27917,0
27923,0
27925,0
27931,0
27933,0
27939,0
27941,0
27945,0
27951,0
27953,0
27959,0
27961,0
27967,0
27969,0
27975,0
27977,0
27983,0
27985,0
27989,0
27993,0
27999,0
28001,0
28007,0
28009,0
28015,0
28017,0
28023,0
28025,0
28031,0
28033,0
28039,0
28041,0
28047,0
28049,0
28055,0
28057,0
28063,0
28065,0
28071,0
28073,0
28079,0
28083,0
28085,0
28089,0
28095,0
28097,0
28103,0
28105,0
28111,0
28113,0
28119,0
28121,0
28127,0
28129,0
28135,0
28137,0
28143,0
28145,0
28151,0
28153,0
28159,0
28161,0
28167,0
28171,0
28173,0
28179,0
28181,0
28187,0
28189,0
28195,0
28197,0
28203,0
28205,0
28211,0
28213,0
28219,0
28221,0
28225,0
28231,0
28233,0
28237,0
28243,0
28245,0
28251,0
28253,0
28257,0
28263,0
28265,0
28271,0
28273,0
28279,0
28281,0
28287,0
28289,0
28295,0
28297,0
28303,0
28305,0
28311,0
28313,0
28317,0
28323,0
28325,0
28331,0
28333,0
28339,0
28341,0
28347,0
28349,0
28355,0
28357,0
28363,0
28365,0
28371,0
28373,0
28377,0
28383,0
28385,0
28391,0
28393,0
28399,0
28401,0
28407,0
28409,0
28415,0
28419,0
28421,0
28425,0
28431,0
28433,0
28439,0
28441,0
28447,0
28449,0
28455,0
28457,0
28463,0
28465,0
28471,0
28473,0
28479,0
28481,0
28487,0
28489,0
28495,0
28497,0
28501,0
28507,0
28509,0
28515,0
28517,0
28521,0
28527,0
28529,0
28535,0
28537,0
28543,0
28545,0
28551,0
28553,0
28559,0
28563,0
28565,0
28571,0
28573,0
28577,0
28581,0
28587,0
28589,0
28595,0
28597,0
28603,0
28605,0
28611,0
28613,0
28617,0
28623,0
28625,0
28629,0
28633,0
28639,0
28641,0
28647,0
28649,0
28655,0
28657,0
28663,0
28665,0
28671,0
28673,0
28679,0
28681,0
28687,0
28689,0
28695,0
28697,0
28703,0
28705,0
28711,0
28713,0
28717,0
28723,0
28725,0
28729,0
28733,0
28739,0
28741,0
28747,0
28749,0
28755,0
28757,0
28763,0
28765,0
28771,0
28773,0
28779,0
28781,0
28787,0
28789,0
28795,0
28797,0
28803,0
28805,0
28811,0
28813,0
28817,0
28823,0
28825,0
28831,0
28833,0
28839,0
28841,0
28847,0
28849,0
28855,0
28857,0
28863,0
28865,0
28871,0
28873,0
28879,0
28881,0
28887,0
28889,0
28893,0
28899,0
28901,0
28907,0
28909,0
28915,0
28917,0
28923,0
28925,0
28931,0
28933,0
28937,0
28941,0
28947,0
28949,0
28955,0
28957,0
28963,0
28965,0
28969,0
28975,0
28977,0
28983,0
28985,0
28991,0
28993,0
28999,0
29001,0
29007,0
29009,0
29015,0
29017,0
29021,0
29027,0
29029,0
29033,0
29039,0
29041,0
29045,0
29051,0
29053,0
29059,0
29061,0
29065,0
29069,0
29075,0
29077,0
29083,0
29085,0
29089,0
29093,0
29097,0
29101,0
29107,0
29109,0
29115,0
29117,0
29123,0
29125,0
29131,0
29133,0
29139,0
29141,0
29145,0
29151,0
29153,0
29157,0
29163,0
29165,0
29169,0
29175,0
29177,0
29183,0
29185,0
29189,0
29195,0
29197,0
29203,0
29205,0
29211,0
29213,0
29217,0
29223,0
29225,0
29231,0
29233,0
29237,0
29241,0
29247,0
29249,0
29255,0
29257,0
29263,0
29265,0
29269,0
29275,0
29277,0
29283,0
29285,0
29291,0
29293,0
29299,0
29301,0
29307,0
29309,0
29315,0
29317,0
29323,0
29325,0
29329,0
29335,0
29337,0
29343,0
29345,0
29351,0
29353,0
29359,0
29361,0
29367,0
29371,0
29373,0
29379,0
29381,0
29387,0
29389,0
29395,0
29397,0
29403,0
29405,0
29411,0
29413,0
29419,0
29421,0
29427,0
29429,0
29435,0
29437,0
29443,0
29445,0
29451,0
29453,0
29459,0
29461,0
29465,0
29471,0
29473,0
29479,0
29481,0
29487,0
29489,0
29493,0
29499,0
29503,0
29505,0
29511,0
29513,0
29519,0
29521,0
29527,0
29529,0
29535,0
29537,0
29543,0
29545,0
29551,0
29553,0
29559,0
29561,0
29565,0
29569,0
29573,0
29579,0
29581,0
29587,0
29591,0
29593,0
29599,0
29601,0
29605,0
29611,0
29613,0
29619,0
29621,0
29627,0
29629,0
29635,0
29637,0
29643,0
29645,0
29651,0
29653,0
29659,0
29661,0
29667,0
29671,0
29673,0
29679,0
29681,0
29685,0
29691,0
29693,0
29699,0
29701,0
29707,0
29709,0
29713,0
29719,0
29721,0
29727,0
29731,0
29733,0
29739,0
29741,0
29747,0
29749,0
29755,0
29757,0
29763,0
29765,0
29771,0
29773,0
29779,0
29781,0
29785,0
29791,0
29793,0
29799,0
29801,0
29807,0
29809,0
29815,0
29817,0
29823,0
29825,0
29831,0
29833,0
29839,0
29841,0
29845,0
29851,0
29853,0
29859,0
29861,0
29867,0
29869,0
29875,0
29877,0
29883,0
29885,0
29891,0
29893,0
29899,0
29901,0
29907,0
29909,0
29915,0
29917,0
29921,0
29927,0
29929,0
29935,0
29937,0
29943,0
29945,0
29951,0
29953,0
29959,0
29961,0
29967,0
29969,0
29975,0
29977,0
29981,0
29987,0
29989,0
29995,0
29997,0
30001,0
30007,0
30009,0
30015,0
30017,0
30023,0
30027,0
30029,0
30035,0
30037,0
30043,0
30045,0
30051,0
30053,0
30057,0
30063,0
30065,0
30069,0
30075,0
30077,0
30083,0
30085,0
30091,0
30093,0
30099,0
30101,0
30107,0
30109,0
30115,0
30119,0
30121,0
30127,0
30129,0
30135,0
30137,0
30143,0
30145,0
30151,0
30153,0
30159,0
30161,0
30167,0
30171,0
30173,0
30179,0
30181,0
30187,0
30189,0
30195,0
30197,0
30203,0
30205,0
30211,0
30213,0
30219,0
30221,0
30227,0
30229,0
30235,0
30237,0
30243,0
30245,0
30249,0
30255,0
30259,0
30261,0
30267,0
30269,0
30275,0
30279,0
30281,0
30287,0
30289,0
30295,0
30297,0
30303,0
30305,0
30309,0
30315,0
30317,0
30323,0
30325,0
30331,0
30333,0
30337,0
30343,0
30345,0
30349,0
30355,0
30357,0
30363,0
30365,0
30371,0
30373,0
30379,0
30381,0
30387,0
30389,0
30395,0
30397,0
30403,0
30405,0
30411,0
30413,0
30419,0
30421,0
30427,0
30429,0
30435,0
30437,0
30443,0
30445,0
30451,0
30453,0
30459,0
30461,0
30467,0
30469,0
30475,0
30477,0
30483,0
30485,0
30491,0
30493,0
30499,0
30501,0
30507,0
30509,0
30515,0
30517,0
30523,0
30525,0
30531,0
30533,0
30539,0
30541,0
30547,0
30549,0
30555,0
30557,0
30563,0
30565,0
30571,0
30573,0
30579,0
30581,0
30587,0
30589,0
30595,0
30597,0
30603,0
30605,0
30611,0
30613,0
30619,0
30621,0
30627,0
30629,0
30633,0
30639,0
30641,0
30647,0
30649,0
30655,0
30657,0
30663,0
30665,0
30671,0
30673,0
30679,0
30681,0
30687,0
30689,0
30695,0
30697,0
30703,0
30705,0
30711,0
30713,0
30719,0
30721,0
30727,0
30729,0
30735,0
30737,0
30741,0
30747,0
30749,0
30755,0
30757,0
30763,0
30765,0
30771,0
30773,0
30779,0
30781,0
30787,0
30789,0
30795,0
30797,0
30803,0
30805,0
30811,0
30813,0
30819,0
30821,0
30827,0
30829,0
30835,0
30837,0
30843,0
30845,0
30851,0
30853,0
30859,0
30861,0
30867,0
30869,0
30875,0
30879,0
30881,0
30887,0
30889,0
30895,0
30897,0
30903,0
30905,0
30911,0
30913,0
30919,0
30921,0
30927,0
30929,0
30935,0
30937,0
30943,0
30947,0
30949,0
30955,0
30957,0
30963,0
30965,0
30969,0
30975,0
30977,0
30983,0
30985,0
30991,0
30993,0
30999,0
31001,0
31007,0
31009,0
31015,0
31019,0
31021,0
31025,0
31031,0
31033,0
31039,0
31041,0
31047,0
31049,0
31055,0
31057,0
31063,0
31065,0
31071,0
31073,0
31079,0
31081,0
31087,0
31089,0
31095,0
31097,0
31103,0
31105,0
31111,0
31113,0
31117,0
31123,0
31125,0
31131,0
31133,0
31139,0
31141,0
31147,0
31149,0
31155,0
31157,0
31163,0
31165,0
31171,0
31173,0
31179,0
31181,0
31187,0
31189,0
31195,0
31197,0
31203,0
31205,0
31211,0
31215,0
31217,0
31223,0
31225,0
31231,0
31233,0
31239,0
31241,0
31245,0
31251,0
31253,0
31257,0
31263,0
31265,0
31271,0
31273,0
31279,0
31281,0
31287,0
31289,0
31295,0
31297,0
31303,0
31305,0
31311,0
31313,0
31319,0
31321,0
31327,0
31329,0
31335,0
31337,0
31341,0
31347,0
31349,0
31355,0
31357,0
31363,0
31365,0
31371,0
31373,0
31379,0
31381,0
31387,0
31389,0
31395,0
31397,0
31403,0
31405,0
31411,0
31413,0
31419,0
31421,0
31425,0
31431,0
31433,0
31439,0
31443,0
31445,0
31451,0
31453,0
31459,0
31461,0
31467,0
31469,0
31473,0
31479,0
31481,0
31487,0
31489,0
31495,0
31497,0
31501,0
31507,0
31509,0
31515,0
31517,0
31521,0
31527,0
31529,0
31535,0
31537,0
31543,0
31545,0
31551,0
31553,0
31557,0
31563,0
31565,0
31569,0
31575,0
31577,0
31583,0
31585,0
31589,0
31595,0
31597,0
31603,0
31605,0
31611,0
31613,0
31619,0
31621,0
31627,0
31631,0
31633,0
31639,0
31641,0
31647,0
31649,0
31653,0
31659,0
31661,0
31665,0
31671,0
31673,0
31679,0
31681,0
31687,0
31689,0
31695,0
31697,0
31703,0
31705,0
31709,0
31715,0
31717,0
31723,0
31727,0
31729,0
31735,0
31739,0
31741,0
31747,0
31751,0
31753,0
31759,0
31761,0
31767,0
31771,0
31773,0
31779,0
31781,0
31787,0
31791,0
31793,0
31799,0
31801,0
31807,0
31809,0
31815,0
31817,0
31823,0
31825,0
31831,0
31833,0
31839,0
31841,0
31847,0
31849,0
31855,0
31857,0
31863,0
31865,0
31869,0
31873,0
31879,0
31881,0
31887,0
31889,0
31895,0
31897,0
31903,0
31905,0
31911,0
31913,0
31919,0
31921,0
31927,0
31929,0
31935,0
31937,0
31943,0
31945,0
31949,0
31955,0
31959,0
31961,0
31967,0
31969,0
31975,0
31977,0
31983,0
31985,0
31991,0
31993,0
31999,0
32001,0
32007,0
32009,0
32015,0
32017,0
32023,0
32025,0
32029,0
32035,0
32037,0
32043,0
32045,0
32051,0
32053,0
32059,0
32061,0
32067,0
32069,0
32073,0
32079,0
32081,0
32085,0
32091,0
32093,0
32099,0
32101,0
32107,0
32109,0
32115,0
32117,0
32123,0
32125,0
32131,0
32133,0
32137,0
32143,0
32145,0
32151,0
32153,0
32159,0
32161,0
32165,0
32171,0
32173,0
32179,0
32181,0
32187,0
32189,0
32195,0
32197,0
32201,0
32207,0
32209,0
32215,0
32217,0
32223,0
32225,0
32231,0
32233,0
32239,0
32241,0
32247,0
32249,0
32255,0
32257,0
32263,0
32265,0
32269,0
32275,0
32277,0
32283,0
32285,0
32291,0
32293,0
32299,0
32301,0
32307,0
32309,0
32315,0
32317,0
32323,0
32325,0
32331,0
32333,0
32339,0
32343,0
32345,0
32351,0
32353,0
32357,0
32361,0
32367,0
32369,0
32375,0
32377,0
32383,0
32385,0
32391,0
32393,0
32399,0
32401,0
32407,0
32411,0
32413,0
32417,0
32423,0
32425,0
32431,0
32433,0
32439,0
32441,0
32447,0
32449,0
32455,0
32457,0
32463,0
32465,0
32469,0
32475,0
32477,0
32483,0
32485,0
32491,0
32493,0
32499,0
32501,0
32507,0
32509,0
32515,0
32517,0
32523,0
32525,0
32531,0
32533,0
32539,0
32541,0
32547,0
32549,0
32555,0
32557,0
32563,0
32565,0
32571,0
32573,0
32579,0
32581,0
32587,0
32589,0
32593,0
32599,0
32601,0
32605,0
32609,0
32615,0
32617,0
32623,0
32625,0
32629,0
32633,0
32639,0
32641,0
32645,0
32649,0
32653,0
32657,0
32661,0
32665,0
32671,0
32673,0
32679,0
32681,0
32685,0
32689,0
32695,0
32699,0
32701,0
32707,0
32709,0
32715,0
32717,0
32723,0
32725,0
32731,0
32733,0
32739,0
32741,0
32745,0
32751,0
32753,0
32759,0
32761,0
32767,0
32769,0
32775,0
32777,0
32783,0
32785,0
32791,0
32793,0
32797,0
32803,0
32805,0
32809,0
32815,0
32817,0
32821,0
32827,0
32829,0
32835,0
32837,0
32843,0
32845,0
32851,0
32853,0
32859,0
32861,0
32867,0
32869,0
32873,0
32877,0
32883,0
32885,0
32891,0
32893,0
32899,0
32901,0
32907,0
32909,0
32915,0
32919,0
32921,0
32925,0
32931,0
32933,0
32939,0
32941,0
32947,0
32949,0
32953,0
32959,0
32961,0
32967,0
32969,0
32975,0
32977,0
32983,0
32985,0
32991,0
32993,0
32999,0
33001,0
33007,0
33009,0
33015,0
33017,0
33021,0
33027,0
33029,0
33035,0
33037,0
33043,0
33045,0
33051,0
33053,0
33059,0
33063,0
33065,0
33069,0
33075,0
33077,0
33083,0
33085,0
33091,0
33093,0
33099,0
33101,0
33107,0
33111,0
33113,0
33119,0
33121,0
33125,0
33129,0
33135,0
33137,0
33143,0
33145,0
33151,0
33153,0
33159,0
33161,0
33167,0
33169,0
33175,0
33177,0
33183,0
33185,0
33191,0
33195,0
33197,0
33203,0
33205,0
33211,0
33213,0
33217,0
33223,0
33225,0
33231,0
33233,0
33239,0
33241,0
33247,0
33249,0
33255,0
33257,0
33263,0
33265,0
33271,0
33273,0
33277,0
33283,0
33285,0
33291,0
33293,0
33299,0
33301,0
33307,0
33309,0
33315,0
33317,0
33323,0
33325,0
33331,0
33333,0
33339,0
33341,0
33347,0
33349,0
33355,0
33357,0
33363,0
33365,0
33371,0
33373,0
33379,0
33381,0
33387,0
33389,0
33395,0
33397,0
33403,0
33405,0
33411,0
33413,0
33417,0
33423,0
33425,0
33431,0
33433,0
33437,0
33443,0
33445,0
33451,0
33453,0
33459,0
33461,0
33465,0
33471,0
33473,0
33479,0
33481,0
33485,0
33491,0
33493,0
33499,0
33501,0
33505,0
33511,0
33513,0
33519,0
33521,0
33525,0
33531,0
33533,0
33539,0
33541,0
33547,0
33549,0
33555,0
33557,0
33563,0
33565,0
33571,0
33573,0
33577,0
33581,0
33587,0
33589,0
33593,0
33599,0
33601,0
33607,0
33611,0
33615,0
33617,0
33623,0
33625,0
33631,0
33633,0
33639,0
33641,0
33647,0
33649,0
33653,0
33659,0
33661,0
33667,0
33669,0
33675,0
33677,0
33683,0
33685,0
33691,0
33693,0
33699,0
33703,0
33705,0
33711,0
33713,0
33719,0
33721,0
33727,0
33729,0
33735,0
33737,0
33743,0
33745,0
33751,0
33753,0
33759,0
33761,0
33767,0
33769,0
33775,0
33779,0
33783,0
33785,0
33791,0
33793,0
33799,0
33801,0
33807,0
33809,0
33815,0
33817,0
33821,0
33827,0
33829,0
33833,0
33839,0
33841,0
33847,0
33849,0
33855,0
33857,0
33863,0
33865,0
33869,0
33875,0
33877,0
33881,0
33885,0
33891,0
33893,0
33897,0
33903,0
33905,0
33911,0
33913,0
33917,0
33921,0
33927,0
33929,0
33935,0
33937,0
33941,0
33947,0
33949,0
33955,0
33957,0
33963,0
33965,0
33971,0
33973,0
33979,0
33981,0
33987,0
33989,0
33993,0
33999,0
34001,0
34007,0
34009,0
34015,0
34017,0
34023,0
34025,0
34031,0
34033,0
34039,0
34043,0
34045,0
34049,0
34053,0
34057,0
34063,0
34065,0
34071,0
34073,0
34079,0
34083,0
34085,0
34091,0
34093,0
34097,0
34103,0
34105,0
34111,0
34113,0
34119,0
34121,0
34127,0
34129,0
34135,0
34137,0
34143,0
34147,0
34149,0
34155,0
34157,0
34163,0
34165,0
34169,0
34175,0
34177,0
34183,0
34185,0
34191,0
34193,0
34199,0
34201,0
34207,0
34209,0
34215,0
34217,0
34223,0
34225,0
34229,0
34235,0
34237,0
34243,0
34245,0
34251,0
34255,0
34257,0
34261,0
34267,0
34269,0
34275,0
34277,0
34281,0
34287,0
34289,0
34295,0
34297,0
34303,0
34305,0
34311,0
34313,0
34319,0
34321,0
34327,0
34329,0
34335,0
34337,0
34343,0
34347,0
34349,0
34353,0
34359,0
34361,0
34367,0
34369,0
34375,0
34377,0
34383,0
34385,0
34391,0
34393,0
34399,0
34401,0
34405,0
34411,0
34413,0
34417,0
34423,0
34425,0
34431,0
34433,0
34437,0
34441,0
34447,0
34449,0
34455,0
34457,0
34463,0
34465,0
34471,0
34473,0
34479,0
34481,0
34485,0
34489,0
34493,0
34497,0
34503,0
34505,0
34511,0
34513,0
34517,0
34523,0
34525,0
34529,0
34535,0
34537,0
34543,0
34545,0
34551,0
34553,0
34559,0
34561,0
34567,0
34569,0
34575,0
34577,0
34583,0
34585,0
34591,0
34593,0
34599,0
34601,0
34607,0
34609,0
34615,0
34617,0
34623,0
34625,0
34631,0
34633,0
34639,0
34641,0
34647,0
34649,0
34655,0
34657,0
34663,0
34667,0
34669,0
34675,0
34677,0
34683,0
34685,0
34691,0
34693,0
34699,0
34701,0
34705,0
34711,0
34713,0
34719,0
34721,0
34725,0
34731,0
34733,0
34739,0
34741,0
34745,0
34751,0
34753,0
34757,0
34763,0
34765,0
34771,0
34773,0
34779,0
34781,0
34787,0
34789,0
34793,0
34799,0
34801,0
34807,0
34809,0
34815,0
34817,0
34821,0
34827,0
34829,0
34835,0
34837,0
34843,0
34845,0
34851,0
34855,0
34857,0
34863,0
34865,0
34869,0
34875,0
34877,0
34883,0
34885,0
34891,0
34893,0
34899,0
34901,0
34905,0
34911,0
34913,0
34917,0
34923,0
34925,0
34929,0
34935,0
34937,0
34943,0
34945,0
34951,0
34953,0
34959,0
34961,0
34967,0
34969,0
34975,0
34977,0
34983,0
34985,0
34991,0
34993,0
34999,0
35003,0
35005,0
35011,0
35013,0
35017,0
35023,0
35025,0
35031,0
35033,0
35039,0
35041,0
35047,0
35049,0
35055,0
35057,0
35063,0
35065,0
35071,0
35073,0
35079,0
35081,0
35087,0
35089,0
35095,0
35097,0
35103,0
35105,0
35111,0
35115,0
35117,0
35123,0
35125,0
35131,0
35133,0
35139,0
35141,0
35145,0
35151,0
35153,0
35159,0
35161,0
35165,0
35169,0
35175,0
35177,0
35181,0
35185,0
35191,0
35193,0
35197,0
35203,0
35205,0
35211,0
35213,0
35219,0
35221,0
35227,0
35229,0
35235,0
35237,0
35243,0
35245,0
35251,0
35253,0
35259,0
35261,0
35267,0
35269,0
35275,0
35277,0
35283,0
35285,0
35291,0
35293,0
35299,0
35301,0
35307,0
35309,0
35315,0
35317,0
35323,0
35325,0
35331,0
35333,0
35339,0
35341,0
35347,0
35349,0
35353,0
35359,0
35361,0
35367,0
35369,0
35375,0
35377,0
35383,0
35385,0
35391,0
35393,0
35399,0
35401,0
35407,0
35409,0
35415,0
35419,0
35421,0
35427,0
35429,0
35435,0
35439,0
35441,0
35445,0
35449,0
35455,0
35459,0
35461,0
35467,0
35471,0
35473,0
35479,0
35481,0
35487,0
35489,0
35493,0
35499,0
35501,0
35505,0
35511,0
35513,0
35519,0
35521,0
35527,0
35529,0
35533,0
35537,0
35543,0
35545,0
35551,0
35553,0
35559,0
35563,0
35565,0
35571,0
35573,0
35579,0
35581,0
35587,0
35589,0
35595,0
35597,0
35603,0
35605,0
35611,0
35613,0
35619,0
35621,0
35627,0
35629,0
35633,0
35637,0
35643,0
35647,0
35649,0
35655,0
35657,0
35661,0
35667,0
35669,0
35675,0
35677,0
35683,0
35685,0
35691,0
35693,0
35699,0
35701,0
35707,0
35709,0
35715,0
35717,0
35721,0
35727,0
35729,0
35735,0
35737,0
35743,0
35745,0
35751,0
35753,0
35759,0
35761,0
35767,0
35769,0
35775,0
35777,0
35783,0
35785,0
35791,0
35795,0
35797,0
35801,0
35807,0
35809,0
35815,0
35817,0
35823,0
35825,0
35831,0
35833,0
35839,0
35841,0
35847,0
35849,0
35853,0
35859,0
35861,0
35867,0
35869,0
35875,0
35877,0
35883,0
35885,0
35891,0
35893,0
35899,0
35901,0
35905,0
35909,0
35913,0
35919,0
35921,0
35927,0
35929,0
35935,0
35937,0
35941,0
35947,0
35949,0
35955,0
35957,0
35961,0
35967,0
35969,0
35975,0
35977,0
35983,0
35985,0
35989,0
35995,0
35997,0
36003,0
36005,0
36009,0
36015,0
36017,0
36023,0
36025,0
36031,0
36033,0
36039,0
36041,0
36045,0
36049,0
36053,0
36059,0
36061,0
36067,0
36069,0
36075,0
36077,0
36083,0
36085,0
36091,0
36093,0
36099,0
36101,0
36105,0
36111,0
36113,0
36117,0
36123,0
36127,0
36129,0
36133,0
36139,0
36141,0
36147,0
36149,0
36155,0
36157,0
36163,0
36165,0
36171,0
36173,0
36177,0
36183,0
36185,0
36191,0
36193,0
36197,0
36201,0
36207,0
36209,0
36215,0
36217,0
36223,0
36225,0
36231,0
36233,0
36239,0
36241,0
36247,0
36249,0
36255,0
36257,0
36261,0
36267,0
36269,0
36275,0
36277,0
36283,0
36285,0
36291,0
36293,0
36299,0
36301,0
36307,0
36309,0
36315,0
36317,0
36321,0
36325,0
36329,0
36333,0
36337,0
36341,0
36347,0
36349,0
36355,0
36357,0
36361,0
36367,0
36369,0
36375,0
36377,0
36383,0
36385,0
36391,0
36393,0
36399,0
36401,0
36407,0
36411,0
36413,0
36419,0
36421,0
36427,0
36429,0
36435,0
36437,0
36441,0
36447,0
36449,0
36455,0
36457,0
36461,0
36467,0
36469,0
36473,0
36477,0
36483,0
36485,0
36491,0
36493,0
36497,0
36501,0
36507,0
36509,0
36513,0
36519,0
36521,0
36527,0
36529,0
36533,0
36539,0
36541,0
36547,0
36549,0
36553,0
36559,0
36561,0
36565,0
36571,0
36573,0
36577,0
36583,0
36585,0
36591,0
36593,0
36599,0
36601,0
36607,0
36609,0
36615,0
36617,0
36623,0
36625,0
36631,0
36635,0
36637,0
36643,0
36645,0
36651,0
36653,0
36657,0
36663,0
36665,0
36671,0
36673,0
36679,0
36681,0
36687,0
36689,0
36693,0
36699,0
36701,0
36705,0
36709,0
36715,0
36717,0
36723,0
36725,0
36731,0
36735,0
36737,0
36743,0
36745,0
36751,0
36753,0
36757,0
36763,0
36765,0
36771,0
36773,0
36779,0
36783,0
36785,0
36791,0
36793,0
36797,0
36803,0
36805,0
36811,0
36815,0
36819,0
36821,0
36825,0
36831,0
36833,0
36839,0
36841,0
36845,0
36851,0
36853,0
36859,0
36861,0
36865,0
36871,0
36873,0
36879,0
36881,0
36887,0
36889,0
36895,0
36897,0
36903,0
36905,0
36911,0
36913,0
36919,0
36921,0
36925,0
36931,0
36933,0
36939,0
36941,0
36945,0
36951,0
36955,0
36957,0
36963,0
36965,0
36971,0
36973,0
36979,0
36981,0
36985,0
36989,0
36993,0
36999,0
37001,0
37007,0
37009,0
37015,0
37017,0
37023,0
37025,0
37031,0
37033,0
37037,0
37043,0
37045,0
37049,0
37053,0
37059,0
37061,0
37067,0
37069,0
37075,0
37077,0
37083,0
37085,0
37091,0
37093,0
37099,0
37101,0
37107,0
37109,0
37115,0
37117,0
37123,0
37125,0
37129,0
37135,0
37137,0
37143,0
37145,0
37151,0
37153,0
37159,0
37161,0
37165,0
37171,0
37173,0
37179,0
37183,0
37185,0
37191,0
37193,0
37199,0
37201,0
37207,0
37209,0
37215,0
37217,0
37221,0
37227,0
37229,0
37235,0
37239,0
37241,0
37245,0
37251,0
37253,0
37259,0
37261,0
37267,0
37269,0
37275,0
37277,0
37283,0
37285,0
37291,0
37293,0
37299,0
37301,0
37307,0
37311,0
37313,0
37317,0
37323,0
37325,0
37329,0
37333,0
37339,0
37341,0
37347,0
37349,0
37355,0
37357,0
37363,0
37365,0
37371,0
37373,0
37379,0
37381,0
37387,0
37389,0
37395,0
37399,0
37401,0
37407,0
37409,0
37415,0
37417,0
37423,0
37425,0
37431,0
37433,0
37437,0
37443,0
37445,0
37449,0
37455,0
37459,0
37461,0
37467,0
37469,0
37473,0
37479,0
37481,0
37487,0
37489,0
37495,0
37497,0
37503,0
37507,0
37509,0
37515,0
37517,0
37521,0
37525,0
37531,0
37533,0
37539,0
37541,0
37545,0
37551,0
37555,0
37557,0
37561,0
37567,0
37569,0
37575,0
37579,0
37583,0
37585,0
37591,0
37593,0
37599,0
37603,0
37605,0
37609,0
37613,0
37619,0
37621,0
37627,0
37631,0
37633,0
37639,0
37641,0
37647,0
37649,0
37653,0
37659,0
37661,0
37665,0
37671,0
37673,0
37677,0
37681,0
37687,0
37689,0
37695,0
37697,0
37703,0
37705,0
37711,0
37713,0
37717,0
37723,0
37725,0
37731,0
37733,0
37739,0
37741,0
37747,0
37749,0
37755,0
37757,0
37763,0
37765,0
37771,0
37775,0
37777,0
37783,0
37785,0
37791,0
37795,0
37797,0
37801,0
37807,0
37809,0
37813,0
37817,0
37823,0
37825,0
37831,0
37833,0
37839,0
37841,0
37847,0
37849,0
37853,0
37859,0
37861,0
37865,0
37871,0
37873,0
37879,0
37883,0
37885,0
37891,0
37893,0
37899,0
37901,0
37907,0
37911,0
37915,0
37919,0
37923,0
37927,0
37929,0
37933,0
37939,0
37943,0
37945,0
37951,0
37953,0
37957,0
37963,0
37967,0
37969,0
37975,0
37977,0
37981,0
37987,0
37989,0
37993,0
37999,0
38001,0
38007,0
38009,0
38013,0
38019,0
38021,0
38027,0
38029,0
38035,0
38037,0
38043,0
38045,0
38049,0
38055,0
38057,0
38063,0
38065,0
38071,0
38073,0
38077,0
38083,0
38085,0
38089,0
38095,0
38099,0
38101,0
38107,0
38109,0
38115,0
38117,0
38123,0
38125,0
38131,0
38133,0
38137,0
38143,0
38145,0
38151,0
38153,0
38159,0
38161,0
38167,0
38169,0
38173,0
38179,0
38181,0
38187,0
38189,0
38195,0
38197,0
38203,0
38205,0
38209,0
38213,0
38219,0
38221,0
38225,0
38231,0
38233,0
38239,0
38241,0
38247,0
38249,0
38253,0
38257,0
38263,0
38267,0
38269,0
38275,0
38277,0
38283,0
38285,0
38289,0
38295,0
38297,0
38303,0
38305,0
38311,0
38313,0
38317,0
38323,0
38325,0
38331,0
38333,0
38339,0
38341,0
38347,0
38349,0
38353,0
38357,0
38361,0
38367,0
38369,0
38375,0
38379,0
38381,0
38387,0
38389,0
38395,0
38397,0
38401,0
38407,0
38409,0
38415,0
38417,0
38423,0
38425,0
38431,0
38433,0
38437,0
38443,0
38447,0
38451,0
38453,0
38459,0
38461,0
38467,0
38469,0
38475,0
38477,0
38481,0
38485,0
38491,0
38493,0
38497,0
38503,0
38505,0
38511,0
38513,0
38519,0
38521,0
38527,0
38529,0
38535,0
38537,0
38543,0
38545,0
38551,0
38553,0
38557,0
38563,0
38565,0
38571,0
38573,0
38579,0
38581,0
38585,0
38591,0
38595,0
38597,0
38601,0
38607,0
38609,0
38613,0
38617,0
38623,0
38625,0
38631,0
38633,0
38639,0
38641,0
38647,0
38649,0
38655,0
38657,0
38663,0
38665,0
38671,0
38673,0
38679,0
38681,0
38687,0
38689,0
38693,0
38699,0
38701,0
38707,0
38709,0
38715,0
38719,0
38721,0
38727,0
38729,0
38733,0
38739,0
38741,0
38747,0
38749,0
38755,0
38757,0
38763,0
38765,0
38771,0
38773,0
38777,0
38783,0
38785,0
38789,0
38795,0
38797,0
38803,0
38805,0
38811,0
38813,0
38819,0
38821,0
38825,0
38831,0
38833,0
38837,0
38843,0
38845,0
38851,0
38853,0
38857,0
38863,0
38865,0
38871,0
38873,0
38877,0
38883,0
38885,0
38891,0
38893,0
38899,0
38901,0
38907,0
38909,0
38915,0
38917,0
38923,0
38927,0
38929,0
38935,0
38937,0
38943,0
38945,0
38951,0
38955,0
38959,0
38961,0
38965,0
38971,0
38973,0
38979,0
38981,0
38987,0
38989,0
38995,0
38997,0
39003,0
39005,0
39011,0
39013,0
39017,0
39021,0
39027,0
39029,0
39033,0
39039,0
39041,0
39047,0
39049,0
39055,0
39057,0
39063,0
39067,0
39069,0
39073,0
39079,0
39081,0
39085,0
39091,0
39093,0
39099,0
39101,0
39107,0
39109,0
39115,0
39117,0
39123,0
39125,0
39131,0
39133,0
39137,0
39143,0
39147,0
39151,0
39153,0
39159,0
39163,0
39165,0
39171,0
39173,0
39179,0
39181,0
39187,0
39189,0
39195,0
39197,0
39201,0
39207,0
39209,0
39213,0
39217,0
39221,0
39227,0
39229,0
39235,0
39237,0
39243,0
39245,0
39251,0
39253,0
39259,0
39261,0
39267,0
39269,0
39273,0
39279,0
39281,0
39287,0
39289,0
39293,0
39299,0
39301,0
39307,0
39309,0
39315,0
39317,0
39321,0
39327,0
39329,0
39335,0
39337,0
39341,0
39345,0
39351,0
39355,0
39357,0
39363,0
39365,0
39369,0
39375,0
39377,0
39383,0
39387,0
39389,0
39393,0
39397,0
39401,0
39405,0
39409,0
39413,0
39419,0
39421,0
39427,0
39429,0
39435,0
39437,0
39441,0
39447,0
39449,0
39455,0
39457,0
39463,0
39465,0
39469,0
39475,0
39477,0
39483,0
39485,0
39489,0
39495,0
39497,0
39503,0
39505,0
39511,0
39513,0
39517,0
39523,0
39525,0
39529,0
39533,0
39539,0
39541,0
39545,0
39551,0
39553,0
39559,0
39563,0
39565,0
39569,0
39573,0
39579,0
39581,0
39587,0
39589,0
39595,0
39597,0
39601,0
39607,0
39609,0
39615,0
39617,0
39623,0
39625,0
39631,0
39633,0
39639,0
39641,0
39647,0
39649,0
39655,0
39657,0
39661,0
39667,0
39671,0
39673,0
39677,0
39683,0
39685,0
39691,0
39693,0
39699,0
39701,0
39707,0
39709,0
39713,0
39719,0
39721,0
39727,0
39729,0
39733,0
39739,0
39741,0
39747,0
39749,0
39755,0
39757,0
39763,0
39765,0
39771,0
39775,0
39777,0
39781,0
39785,0
39791,0
39793,0
39799,0
39801,0
39807,0
39809,0
39813,0
39817,0
39823,0
39827,0
39829,0
39833,0
39839,0
39841,0
39845,0
39849,0
39855,0
39857,0
39863,0
39865,0
39871,0
39873,0
39877,0
39881,0
39885,0
39891,0
39893,0
39899,0
39901,0
39905,0
39909,0
39913,0
39919,0
39921,0
39927,0
39929,0
39935,0
39937,0
39941,0
39945,0
39951,0
39953,0
39959,0
39961,0
39967,0
39969,0
39975,0
39977,0
39983,0
39985,0
39991,0
39993,0
39999,0
40001,0
40005,0
40009,0
40015,0
40017,0
40023,0
40025,0
40031,0
40033,0
40039,0
40041,0
40047,0
40049,0
40053,0
40057,0
40063,0
40065,0
40069,0
40075,0
40077,0
40083,0
40085,0
40091,0
40095,0
40097,0
40103,0
40105,0
40111,0
40113,0
40117,0
40121,0
40127,0
40129,0
40135,0
40137,0
40141,0
40145,0
40151,0
40153,0
40159,0
40161,0
40167,0
40169,0
40173,0
40177,0
40181,0
40185,0
40191,0
40193,0
40199,0
40201,0
40207,0
40209,0
40213,0
40217,0
40221,0
40227,0
40231,0
40235,0
40237,0
40243,0
40245,0
40249,0
40255,0
40257,0
40263,0
40265,0
40271,0
40273,0
40279,0
40283,0
40285,0
40291,0
40293,0
40299,0
40301,0
40305,0
40311,0
40313,0
40319,0
40321,0
40327,0
40329,0
40335,0
40337,0
40341,0
40345,0
40351,0
40353,0
40357,0
40361,0
40367,0
40369,0
40373,0
40379,0
40381,0
40387,0
40389,0
40395,0
40397,0
40403,0
40405,0
40411,0
40413,0
40419,0
40423,0
40425,0
40429,0
40433,0
40439,0
40441,0
40447,0
40451,0
40453,0
40457,0
40463,0
40465,0
40471,0
40473,0
40479,0
40481,0
40487,0
40489,0
40493,0
40499,0
40501,0
40507,0
40509,0
40515,0
40517,0
40523,0
40527,0
40529,0
40535,0
40539,0
40541,0
40545,0
40551,0
40553,0
40559,0
40561,0
40567,0
40569,0
40573,0
40579,0
40581,0
40587,0
40589,0
40593,0
40597,0
40603,0
40605,0
40611,0
40613,0
40619,0
40621,0
40627,0
40629,0
40635,0
40637,0
40643,0
40645,0
40651,0
40653,0
40659,0
40661,0
40667,0
40669,0
40673,0
40679,0
40681,0
40687,0
40689,0
40695,0
40697,0
40703,0
40705,0
40709,0
40715,0
40717,0
40723,0
40725,0
40729,0
40733,0
40739,0
40741,0
40747,0
40749,0
40755,0
40759,0
40761,0
40767,0
40769,0
40775,0
40777,0
40783,0
40785,0
40791,0
40793,0
40799,0
40801,0
40805,0
40809,0
40815,0
40817,0
40823,0
40825,0
40831,0
40833,0
40839,0
40841,0
40847,0
40849,0
40853,0
40857,0
40861,0
40867,0
40869,0
40875,0
40877,0
40881,0
40885,0
40891,0
40893,0
40897,0
40903,0
40905,0
40909,0
40915,0
40917,0
40923,0
40925,0
40929,0
40935,0
40939,0
40941,0
40947,0
40949,0
40955,0
40957,0
40963,0
40967,0
40969,0
40975,0
40977,0
40983,0
40987,0
40989,0
40993,0
40999,0
41001,0
41005,0
41011,0
41013,0
41017,0
41021,0
41025,0
41029,0
41035,0
41037,0
41041,0
41047,0
41049,0
41053,0
41059,0
41061,0
41065,0
41071,0
41073,0
41079,0
41081,0
41087,0
41089,0
41093,0
41099,0
41101,0
41107,0
41109,0
41115,0
41117,0
41121,0
41125,0
41131,0
41133,0
41137,0
41143,0
41145,0
41151,0
41153,0
41157,0
41163,0
41165,0
41171,0
41173,0
41179,0
41181,0
41185,0
41189,0
41193,0
41197,0
41201,0
41205,0
41211,0
41213,0
41217,0
41223,0
41225,0
41231,0
41235,0
41237,0
41243,0
41245,0
41251,0
41253,0
41259,0
41261,0
41265,0
41271,0
41273,0
41279,0
41281,0
41285,0
41291,0
41293,0
41299,0
41301,0
41307,0
41309,0
41315,0
41317,0
41321,0
41327,0
41329,0
41335,0
41337,0
41343,0
41345,0
41349,0
41355,0
41357,0
41361,0
41365,0
41371,0
41373,0
41379,0
41381,0
41385,0
41391,0
41393,0
41399,0
41401,0
41407,0
41411,0
41413,0
41419,0
41421,0
41425,0
41431,0
41433,0
41439,0
41441,0
41447,0
41449,0
41453,0
41457,0
41463,0
41465,0
41471,0
41473,0
41477,0
41483,0
41487,0
41489,0
41495,0
41497,0
41503,0
41505,0
41509,0
41515,0
41517,0
41523,0
41527,0
41529,0
41535,0
41537,0
41541,0
41547,0
41549,0
41553,0
41559,0
41561,0
41565,0
41571,0
41575,0
41577,0
41581,0
41587,0
41589,0
41593,0
41599,0
41603,0
41605,0
41611,0
41613,0
41619,0
41621,0
41627,0
41629,0
41635,0
41637,0
41643,0
41645,0
41649,0
41655,0
41659,0
41663,0
41665,0
41669,0
41675,0
41677,0
41683,0
41685,0
41691,0
41693,0
41699,0
41701,0
41707,0
41709,0
41713,0
41719,0
41721,0
41727,0
41729,0
41735,0
41737,0
41743,0
41745,0
41751,0
41755,0
41757,0
41763,0
41765,0
41771,0
41773,0
41779,0
41781,0
41787,0
41789,0
41795,0
41797,0
41803,0
41805,0
41811,0
41813,0
41817,0
41823,0
41825,0
41831,0
41833,0
41837,0
41843,0
41845,0
41851,0
41853,0
41859,0
41861,0
41867,0
41869,0
41873,0
41879,0
41881,0
41887,0
41889,0
41895,0
41897,0
41901,0
41907,0
41911,0
41913,0
41919,0
41921,0
41925,0
41929,0
41935,0
41939,0
41943,0
41947,0
41949,0
41953,0
41957,0
41961,0
41965,0
41971,0
41973,0
41977,0
41983,0
41987,0
41991,0
41993,0
41999,0
42001,0
42007,0
42009,0
42015,0
42019,0
42021,0
42027,0
42029,0
42033,0
42039,0
42043,0
42045,0
42051,0
42055,0
42057,0
42061,0
42067,0
42069,0
42075,0
42077,0
42083,0
42085,0
42089,0
42093,0
42099,0
42101,0
42105,0
42111,0
42113,0
42119,0
42121,0
42127,0
42129,0
42135,0
42137,0
42141,0
42147,0
42149,0
42155,0
42157,0
42163,0
42165,0
42171,0
42173,0
42177,0
42183,0
42185,0
42189,0
42195,0
42199,0
42201,0
42207,0
42209,0
42213,0
42219,0
42221,0
42227,0
42229,0
42235,0
42237,0
42243,0
42245,0
42251,0
42253,0
42259,0
42263,0
42265,0
42269,0
42275,0
42277,0
42283,0
42285,0
42291,0
42295,0
42297,0
42301,0
42307,0
42311,0
42313,0
42319,0
42321,0
42325,0
42331,0
42333,0
42339,0
42341,0
42345,0
42351,0
42353,0
42359,0
42361,0
42365,0
42371,0
42373,0
42377,0
42383,0
42385,0
42391,0
42393,0
42399,0
42401,0
42407,0
42409,0
42413,0
42417,0
42423,0
42425,0
42429,0
42433,0
42439,0
42441,0
42447,0
42449,0
42453,0
42459,0
42461,0
42465,0
42469,0
42475,0
42477,0
42483,0
42487,0
42489,0
42495,0
42497,0
42501,0
42505,0
42509,0
42513,0
42519,0
42521,0
42527,0
42529,0
42533,0
42539,0
42541,0
42547,0
42549,0
42553,0
42557,0
42563,0
42567,0
42569,0
42575,0
42577,0
42581,0
42587,0
42589,0
42593,0
42597,0
42603,0
42605,0
42611,0
42613,0
42617,0
42623,0
42625,0
42629,0
42635,0
42637,0
42641,0
42647,0
42649,0
42655,0
42657,0
42663,0
42665,0
42671,0
42673,0
42679,0
42681,0
42687,0
42689,0
42693,0
42699,0
42701,0
42705,0
42711,0
42713,0
42719,0
42721,0
42725,0
42731,0
42735,0
42737,0
42743,0
42745,0
42749,0
42755,0
42757,0
42763,0
42765,0
42769,0
42775,0
42777,0
42783,0
42785,0
42789,0
42795,0
42797,0
42801,0
42807,0
42809,0
42815,0
42817,0
42821,0
42827,0
42831,0
42835,0
42837,0
42843,0
42847,0
42849,0
42855,0
42859,0
42861,0
42865,0
42871,0
42875,0
42877,0
42881,0
42885,0
42891,0
42895,0
42899,0
42901,0
42907,0
42909,0
42915,0
42917,0
42921,0
42927,0
42929,0
42935,0
42937,0
42941,0
42947,0
42949,0
42955,0
42957,0
42963,0
42965,0
42971,0
42975,0
42979,0
42983,0
42985,0
42989,0
42993,0
42999,0
43001,0
43007,0
43009,0
43013,0
43019,0
43021,0
43025,0
43029,0
43035,0
43039,0
43041,0
43045,0
43051,0
43053,0
43059,0
43061,0
43065,0
43069,0
43073,0
43077,0
43083,0
43087,0
43089,0
43095,0
43099,0
43101,0
43105,0
43109,0
43115,0
43117,0
43123,0
43127,0
43129,0
43135,0
43137,0
43141,0
43147,0
43149,0
43153,0
43157,0
43163,0
43165,0
43171,0
43173,0
43179,0
43183,0
43187,0
43189,0
43193,0
43199,0
43201,0
43205,0
43211,0
43215,0
43217,0
43221,0
43227,0
43229,0
43235,0
43237,0
43241,0
43247,0
43249,0
43255,0
43257,0
43263,0
43265,0
43271,0
43273,0
43279,0
43281,0
43287,0
43289,0
43295,0
43297,0
43303,0
43307,0
43309,0
43315,0
43317,0
43321,0
43327,0
43329,0
43335,0
43337,0
43343,0
43345,0
43351,0
43353,0
43359,0
43363,0
43365,0
43369,0
43373,0
43379,0
43381,0
43385,0
43389,0
43395,0
43397,0
43401,0
43407,0
43409,0
43413,0
43419,0
43421,0
43425,0
43429,0
43435,0
43437,0
43441,0
43447,0
43449,0
43453,0
43457,0
43463,0
43465,0
43471,0
43473,0
43477,0
43481,0
43487,0
43489,0
43495,0
43499,0
43501,0
43505,0
43509,0
43513,0
43519,0
43521,0
43527,0
43529,0
43535,0
43539,0
43541,0
43547,0
43549,0
43553,0
43557,0
43561,0
43567,0
43569,0
43575,0
43577,0
43583,0
43585,0
43589,0
43595,0
43597,0
43603,0
43605,0
43609,0
43613,0
43619,0
43621,0
43627,0
43629,0
43635,0
43637,0
43641,0
43645,0
43651,0
43653,0
43659,0
43661,0
43667,0
43669,0
43673,0
43677,0
43681,0
43685,0
43689,0
43693,0
43699,0
43701,0
43707,0
43709,0
43715,0
43719,0
43721,0
43725,0
43731,0
43735,0
43737,0
43743,0
43745,0
43749,0
43755,0
43757,0
43763,0
43767,0
43769,0
43775,0
43777,0
43783,0
43787,0
43789,0
43793,0
43797,0
43803,0
43805,0
43811,0
43813,0
43817,0
43821,0
43827,0
43829,0
43835,0
43837,0
43843,0
43847,0
43849,0
43853,0
43859,0
43861,0
43865,0
43871,0
43875,0
43879,0
43883,0
43887,0
43891,0
43895,0
43897,0
43901,0
43905,0
43909,0
43913,0
43919,0
43923,0
43925,0
43931,0
43933,0
43937,0
43941,0
43947,0
43949,0
43953,0
43957,0
43961,0
43965,0
43971,0
43973,0
43979,0
43981,0
43985,0
43991,0
43993,0
43999,0
44001,0
44005,0
44009,0
44013,0
44017,0
44023,0
44025,0
44029,0
44033,0
44039,0
44041,0
44045,0
44051,0
44053,0
44057,0
44061,0
44065,0
44069,0
44075,0
44077,0
44081,0
44085,0
44091,0
44093,0
44099,0
44101,0
44105,0
44109,0
44113,0
44117,0
44121,0
44127,0
44129,0
44133,0
44137,0
44141,0
44145,0
44149,0
44153,0
44157,0
44163,0
44167,0
44171,0
44173,0
44179,0
44181,0
44185,0
44189,0
44195,0
44197,0
44201,0
44205,0
44211,0
44213,0
44219,0
44223,0
44227,0
44229,0
44235,0
44239,0
44241,0
44247,0
44249,0
44255,0
44257,0
44263,0
44265,0
44271,0
44273,0
44277,0
44281,0
44285,0
44289,0
44295,0
44299,0
44301,0
44305,0
44309,0
44313,0
44319,0
44321,0
44327,0
44331,0
44333,0
44339,0
44343,0
44345,0
44351,0
44353,0
44359,0
44361,0
44365,0
44371,0
44375,0
44379,0
44383,0
44387,0
44389,0
44395,0
44397,0
44401,0
44405,0
44411,0
44415,0
44417,0
44421,0
44425,0
44429,0
44435,0
44437,0
44443,0
44445,0
44451,0
44453,0
44459,0
44461,0
44467,0
44469,0
44475,0
44477,0
44481,0
44487,0
44489,0
44493,0
44499,0
44501,0
44505,0
44511,0
44513,0
44517,0
44521,0
44525,0
44531,0
44535,0
44537,0
44543,0
44545,0
44551,0
44553,0
44557,0
44561,0
44565,0
44569,0
44573,0
44577,0
44583,0
44585,0
44589,0
44593,0
44599,0
44603,0
44605,0
44609,0
44613,0
44619,0
44621,0
44625,0
44629,0
44635,0
44637,0
44641,0
44647,0
44649,0
44653,0
44657,0
44661,0
44665,0
44669,0
44673,0
44677,0
44681,0
44687,0
44691,0
44693,0
44697,0
44701,0
44705,0
44711,0
44713,0
44717,0
44723,0
44727,0
44729,0
44735,0
44737,0
44743,0
44745,0
44751,0
44755,0
44757,0
44763,0
44765,0
44771,0
44773,0
44777,0
44781,0
44785,0
44791,0
44795,0
44799,0
44801,0
44805,0
44811,0
44813,0
44819,0
44821,0
44827,0
44829,0
44835,0
44837,0
44841,0
44845,0
44849,0
44855,0
44857,0
44863,0
44865,0
44871,0
44873,0
44877,0
44883,0
44885,0
44891,0
44895,0
44897,0
44901,0
44907,0
44909,0
44913,0
44917,0
44923,0
44925,0
44929,0
44935,0
44939,0
44941,0
44945,0
44951,0
44953,0
44959,0
44963,0
44967,0
44971,0
44973,0
44977,0
44981,0
44987,0
44989,0
44993,0
44999,0
45003,0
45005,0
45011,0
45013,0
45019,0
45021,0
45025,0
45031,0
45035,0
45037,0
45041,0
45047,0
45049,0
45055,0
45059,0
45063,0
45067,0
45069,0
45073,0
45079,0
45081,0
45087,0
45089,0
45093,0
45099,0
45101,0
45105,0
45111,0
45113,0
45119,0
45121,0
45125,0
45131,0
45133,0
45137,0
45141,0
45145,0
45149,0
45153,0
45157,0
45163,0
45165,0
45169,0
45173,0
45179,0
45181,0
45185,0
45191,0
45193,0
45199,0
45201,0
45207,0
45209,0
45213,0
45219,0
45221,0
45227,0
45231,0
45233,0
45237,0
45241,0
45247,0
45251,0
45253,0
45257,0
45261,0
45265,0
45269,0
45273,0
45277,0
45283,0
45287,0
45289,0
45295,0
45297,0
45301,0
45305,0
45309,0
45313,0
45319,0
45321,0
45325,0
45331,0
45333,0
45337,0
45343,0
45345,0
45349,0
45355,0
45357,0
45361,0
45365,0
45369,0
45375,0
45379,0
45383,0
45385,0
45389,0
45393,0
45397,0
45401,0
45405,0
45409,0
45413,0
45417,0
45423,0
45425,0
45429,0
45433,0
45437,0
45441,0
45447,0
45449,0
45455,0
45457,0
45461,0
45467,0
45469,0
45475,0
45477,0
45481,0
45487,0
45489,0
45493,0
45499,0
45501,0
45505,0
45509,0
45513,0
45517,0
45521,0
45527,0
45529,0
45535,0
45537,0
45541,0
45547,0
45549,0
45555,0
45557,0
45563,0
45565,0
45571,0
45575,0
45577,0
45583,0
45587,0
45591,0
45595,0
45597,0
45603,0
45605,0
45611,0
45613,0
45617,0
45621,0
45627,0
45629,0
45635,0
45639,0
45641,0
45645,0
45651,0
45655,0
45657,0
45663,0
45665,0
45671,0
45675,0
45677,0
45683,0
45685,0
45689,0
45693,0
45697,0
45701,0
45705,0
45711,0
45715,0
45717,0
45721,0
45725,0
45729,0
45733,0
45739,0
45741,0
45747,0
45751,0
45753,0
45759,0
45761,0
45765,0
45769,0
45773,0
45777,0
45781,0
45787,0
45789,0
45795,0
45797,0
45803,0
45805,0
45811,0
45813,0
45817,0
45821,0
45825,0
45829,0
45833,0
45837,0
45843,0
45847,0
45849,0
45855,0
45859,0
45861,0
45865,0
45871,0
45873,0
45877,0
45881,0
45887,0
45889,0
45893,0
45899,0
45903,0
45907,0
45911,0
45913,0
45917,0
45921,0
45927,0
45929,0
45933,0
45937,0
45941,0
45945,0
45949,0
45953,0
45959,0
45961,0
45965,0
45969,0
45975,0
45977,0
45981,0
45987,0
45989,0
45995,0
45997,0
46001,0
46005,0
46011,0
46015,0
46019,0
46021,0
46027,0
46031,0
46035,0
46037,0
46043,0
46045,0
46051,0
46055,0
46057,0
46063,0
46065,0
46069,0
46073,0
46077,0
46081,0
46087,0
46091,0
46093,0
46099,0
46101,0
46105,0
46109,0
46113,0
46119,0
46121,0
46125,0
46129,0
46135,0
46137,0
46143,0
46145,0
46151,0
46153,0
46157,0
46161,0
46165,0
46169,0
46173,0
46177,0
46181,0
46185,0
46191,0
46195,0
46197,0
46203,0
46205,0
46211,0
46213,0
46217,0
46221,0
46227,0
46231,0
46235,0
46237,0
46243,0
46245,0
46251,0
46253,0
46257,0
46261,0
46267,0
46269,0
46273,0
46277,0
46283,0
46285,0
46291,0
46293,0
46297,0
46301,0
46305,0
46309,0
46313,0
46317,0
46321,0
46327,0
46331,0
46335,0
46337,0
46341,0
46345,0
46349,0
46353,0
46357,0
46361,0
46367,0
46369,0
46373,0
46377,0
46383,0
46385,0
46391,0
46393,0
46397,0
46401,0
46405,0
46411,0
46413,0
46417,0
46421,0
46425,0
46429,0
46435,0
46439,0
46441,0
46445,0
46449,0
46455,0
46459,0
46463,0
46467,0
46471,0
46473,0
46477,0
46481,0
46487,0
46491,0
46493,0
46497,0
46501,0
46505,0
46509,0
46513,0
46517,0
46521,0
46525,0
46529,0
46533,0
46537,0
46543,0
46545,0
46551,0
46555,0
46557,0
46561,0
46567,0
46569,0
46575,0
46579,0
46583,0
46585,0
46591,0
46593,0
46597,0
46601,0
46605,0
46611,0
46615,0
46617,0
46621,0
46625,0
46629,0
46633,0
46637,0
46643,0
46647,0
46649,0
46655,0
46659,0
46661,0
46667,0
46669,0
46673,0
46677,0
46683,0
46685,0
46689,0
46693,0
46699,0
46701,0
46705,0
46711,0
46713,0
46717,0
46721,0
46727,0
46731,0
46733,0
46737,0
46741,0
46747,0
46751,0
46755,0
46757,0
46761,0
46765,0
46771,0
46775,0
46777,0
