4,0
8,0
12,0
18,0
20,0
24,0
28,0
32,0
36,0
40,0
44,0
48,0
52,0
58,0
62,0
64,0
68,0
72,0
76,0
80,0
86,0
88,0
94,0
96,0
100,0
106,0
108,0
112,0
118,0
122,0
126,0
130,0
134,0
138,0
140,0
146,0
148,0
152,0
156,0
160,0
164,0
170,0
172,0
178,0
182,0
186,0
190,0
194,0
198,0
202,0
204,0
210,0
214,0
218,0
222,0
226,0
228,0
234,0
236,0
240,0
244,0
250,0
252,0
256,0
262,0
264,0
268,0
274,0
278,0
282,0
286,0
290,0
292,0
296,0
300,0
304,0
308,0
314,0
316,0
322,0
326,0
330,0
334,0
338,0
340,0
344,0
348,0
352,0
358,0
360,0
366,0
368,0
372,0
376,0
380,0
384,0
388,0
392,0
398,0
402,0
404,0
408,0
412,0
418,0
422,0
426,0
430,0
434,0
436,0
440,0
446,0
448,0
454,0
458,0
460,0
464,0
470,0
472,0
476,0
480,0
486,0
488,0
492,0
498,0
502,0
504,0
510,0
512,0
516,0
520,0
524,0
530,0
534,0
538,0
542,0
546,0
548,0
552,0
558,0
560,0
566,0
570,0
574,0
576,0
580,0
584,0
588,0
594,0
598,0
602,0
604,0
608,0
612,0
616,0
620,0
626,0
628,0
634,0
636,0
642,0
644,0
650,0
652,0
658,0
660,0
664,0
668,0
674,0
676,0
682,0
684,0
688,0
692,0
696,0
702,0
704,0
710,0
712,0
716,0
722,0
726,0
730,0
732,0
736,0
740,0
744,0
750,0
752,0
758,0
760,0
766,0
770,0
774,0
776,0
780,0
784,0
790,0
792,0
796,0
802,0
804,0
810,0
814,0
818,0
822,0
824,0
830,0
834,0
836,0
842,0
846,0
850,0
854,0
858,0
862,0
866,0
868,0
874,0
876,0
882,0
884,0
888,0
892,0
896,0
900,0
904,0
910,0
914,0
918,0
922,0
926,0
930,0
932,0
938,0
940,0
946,0
948,0
952,0
956,0
962,0
964,0
968,0
972,0
976,0
980,0
984,0
990,0
992,0
996,0
1002,0
1004,0
1008,0
1012,0
1016,0
1022,0
1024,0
1030,0
1034,0
1038,0
1042,0
1044,0
1050,0
1052,0
1056,0
1060,0
1066,0
1070,0
1074,0
1078,0
1080,0
1084,0
1090,0
1092,0
1096,0
1100,0
1104,0
1110,0
1112,0
1116,0
1122,0
1126,0
1130,0
1134,0
1138,0
1142,0
1146,0
1150,0
1152,0
1156,0
1160,0
1166,0
1170,0
1172,0
1176,0
1182,0
1184,0
1188,0
1194,0
1198,0
1202,0
1206,0
1208,0
1214,0
1218,0
1220,0
1224,0
1230,0
1234,0
1238,0
1240,0
1244,0
1248,0
1254,0
1256,0
1262,0
1264,0
1268,0
1272,0
1278,0
1280,0
1286,0
1288,0
1294,0
1298,0
1302,0
1306,0
1308,0
1314,0
1318,0
1322,0
1326,0
1328,0
1334,0
1338,0
1340,0
1346,0
1350,0
1354,0
1356,0
1360,0
1364,0
1368,0
1372,0
1378,0
1380,0
1384,0
1390,0
1392,0
1398,0
1400,0
1404,0
1410,0
1412,0
1416,0
1422,0
1426,0
1430,0
1432,0
1436,0
1442,0
1444,0
1448,0
1454,0
1458,0
1462,0
1464,0
1470,0
1474,0
1478,0
1480,0
1484,0
1488,0
1494,0
1496,0
1502,0
1504,0
1510,0
1512,0
1518,0
1520,0
1526,0
1530,0
1532,0
1536,0
1540,0
1546,0
1548,0
1552,0
1556,0
1560,0
1564,0
1568,0
1572,0
1576,0
1580,0
1586,0
1588,0
1594,0
1596,0
1600,0
1604,0
1608,0
1612,0
1616,0
1620,0
1624,0
1630,0
1632,0
1638,0
1642,0
1646,0
1650,0
1654,0
1658,0
1662,0
1664,0
1668,0
1674,0
1676,0
1682,0
1684,0
1688,0
1692,0
1696,0
1700,0
1706,0
1708,0
1712,0
1716,0
1720,0
1726,0
1730,0
1734,0
1736,0
1742,0
1744,0
1748,0
1754,0
1756,0
1762,0
1764,0
1770,0
1772,0
1778,0
1780,0
1784,0
1790,0
1792,0
1796,0
1802,0
1806,0
1810,0
1812,0
1818,0
1820,0
1826,0
1828,0
1832,0
1836,0
1842,0
1844,0
1848,0
1854,0
1858,0
1862,0
1864,0
1870,0
1874,0
1878,0
1882,0
1884,0
1890,0
1892,0
1896,0
1900,0
1906,0
1908,0
1912,0
1916,0
1920,0
1926,0
1930,0
1934,0
1936,0
1942,0
1946,0
1948,0
1952,0
1958,0
1962,0
1964,0
1968,0
1972,0
1978,0
1980,0
1984,0
1988,0
1992,0
1998,0
2002,0
2004,0
2008,0
2012,0
2018,0
2020,0
2024,0
2028,0
2032,0
2036,0
2042,0
2044,0
2048,0
2052,0
2056,0
2060,0
2064,0
2068,0
2072,0
2076,0
2080,0
2086,0
2088,0
2092,0
2096,0
2100,0
2104,0
2108,0
2114,0
2118,0
2120,0
2126,0
2128,0
2134,0
2138,0
2142,0
2146,0
2150,0
2154,0
2158,0
2160,0
2164,0
2168,0
2172,0
2176,0
2182,0
2184,0
2188,0
2192,0
2198,0
2202,0
2204,0
2208,0
2212,0
2216,0
2222,0
2224,0
2228,0
2234,0
2238,0
2240,0
2246,0
2250,0
2252,0
2256,0
2260,0
2264,0
2268,0
2274,0
2278,0
2280,0
2284,0
2288,0
2292,0
2298,0
2302,0
2304,0
2310,0
2314,0
2318,0
2322,0
2326,0
2330,0
2334,0
2338,0
2342,0
2346,0
2350,0
2354,0
2358,0
2362,0
2366,0
2370,0
2372,0
2378,0
2382,0
2386,0
2388,0
2392,0
2398,0
2402,0
2406,0
2410,0
2412,0
2418,0
2422,0
2426,0
2430,0
2434,0
2438,0
2442,0
2444,0
2450,0
2454,0
2458,0
2460,0
2466,0
2470,0
2472,0
2476,0
2480,0
2486,0
2490,0
2494,0
2496,0
2502,0
2506,0
2510,0
2514,0
2516,0
2522,0
2524,0
2528,0
2532,0
2536,0
2540,0
2546,0
2548,0
2552,0
2556,0
2562,0
2564,0
2568,0
2574,0
2578,0
2580,0
2584,0
2590,0
2594,0
2598,0
2602,0
2606,0
2608,0
2612,0
2616,0
2622,0
2626,0
2628,0
2634,0
2636,0
2640,0
2646,0
2650,0
2654,0
2658,0
2660,0
2664,0
2668,0
2674,0
2678,0
2682,0
2686,0
2688,0
2692,0
2696,0
2700,0
2706,0
2708,0
2714,0
2718,0
2720,0
2726,0
2728,0
2732,0
2736,0
2740,0
2744,0
2748,0
2752,0
2756,0
2760,0
2764,0
2768,0
2772,0
2776,0
2782,0
2784,0
2788,0
2792,0
2796,0
2802,0
2804,0
2808,0
2814,0
2818,0
2822,0
2826,0
2830,0
2832,0
2836,0
2842,0
2846,0
2848,0
2852,0
2858,0
2862,0
2864,0
2868,0
2874,0
2876,0
2880,0
2884,0
2888,0
2892,0
2896,0
2900,0
2906,0
2908,0
2914,0
2918,0
2922,0
2926,0
2930,0
2934,0
2936,0
2942,0
2944,0
2948,0
2952,0
2958,0
2962,0
2966,0
2970,0
2974,0
2978,0
2982,0
2986,0
2990,0
2992,0
2998,0
3002,0
3006,0
3010,0
3012,0
3016,0
3022,0
3026,0
3028,0
3034,0
3036,0
3040,0
3046,0
3048,0
3054,0
3058,0
3060,0
3064,0
3068,0
3072,0
3076,0
3080,0
3084,0
3088,0
3094,0
3096,0
3100,0
3104,0
3108,0
3112,0
3118,0
3122,0
3126,0
3128,0
3132,0
3136,0
3142,0
3146,0
3148,0
3154,0
3158,0
3160,0
3164,0
3168,0
3172,0
3176,0
3180,0
3184,0
3188,0
3192,0
3198,0
3202,0
3206,0
3210,0
3212,0
3216,0
3222,0
3226,0
3230,0
3232,0
3236,0
3242,0
3246,0
3250,0
3254,0
3258,0
3260,0
3266,0
3268,0
3274,0
3276,0
3282,0
3286,0
3288,0
3292,0
3298,0
3302,0
3306,0
3310,0
3312,0
3318,0
3320,0
3324,0
3330,0
3334,0
3336,0
3342,0
3346,0
3348,0
3354,0
3356,0
3360,0
3364,0
3368,0
3372,0
3378,0
3382,0
3386,0
3390,0
3394,0
3398,0
3400,0
3404,0
3410,0
3412,0
3416,0
3420,0
3424,0
3428,0
3434,0
3436,0
3440,0
3444,0
3448,0
3452,0
3458,0
3460,0
3464,0
3468,0
3474,0
3478,0
3480,0
3486,0
3490,0
3494,0
3496,0
3500,0
3506,0
3508,0
3514,0
3518,0
3520,0
3524,0
3528,0
3532,0
3536,0
3540,0
3546,0
3548,0
3552,0
3556,0
3560,0
3564,0
3568,0
3574,0
3576,0
3582,0
3584,0
3590,0
3594,0
3598,0
3602,0
3604,0
3608,0
3614,0
3616,0
3620,0
3624,0
3628,0
3632,0
3638,0
3640,0
3644,0
3650,0
3654,0
3658,0
3660,0
3664,0
3670,0
3674,0
3676,0
3680,0
3684,0
3690,0
3692,0
3696,0
3702,0
3704,0
3708,0
3712,0
3716,0
3720,0
3726,0
3730,0
3732,0
3736,0
3742,0
3744,0
3748,0
3752,0
3756,0
3762,0
3766,0
3768,0
3772,0
3776,0
3782,0
3786,0
3790,0
3794,0
3798,0
3802,0
3806,0
3810,0
3814,0
3818,0
3820,0
3824,0
3830,0
3834,0
3836,0
3840,0
3844,0
3848,0
3854,0
3856,0
3860,0
3864,0
3868,0
3874,0
3878,0
3880,0
3886,0
3890,0
3892,0
3898,0
3902,0
3904,0
3910,0
3914,0
3918,0
3922,0
3926,0
3930,0
3932,0
3936,0
3940,0
3946,0
3950,0
3954,0
3958,0
3962,0
3966,0
3970,0
3974,0
3978,0
3982,0
3984,0
3990,0
3992,0
3996,0
4000,0
4006,0
4010,0
4014,0
4018,0
4022,0
4026,0
4030,0
4034,0
4038,0
4040,0
4044,0
4048,0
4052,0
4056,0
4062,0
4064,0
4068,0
4072,0
4076,0
4080,0
4084,0
4090,0
4094,0
4098,0
4102,0
4106,0
4110,0
4112,0
4118,0
4122,0
4124,0
4130,0
4132,0
4138,0
4142,0
4146,0
4150,0
4152,0
4156,0
4160,0
4166,0
4170,0
4172,0
4178,0
4182,0
4186,0
4190,0
4194,0
4198,0
4202,0
4204,0
4210,0
4212,0
4216,0
4222,0
4226,0
4228,0
4232,0
4238,0
4242,0
4246,0
4250,0
4252,0
4256,0
4260,0
4266,0
4270,0
4272,0
4276,0
4280,0
4286,0
4288,0
4292,0
4298,0
4302,0
4304,0
4308,0
4314,0
4318,0
4320,0
4326,0
4330,0
4332,0
4336,0
4342,0
4346,0
4348,0
4354,0
4358,0
4360,0
4366,0
4370,0
4374,0
4378,0
4380,0
4386,0
4388,0
4392,0
4398,0
4400,0
4406,0
4408,0
4414,0
4418,0
4422,0
4426,0
4430,0
4432,0
4438,0
4442,0
4444,0
4450,0
4452,0
4456,0
4460,0
4466,0
4470,0
4474,0
4476,0
4482,0
4484,0
4490,0
4492,0
4496,0
4500,0
4504,0
4508,0
4512,0
4518,0
4522,0
4524,0
4530,0
4534,0
4538,0
4540,0
4544,0
4548,0
4552,0
4558,0
4562,0
4564,0
4568,0
4574,0
4578,0
4582,0
4584,0
4588,0
4592,0
4596,0
4602,0
4604,0
4610,0
4612,0
4616,0
4622,0
4624,0
4628,0
4634,0
4638,0
4642,0
4644,0
4650,0
4654,0
4656,0
4662,0
4664,0
4670,0
4674,0
4676,0
4680,0
4686,0
4690,0
4692,0
4696,0
4700,0
4704,0
4708,0
4712,0
4718,0
4720,0
4724,0
4730,0
4734,0
4736,0
4740,0
4744,0
4750,0
4754,0
4758,0
4762,0
4766,0
4770,0
4772,0
4776,0
4780,0
4784,0
4788,0
4792,0
4798,0
4802,0
4806,0
4810,0
4814,0
4818,0
4822,0
4826,0
4830,0
4834,0
4836,0
4842,0
4846,0
4848,0
4852,0
4858,0
4860,0
4864,0
4870,0
4872,0
4876,0
4880,0
4884,0
4890,0
4894,0
4898,0
4902,0
4904,0
4908,0
4914,0
4916,0
4920,0
4924,0
4928,0
4932,0
4938,0
4940,0
4944,0
4948,0
4952,0
4958,0
4960,0
4964,0
4970,0
4972,0
4978,0
4982,0
4986,0
4988,0
4992,0
4998,0
5000,0
5004,0
5010,0
5012,0
5016,0
5022,0
5026,0
5030,0
5032,0
5036,0
5040,0
5044,0
5048,0
5052,0
5058,0
5060,0
5064,0
5070,0
5072,0
5078,0
5082,0
5086,0
5090,0
5092,0
5098,0
5102,0
5106,0
5110,0
5114,0
5118,0
5120,0
5124,0
5128,0
5132,0
5136,0
5140,0
5144,0
5150,0
5152,0
5158,0
5160,0
5164,0
5168,0
5172,0
5176,0
5180,0
5186,0
5188,0
5192,0
5198,0
5200,0
5206,0
5208,0
5214,0
5218,0
5220,0
5224,0
5228,0
5232,0
5236,0
5240,0
5244,0
5248,0
5252,0
5256,0
5262,0
5266,0
5268,0
5272,0
5276,0
5280,0
5284,0
5288,0
5294,0
5298,0
5302,0
5306,0
5308,0
5312,0
5318,0
5322,0
5326,0
5330,0
5332,0
5336,0
5340,0
5344,0
5348,0
5354,0
5356,0
5362,0
5366,0
5370,0
5374,0
5378,0
5382,0
5386,0
5390,0
5394,0
5398,0
5402,0
5406,0
5410,0
5414,0
5416,0
5422,0
5426,0
5430,0
5432,0
5438,0
5440,0
5444,0
5448,0
5454,0
5456,0
5462,0
5464,0
5468,0
5474,0
5476,0
5482,0
5484,0
5490,0
5494,0
5498,0
5502,0
5506,0
5508,0
5514,0
5518,0
5520,0
5524,0
5528,0
5532,0
5536,0
5540,0
5544,0
5548,0
5552,0
5558,0
5562,0
5566,0
5570,0
5572,0
5578,0
5582,0
5584,0
5588,0
5592,0
5598,0
5600,0
5606,0
5610,0
5612,0
5616,0
5622,0
5626,0
5628,0
5634,0
5636,0
5640,0
5646,0
5650,0
5654,0
5656,0
5660,0
5666,0
5668,0
5674,0
5678,0
5682,0
5684,0
5690,0
5694,0
5698,0
5702,0
5704,0
5708,0
5712,0
5718,0
5722,0
5726,0
5728,0
5734,0
5736,0
5742,0
5744,0
5748,0
5754,0
5756,0
5762,0
5764,0
5770,0
5772,0
5776,0
5782,0
5786,0
5788,0
5794,0
5798,0
5802,0
5806,0
5810,0
5814,0
5818,0
5820,0
5824,0
5828,0
5832,0
5836,0
5842,0
5846,0
5848,0
5852,0
5856,0
5860,0
5864,0
5868,0
5872,0
5878,0
5880,0
5884,0
5890,0
5894,0
5898,0
5900,0
5904,0
5908,0
5914,0
5918,0
5920,0
5924,0
5928,0
5934,0
5938,0
5940,0
5944,0
5950,0
5954,0
5958,0
5962,0
5966,0
5970,0
5972,0
5978,0
5980,0
5984,0
5990,0
5992,0
5996,0
6002,0
6006,0
6010,0
6014,0
6016,0
6020,0
6026,0
6028,0
6034,0
6036,0
6040,0
6044,0
6050,0
6052,0
6058,0
6060,0
6064,0
6068,0
6074,0
6076,0
6082,0
6084,0
6088,0
6094,0
6096,0
6100,0
6104,0
6108,0
6112,0
6118,0
6120,0
6124,0
6130,0
6134,0
6138,0
6142,0
6146,0
6150,0
6152,0
6156,0
6162,0
6164,0
6168,0
6174,0
6176,0
6180,0
6186,0
6190,0
6194,0
6198,0
6200,0
6204,0
6210,0
6214,0
6218,0
6220,0
6226,0
6230,0
6234,0
6236,0
6242,0
6244,0
6248,0
6252,0
6258,0
6262,0
6264,0
6270,0
6272,0
6276,0
6282,0
6284,0
6290,0
6294,0
6298,0
6300,0
6306,0
6308,0
6314,0
6316,0
6320,0
6324,0
6328,0
6332,0
6336,0
6340,0
6346,0
6350,0
6352,0
6358,0
6360,0
6364,0
6368,0
6374,0
6376,0
6382,0
6386,0
6390,0
6394,0
6396,0
6402,0
6406,0
6408,0
6414,0
6418,0
6422,0
6426,0
6428,0
6434,0
6438,0
6442,0
6446,0
6450,0
6452,0
6458,0
6462,0
6466,0
6468,0
6474,0
6478,0
6482,0
6486,0
6488,0
6494,0
6498,0
6502,0
6504,0
6508,0
6514,0
6516,0
6522,0
6524,0
6528,0
6534,0
6538,0
6540,0
6546,0
6550,0
6554,0
6558,0
6562,0
6566,0
6570,0
6572,0
6576,0
6582,0
6584,0
6588,0
6592,0
6598,0
6602,0
6606,0
6608,0
6612,0
6618,0
6622,0
6626,0
6628,0
6632,0
6638,0
6642,0
6644,0
6650,0
6654,0
6658,0
6660,0
6664,0
6668,0
6672,0
6676,0
6680,0
6684,0
6688,0
6692,0
6696,0
6700,0
6706,0
6708,0
6712,0
6716,0
6722,0
6726,0
6728,0
6732,0
6736,0
6740,0
6744,0
6748,0
6754,0
6756,0
6762,0
6764,0
6768,0
6774,0
6778,0
6782,0
6784,0
6788,0
6794,0
6796,0
6802,0
6804,0
6810,0
6814,0
6816,0
6822,0
6824,0
6830,0
6834,0
6836,0
6842,0
6846,0
6850,0
6854,0
6858,0
6862,0
6866,0
6868,0
6872,0
6878,0
6880,0
6884,0
6890,0
6892,0
6898,0
6902,0
6904,0
6910,0
6912,0
6918,0
6922,0
6924,0
6930,0
6932,0
6938,0
6942,0
6946,0
6948,0
6954,0
6958,0
6960,0
6964,0
6970,0
6974,0
6976,0
6980,0
6984,0
6988,0
6994,0
6996,0
7002,0
7006,0
7010,0
7014,0
7016,0
7022,0
7026,0
7030,0
7034,0
7036,0
7042,0
7046,0
7050,0
7054,0
7058,0
7062,0
7066,0
7068,0
7074,0
7078,0
7082,0
7086,0
7090,0
7094,0
7096,0
7102,0
7106,0
7110,0
7114,0
7118,0
7122,0
7124,0
7128,0
7134,0
7138,0
7142,0
7146,0
7148,0
7152,0
7156,0
7160,0
7166,0
7170,0
7172,0
7176,0
7182,0
7184,0
7188,0
7192,0
7198,0
7202,0
7206,0
7208,0
7214,0
7218,0
7222,0
7224,0
7230,0
7232,0
7236,0
7240,0
7244,0
7248,0
7254,0
7258,0
7262,0
7264,0
7268,0
7274,0
7276,0
7282,0
7286,0
7288,0
7292,0
7296,0
7302,0
7306,0
7310,0
7314,0
7318,0
7322,0
7324,0
7328,0
7334,0
7336,0
7342,0
7346,0
7348,0
7352,0
7358,0
7362,0
7364,0
7370,0
7374,0
7376,0
7380,0
7386,0
7388,0
7392,0
7398,0
7400,0
7404,0
7410,0
7414,0
7416,0
7422,0
7424,0
7428,0
7432,0
7436,0
7442,0
7446,0
7448,0
7454,0
7458,0
7462,0
7464,0
7470,0
7474,0
7476,0
7480,0
7486,0
7488,0
7494,0
7498,0
7502,0
7506,0
7508,0
7512,0
7516,0
7520,0
7526,0
7530,0
7534,0
7536,0
7540,0
7546,0
7548,0
7554,0
7556,0
7560,0
7564,0
7568,0
7572,0
7578,0
7580,0
7584,0
7588,0
7592,0
7596,0
7600,0
7606,0
7608,0
7612,0
7618,0
7620,0
7624,0
7628,0
7632,0
7636,0
7642,0
7646,0
7648,0
7652,0
7658,0
7660,0
7666,0
7670,0
7672,0
7676,0
7680,0
7686,0
7690,0
7694,0
7698,0
7700,0
7704,0
7710,0
7712,0
7716,0
7720,0
7724,0
7728,0
7732,0
7736,0
7740,0
7744,0
7748,0
7754,0
7758,0
7760,0
7764,0
7768,0
7772,0
7776,0
7780,0
7784,0
7788,0
7794,0
7796,0
7800,0
7804,0
7808,0
7814,0
7816,0
7820,0
7824,0
7828,0
7832,0
7836,0
7840,0
7844,0
7848,0
7852,0
7856,0
7860,0
7866,0
7868,0
7872,0
7876,0
7882,0
7884,0
7888,0
7892,0
7898,0
7900,0
7904,0
7908,0
7914,0
7916,0
7922,0
7924,0
7928,0
7932,0
7936,0
7940,0
7944,0
7948,0
7952,0
7958,0
7960,0
7964,0
7968,0
7972,0
7978,0
7982,0
7986,0
7988,0
7994,0
7996,0
8000,0
8004,0
8010,0
8014,0
8016,0
8022,0
8026,0
8028,0
8032,0
8038,0
8040,0
8046,0
8048,0
8054,0
8058,0
8062,0
8066,0
8070,0
8074,0
8076,0
8080,0
8086,0
8090,0
8092,0
8098,0
8102,0
8106,0
8110,0
8114,0
8118,0
8122,0
8124,0
8128,0
8134,0
8138,0
8142,0
8146,0
8150,0
8154,0
8158,0
8162,0
8166,0
8168,0
8174,0
8178,0
8182,0
8186,0
8190,0
8194,0
8198,0
8202,0
8206,0
8210,0
8214,0
8218,0
8222,0
8226,0
8228,0
8234,0
8236,0
8242,0
8246,0
8250,0
8254,0
8258,0
8262,0
8266,0
8268,0
8274,0
8278,0
8282,0
8284,0
8288,0
8294,0
8298,0
8300,0
8306,0
8310,0
8314,0
8318,0
8320,0
8324,0
8330,0
8332,0
8338,0
8342,0
8344,0
8350,0
8354,0
8356,0
8360,0
8364,0
8368,0
8372,0
8376,0
8380,0
8384,0
8388,0
8392,0
8396,0
8400,0
8404,0
8410,0
8412,0
8418,0
8422,0
8424,0
8430,0
8432,0
8436,0
8440,0
8444,0
8448,0
8454,0
8456,0
8462,0
8466,0
8470,0
8474,0
8478,0
8482,0
8486,0
8488,0
8492,0
8498,0
8500,0
8504,0
8510,0
8514,0
8516,0
8522,0
8524,0
8528,0
8534,0
8538,0
8542,0
8546,0
8548,0
8552,0
8556,0
8560,0
8564,0
8568,0
8572,0
8576,0
8580,0
8586,0
8590,0
8592,0
8596,0
8600,0
8606,0
8610,0
8614,0
8616,0
8622,0
8626,0
8630,0
8632,0
8636,0
8642,0
8644,0
8648,0
8654,0
8656,0
8660,0
8664,0
8670,0
8672,0
8676,0
8680,0
8686,0
8688,0
8694,0
8696,0
8700,0
8704,0
8708,0
8712,0
8718,0
8722,0
8724,0
8728,0
8732,0
8738,0
8740,0
8744,0
8748,0
8754,0
8756,0
8762,0
8764,0
8768,0
8772,0
8778,0
8780,0
8784,0
8790,0
8794,0
8796,0
8800,0
8804,0
8810,0
8812,0
8818,0
8822,0
8826,0
8828,0
8832,0
8836,0
8840,0
8844,0
8850,0
8852,0
8856,0
8860,0
8864,0
8870,0
8872,0
8876,0
8880,0
8884,0
8890,0
8892,0
8896,0
8900,0
8904,0
8908,0
8914,0
8916,0
8922,0
8926,0
8928,0
8934,0
8936,0
8940,0
8944,0
8948,0
8952,0
8956,0
8960,0
8966,0
8968,0
8972,0
8976,0
8980,0
8984,0
8988,0
8992,0
8996,0
9000,0
9006,0
9008,0
9012,0
9016,0
9020,0
9026,0
9028,0
9034,0
9036,0
9040,0
9044,0
9050,0
9054,0
9058,0
9060,0
9064,0
9070,0
9074,0
9076,0
9080,0
9084,0
9088,0
9092,0
9096,0
9100,0
9106,0
9108,0
9114,0
9118,0
9120,0
9126,0
9128,0
9134,0
9138,0
9140,0
9144,0
9148,0
9154,0
9156,0
9160,0
9164,0
9168,0
9172,0
9178,0
9180,0
9184,0
9190,0
9192,0
9196,0
9202,0
9206,0
9210,0
9214,0
9218,0
9222,0
9224,0
9228,0
9234,0
9238,0
9242,0
9246,0
9250,0
9252,0
9256,0
9260,0
9266,0
9270,0
9272,0
9276,0
9280,0
9286,0
9290,0
9292,0
9296,0
9300,0
9304,0
9310,0
9314,0
9316,0
9320,0
9324,0
9328,0
9332,0
9336,0
9340,0
9346,0
9350,0
9352,0
9358,0
9360,0
9366,0
9368,0
9374,0
9378,0
9380,0
9384,0
9388,0
9392,0
9398,0
9400,0
9406,0
9410,0
9412,0
9418,0
9420,0
9426,0
9430,0
9432,0
9438,0
9442,0
9446,0
9448,0
9452,0
9458,0
9460,0
9466,0
9468,0
9472,0
9476,0
9480,0
9484,0
9488,0
9492,0
9496,0
9502,0
9506,0
9508,0
9512,0
9518,0
9522,0
9526,0
9528,0
9534,0
9536,0
9542,0
9546,0
9550,0
9552,0
9558,0
9562,0
9566,0
9570,0
9572,0
9578,0
9582,0
9586,0
9588,0
9594,0
9596,0
9600,0
9606,0
9610,0
9614,0
9618,0
9622,0
9624,0
9628,0
9634,0
9638,0
9640,0
9644,0
9648,0
9652,0
9656,0
9660,0
9664,0
9670,0
9672,0
9678,0
9682,0
9684,0
9688,0
9694,0
9698,0
9700,0
9706,0
9708,0
9712,0
9716,0
9720,0
9726,0
9730,0
9734,0
9738,0
9742,0
9746,0
9748,0
9752,0
9756,0
9760,0
9766,0
9768,0
9772,0
9778,0
9782,0
9786,0
9788,0
9792,0
9796,0
9800,0
9804,0
9808,0
9812,0
9816,0
9822,0
9824,0
9828,0
9832,0
9838,0
9842,0
9846,0
9850,0
9854,0
9856,0
9862,0
9866,0
9870,0
9874,0
9878,0
9880,0
9886,0
9888,0
9894,0
9898,0
9902,0
9904,0
9910,0
9914,0
9918,0
9922,0
9924,0
9928,0
9932,0
9936,0
9942,0
9944,0
9948,0
9952,0
9956,0
9960,0
9964,0
9968,0
9972,0
9978,0
9982,0
9986,0
9988,0
9992,0
9996,0
10002,0
10006,0
10010,0
10014,0
10018,0
10020,0
10026,0
10028,0
10034,0
10036,0
10042,0
10046,0
10050,0
10054,0
10056,0
10062,0
10066,0
10068,0
10074,0
10076,0
10080,0
10084,0
10088,0
10092,0
10096,0
10102,0
10106,0
10110,0
10114,0
10116,0
10122,0
10124,0
10128,0
10132,0
10138,0
10142,0
10146,0
10150,0
10154,0
10156,0
10160,0
10164,0
10168,0
10172,0
10176,0
10182,0
10184,0
10190,0
10192,0
10196,0
10200,0
10204,0
10208,0
10212,0
10218,0
10220,0
10226,0
10228,0
10232,0
10236,0
10242,0
10244,0
10250,0
10254,0
10258,0
10260,0
10264,0
10270,0
10272,0
10276,0
10280,0
10284,0
10288,0
10294,0
10296,0
10300,0
10304,0
10308,0
10312,0
10316,0
10320,0
10326,0
10328,0
10334,0
10338,0
10340,0
10346,0
10348,0
10352,0
10358,0
10360,0
10364,0
10368,0
10374,0
10376,0
10382,0
10386,0
10390,0
10394,0
10398,0
10400,0
10404,0
10410,0
10414,0
10418,0
10420,0
10424,0
10430,0
10432,0
10436,0
10440,0
10444,0
10448,0
10452,0
10456,0
10462,0
10464,0
10468,0
10474,0
10478,0
10480,0
10484,0
10490,0
10492,0
10496,0
10502,0
10506,0
10508,0
10512,0
10518,0
10520,0
10524,0
10528,0
10532,0
10536,0
10542,0
10544,0
10550,0
10552,0
10556,0
10560,0
10564,0
10570,0
10572,0
10576,0
10582,0
10586,0
10590,0
10594,0
10598,0
10600,0
10604,0
10610,0
10612,0
10618,0
10622,0
10626,0
10630,0
10634,0
10636,0
10640,0
10644,0
10648,0
10654,0
10656,0
10662,0
10664,0
10670,0
10672,0
10676,0
10680,0
10684,0
10688,0
10694,0
10696,0
10702,0
10706,0
10710,0
10712,0
10718,0
10722,0
10726,0
10730,0
10732,0
10738,0
10742,0
10746,0
10748,0
10754,0
10756,0
10760,0
10764,0
10770,0
10774,0
10776,0
10782,0
10786,0
10788,0
10794,0
10798,0
10800,0
10806,0
10810,0
10812,0
10818,0
10820,0
10826,0
10828,0
10834,0
10836,0
10840,0
10844,0
10848,0
10854,0
10858,0
10860,0
10864,0
10870,0
10872,0
10876,0
10882,0
10886,0
10890,0
10894,0
10896,0
10902,0
10906,0
10908,0
10914,0
10916,0
10920,0
10926,0
10930,0
10934,0
10938,0
10942,0
10946,0
10950,0
10954,0
10956,0
10960,0
10966,0
10970,0
10972,0
10976,0
10982,0
10984,0
10990,0
10992,0
10998,0
11002,0
11006,0
11010,0
11012,0
11016,0
11020,0
11024,0
11028,0
11032,0
11036,0
11042,0
11044,0
11048,0
11052,0
11056,0
11060,0
11066,0
11070,0
11074,0
11078,0
11082,0
11084,0
11090,0
11094,0
11096,0
11100,0
11104,0
11110,0
11114,0
11116,0
11122,0
11124,0
11128,0
11134,0
11138,0
11142,0
11144,0
11148,0
11154,0
11158,0
11162,0
11166,0
11170,0
11174,0
11176,0
11180,0
11184,0
11190,0
11192,0
11198,0
11202,0
11206,0
11210,0
11212,0
11216,0
11220,0
11224,0
11228,0
11234,0
11236,0
11240,0
11244,0
11248,0
11254,0
11258,0
11262,0
11264,0
11270,0
11272,0
11276,0
11280,0
11286,0
11290,0
11292,0
11298,0
11302,0
11306,0
11308,0
11314,0
11318,0
11320,0
11326,0
11328,0
11334,0
11336,0
11342,0
11344,0
11348,0
11352,0
11356,0
11362,0
11364,0
11370,0
11374,0
11376,0
11382,0
11386,0
11390,0
11394,0
11398,0
11402,0
11406,0
11410,0
11414,0
11418,0
11420,0
11426,0
11430,0
11432,0
11436,0
11442,0
11444,0
11450,0
11452,0
11458,0
11462,0
11464,0
11468,0
11472,0
11478,0
11480,0
11484,0
11488,0
11492,0
11496,0
11500,0
11504,0
11508,0
11512,0
11516,0
11520,0
11524,0
11528,0
11532,0
11536,0
11540,0
11544,0
11548,0
11552,0
11556,0
11562,0
11566,0
11570,0
11572,0
11578,0
11580,0
11586,0
11588,0
11592,0
11596,0
11600,0
11604,0
11608,0
11614,0
11616,0
11622,0
11624,0
11628,0
11634,0
11636,0
11640,0
11644,0
11648,0
11652,0
11656,0
11660,0
11666,0
11668,0
11674,0
11676,0
11680,0
11686,0
11690,0
11694,0
11696,0
11702,0
11704,0
11708,0
11712,0
11716,0
11720,0
11724,0
11730,0
11732,0
11738,0
11740,0
11744,0
11750,0
11752,0
11758,0
11762,0
11764,0
11770,0
11774,0
11778,0
11782,0
11786,0
11788,0
11794,0
11798,0
11800,0
11806,0
11808,0
11812,0
11816,0
11822,0
11824,0
11828,0
11832,0
11836,0
11840,0
11844,0
11848,0
11854,0
11858,0
11862,0
11864,0
11868,0
11874,0
11878,0
11882,0
11886,0
11890,0
11894,0
11896,0
11902,0
11904,0
11908,0
11914,0
11916,0
11920,0
11926,0
11930,0
11934,0
11938,0
11942,0
11946,0
11948,0
11954,0
11958,0
11962,0
11966,0
11970,0
11974,0
11976,0
11982,0
11984,0
11988,0
11992,0
11998,0
12000,0
12004,0
12008,0
12012,0
12018,0
12022,0
12026,0
12030,0
12032,0
12036,0
12042,0
12044,0
12048,0
12052,0
12056,0
12062,0
12064,0
12070,0
12072,0
12076,0
12082,0
12086,0
12090,0
12094,0
12096,0
12102,0
12106,0
12110,0
12114,0
12116,0
12122,0
12124,0
12130,0
12132,0
12136,0
12140,0
12144,0
12148,0
12154,0
12158,0
12160,0
12166,0
12170,0
12174,0
12178,0
12180,0
12184,0
12188,0
12192,0
12196,0
12202,0
12206,0
12208,0
12212,0
12216,0
12222,0
12224,0
12228,0
12234,0
12238,0
12242,0
12246,0
12248,0
12254,0
12256,0
12262,0
12266,0
12268,0
12274,0
12278,0
12282,0
12286,0
12290,0
12294,0
12298,0
12302,0
12304,0
12308,0
12312,0
12316,0
12320,0
12326,0
12330,0
12332,0
12338,0
12342,0
12346,0
12350,0
12352,0
12358,0
12360,0
12364,0
12370,0
12372,0
12376,0
12380,0
12384,0
12388,0
12394,0
12398,0
12402,0
12404,0
12408,0
12414,0
12416,0
12420,0
12424,0
12428,0
12434,0
12438,0
12442,0
12446,0
12448,0
12454,0
12456,0
12462,0
12466,0
12468,0
12474,0
12478,0
12482,0
12486,0
12488,0
12492,0
12498,0
12500,0
12504,0
12508,0
12512,0
12516,0
12520,0
12526,0
12530,0
12532,0
12536,0
12542,0
12544,0
12550,0
12552,0
12556,0
12560,0
12564,0
12570,0
12574,0
12578,0
12582,0
12586,0
12588,0
12594,0
12598,0
12600,0
12604,0
12608,0
12612,0
12616,0
12620,0
12624,0
12630,0
12634,0
12636,0
12640,0
12644,0
12648,0
12652,0
12656,0
12662,0
12664,0
12668,0
12674,0
12678,0
12680,0
12686,0
12690,0
12692,0
12698,0
12702,0
12706,0
12710,0
12712,0
12718,0
12722,0
12726,0
12728,0
12734,0
12736,0
12742,0
12744,0
12748,0
12752,0
12756,0
12762,0
12764,0
12770,0
12774,0
12778,0
12782,0
12786,0
12788,0
12792,0
12796,0
12800,0
12804,0
12808,0
12812,0
12818,0
12820,0
12824,0
12828,0
12834,0
12838,0
12842,0
12844,0
12850,0
12852,0
12856,0
12862,0
12864,0
12870,0
12874,0
12878,0
12880,0
12886,0
12890,0
12892,0
12898,0
12902,0
12906,0
12910,0
12914,0
12918,0
12922,0
12926,0
12930,0
12934,0
12938,0
12942,0
12946,0
12948,0
12952,0
12956,0
12962,0
12964,0
12970,0
12974,0
12976,0
12982,0
12986,0
12990,0
12994,0
12998,0
13002,0
13006,0
13010,0
13014,0
13018,0
13022,0
13026,0
13030,0
13032,0
13038,0
13040,0
13046,0
13050,0
13054,0
13058,0
13062,0
13066,0
13070,0
13072,0
13078,0
13082,0
13086,0
13088,0
13092,0
13096,0
13100,0
13104,0
13110,0
13114,0
13116,0
13120,0
13124,0
13128,0
13132,0
13136,0
13142,0
13144,0
13148,0
13152,0
13156,0
13160,0
13166,0
13170,0
13172,0
13178,0
13182,0
13186,0
13190,0
13194,0
13198,0
13200,0
13206,0
13208,0
13212,0
13216,0
13220,0
13224,0
13230,0
13232,0
13236,0
13242,0
13246,0
13248,0
13252,0
13256,0
13260,0
13266,0
13268,0
13274,0
13278,0
13282,0
13286,0
13290,0
13294,0
13298,0
13300,0
13304,0
13308,0
13314,0
13318,0
13320,0
13326,0
13330,0
13332,0
13336,0
13340,0
13344,0
13350,0
13354,0
13356,0
13360,0
13364,0
13370,0
13372,0
13378,0
13380,0
13386,0
13388,0
13394,0
13398,0
13400,0
13404,0
13410,0
13414,0
13418,0
13422,0
13426,0
13430,0
13434,0
13438,0
13440,0
13446,0
13450,0
13454,0
13456,0
13462,0
13466,0
13470,0
13474,0
13478,0
13480,0
13484,0
13488,0
13494,0
13498,0
13502,0
13506,0
13508,0
13512,0
13516,0
13520,0
13526,0
13530,0
13534,0
13538,0
13542,0
13546,0
13548,0
13552,0
13558,0
13560,0
13564,0
13568,0
13572,0
13576,0
13580,0
13586,0
13590,0
13594,0
13598,0
13600,0
13604,0
13610,0
13612,0
13618,0
13622,0
13626,0
13628,0
13634,0
13638,0
13642,0
13644,0
13648,0
13654,0
13656,0
13660,0
13666,0
13668,0
13674,0
13678,0
13682,0
13686,0
13688,0
13692,0
13696,0
13702,0
13704,0
13708,0
13714,0
13716,0
13720,0
13724,0
13728,0
13734,0
13738,0
13742,0
13744,0
13750,0
13754,0
13758,0
13762,0
13766,0
13768,0
13774,0
13778,0
13782,0
13786,0
13788,0
13792,0
13796,0
13802,0
13804,0
13808,0
13812,0
13816,0
13820,0
13824,0
13830,0
13834,0
13836,0
13840,0
13844,0
13850,0
13852,0
13856,0
13862,0
13866,0
13870,0
13874,0
13876,0
13882,0
13886,0
13888,0
13894,0
13898,0
13902,0
13906,0
13908,0
13914,0
13918,0
13920,0
13924,0
13928,0
13932,0
13936,0
13940,0
13944,0
13950,0
13952,0
13956,0
13962,0
13966,0
13968,0
13974,0
13976,0
13982,0
13984,0
13988,0
13994,0
13998,0
14002,0
14004,0
14008,0
14012,0
14018,0
14022,0
14024,0
14028,0
14032,0
14038,0
14042,0
14046,0
14048,0
14054,0
14056,0
14062,0
14064,0
14070,0
14072,0
14076,0
14080,0
14084,0
14088,0
14092,0
14096,0
14100,0
14104,0
14108,0
14112,0
14116,0
14120,0
14124,0
14128,0
14132,0
14138,0
14140,0
14144,0
14150,0
14154,0
14156,0
14160,0
14164,0
14170,0
14172,0
14176,0
14180,0
14184,0
14188,0
14192,0
14198,0
14202,0
14204,0
14208,0
14212,0
14216,0
14220,0
14226,0
14228,0
14232,0
14238,0
14240,0
14246,0
14250,0
14254,0
14256,0
14260,0
14264,0
14268,0
14272,0
14276,0
14280,0
14284,0
14290,0
14292,0
14298,0
14302,0
14304,0
14310,0
14312,0
14318,0
14322,0
14326,0
14328,0
14332,0
14338,0
14342,0
14344,0
14348,0
14352,0
14358,0
14362,0
14366,0
14368,0
14374,0
14378,0
14380,0
14384,0
14388,0
14394,0
14398,0
14402,0
14404,0
14410,0
14412,0
14416,0
14422,0
14424,0
14430,0
14432,0
14438,0
14440,0
14446,0
14448,0
14454,0
14458,0
14460,0
14466,0
14468,0
14472,0
14476,0
14480,0
14486,0
14490,0
14492,0
14498,0
14502,0
14506,0
14510,0
14514,0
14516,0
14522,0
14524,0
14530,0
14534,0
14538,0
14542,0
14544,0
14550,0
14552,0
14558,0
14562,0
14564,0
14570,0
14572,0
14576,0
14580,0
14586,0
14588,0
14592,0
14598,0
14600,0
14604,0
14608,0
14612,0
14616,0
14620,0
14626,0
14630,0
14634,0
14636,0
14642,0
14644,0
14648,0
14654,0
14656,0
14662,0
14664,0
14668,0
14672,0
14678,0
14680,0
14686,0
14690,0
14694,0
14698,0
14700,0
14704,0
14710,0
14712,0
14716,0
14720,0
14726,0
14730,0
14732,0
14736,0
14740,0
14744,0
14750,0
14752,0
14758,0
14762,0
14764,0
14768,0
14774,0
14778,0
14780,0
14784,0
14790,0
14792,0
14796,0
14800,0
14806,0
14808,0
14812,0
14816,0
14822,0
14826,0
14828,0
14832,0
14836,0
14842,0
14846,0
14850,0
14854,0
14856,0
14860,0
14866,0
14868,0
14874,0
14876,0
14880,0
14884,0
14888,0
14892,0
14896,0
14900,0
14906,0
14910,0
14914,0
14916,0
14920,0
14926,0
14928,0
14932,0
14936,0
14940,0
14946,0
14948,0
14952,0
14956,0
14962,0
14964,0
14970,0
14974,0
14976,0
14982,0
14986,0
14988,0
14992,0
14996,0
15000,0
15004,0
15010,0
15014,0
15018,0
15022,0
15026,0
15030,0
15034,0
15038,0
15040,0
15044,0
15048,0
15054,0
15056,0
15062,0
15064,0
15068,0
15074,0
15078,0
15082,0
15086,0
15090,0
15094,0
15098,0
15102,0
15106,0
15110,0
15114,0
15118,0
15122,0
15124,0
15130,0
15132,0
15138,0
15140,0
15146,0
15150,0
15154,0
15156,0
15162,0
15166,0
15168,0
15172,0
15178,0
15182,0
15184,0
15190,0
15192,0
15196,0
15202,0
15206,0
15210,0
15212,0
15216,0
15222,0
15226,0
15230,0
15234,0
15238,0
15242,0
15246,0
15250,0
15254,0
15258,0
15262,0
15266,0
15270,0
15272,0
15276,0
15280,0
15284,0
15288,0
15294,0
15298,0
15300,0
15306,0
15310,0
15314,0
15318,0
15322,0
15326,0
15330,0
15334,0
15338,0
15342,0
15346,0
15348,0
15354,0
15358,0
15362,0
15366,0
15368,0
15374,0
15378,0
15382,0
15386,0
15390,0
15392,0
15396,0
15400,0
15404,0
15408,0
15414,0
15418,0
15420,0
15424,0
15428,0
15434,0
15436,0
15442,0
15446,0
15450,0
15452,0
15456,0
15462,0
15464,0
15468,0
15474,0
15476,0
15482,0
15484,0
15488,0
15492,0
15498,0
15500,0
15504,0
15510,0
15514,0
15516,0
15522,0
15526,0
15530,0
15532,0
15536,0
15542,0
15544,0
15550,0
15552,0
15558,0
15560,0
15564,0
15570,0
15572,0
15578,0
15580,0
15586,0
15590,0
15594,0
15598,0
15602,0
15606,0
15610,0
15612,0
15616,0
15622,0
15624,0
15630,0
15632,0
15636,0
15642,0
15646,0
15648,0
15652,0
15658,0
15662,0
15666,0
15668,0
15674,0
15678,0
15680,0
15686,0
15690,0
15692,0
15698,0
15702,0
15706,0
15710,0
15712,0
15716,0
15722,0
15726,0
15728,0
15732,0
15736,0
15740,0
15744,0
15750,0
15754,0
15758,0
15762,0
15764,0
15768,0
15774,0
15778,0
15780,0
15786,0
15790,0
15794,0
15796,0
15802,0
15806,0
15810,0
15814,0
15816,0
15820,0
15824,0
15830,0
15834,0
15836,0
15842,0
15844,0
15848,0
15852,0
15858,0
15860,0
15866,0
15868,0
15872,0
15876,0
15882,0
15884,0
15888,0
15892,0
15896,0
15900,0
15904,0
15908,0
15912,0
15918,0
15922,0
15924,0
15928,0
15932,0
15938,0
15942,0
15944,0
15948,0
15952,0
15958,0
15960,0
15966,0
15970,0
15974,0
15976,0
15982,0
15984,0
15990,0
15994,0
15996,0
16000,0
16004,0
16010,0
16014,0
16018,0
16022,0
16026,0
16030,0
16034,0
16038,0
16040,0
16044,0
16048,0
16052,0
16058,0
16062,0
16066,0
16068,0
16074,0
16076,0
16080,0
16086,0
16088,0
16092,0
16096,0
16100,0
16106,0
16108,0
16112,0
16116,0
16120,0
16124,0
16128,0
16134,0
16136,0
16140,0
16146,0
16150,0
16152,0
16156,0
16162,0
16164,0
16170,0
16172,0
16176,0
16180,0
16184,0
16190,0
16192,0
16196,0
16200,0
16204,0
16208,0
16212,0
16216,0
16220,0
16226,0
16230,0
16232,0
16236,0
16242,0
16246,0
16248,0
16252,0
16256,0
16260,0
16264,0
16268,0
16272,0
16278,0
16282,0
16286,0
16288,0
16292,0
16296,0
16300,0
16304,0
16308,0
16312,0
16316,0
16322,0
16324,0
16328,0
16332,0
16336,0
16340,0
16346,0
16348,0
16352,0
16356,0
16360,0
16364,0
16370,0
16372,0
16378,0
16382,0
16386,0
16390,0
16394,0
16398,0
16400,0
16404,0
16408,0
16412,0
16418,0
16420,0
16426,0
16428,0
16432,0
16436,0
16440,0
16446,0
16448,0
16454,0
16458,0
16460,0
16464,0
16468,0
16474,0
16478,0
16482,0
16486,0
16490,0
16492,0
16496,0
16502,0
16506,0
16508,0
16514,0
16518,0
16520,0
16526,0
16528,0
16532,0
16538,0
16542,0
16546,0
16550,0
16552,0
16556,0
16562,0
16566,0
16568,0
16574,0
16578,0
16582,0
16586,0
16590,0
16592,0
16598,0
16600,0
16606,0
16610,0
16614,0
16616,0
16620,0
16624,0
16628,0
16634,0
16638,0
16640,0
16646,0
16648,0
16654,0
16656,0
16660,0
16664,0
16670,0
16672,0
16676,0
16680,0
16684,0
16690,0
16694,0
16698,0
16702,0
16704,0
16710,0
16714,0
16716,0
16720,0
16726,0
16728,0
16732,0
16738,0
16740,0
16746,0
16750,0
16754,0
16756,0
16762,0
16764,0
16770,0
16774,0
16778,0
16782,0
16786,0
16790,0
16794,0
16796,0
16800,0
16804,0
16810,0
16812,0
16816,0
16820,0
16824,0
16828,0
16834,0
16838,0
16842,0
16846,0
16850,0
16854,0
16858,0
16862,0
16866,0
16870,0
16874,0
16878,0
16882,0
16886,0
16890,0
16894,0
16898,0
16902,0
16904,0
16910,0
16914,0
16918,0
16922,0
16924,0
16930,0
16934,0
16938,0
16942,0
16946,0
16950,0
16954,0
16956,0
16960,0
16964,0
16968,0
16972,0
16978,0
16982,0
16984,0
16988,0
16992,0
16998,0
17002,0
17006,0
17010,0
17014,0
17018,0
17020,0
17026,0
17028,0
17034,0
17038,0
17040,0
17044,0
17050,0
17052,0
17056,0
17060,0
17066,0
17068,0
17072,0
17076,0
17080,0
17086,0
17088,0
17094,0
17098,0
17100,0
17106,0
17108,0
17114,0
17116,0
17120,0
17124,0
17128,0
17132,0
17136,0
17140,0
17144,0
17148,0
17152,0
17158,0
17162,0
17166,0
17170,0
17172,0
17176,0
17182,0
17186,0
17190,0
17192,0
17196,0
17202,0
17206,0
17210,0
17214,0
17218,0
17222,0
17226,0
17230,0
17234,0
17238,0
17242,0
17246,0
17250,0
17254,0
17258,0
17262,0
17264,0
17268,0
17272,0
17276,0
17282,0
17284,0
17290,0
17292,0
17298,0
17300,0
17306,0
17310,0
17312,0
17316,0
17320,0
17326,0
17330,0
17334,0
17336,0
17342,0
17346,0
17348,0
17354,0
17358,0
17362,0
17366,0
17368,0
17374,0
17376,0
17380,0
17386,0
17388,0
17392,0
17396,0
17400,0
17404,0
17408,0
17412,0
17418,0
17420,0
17426,0
17428,0
17434,0
17438,0
17442,0
17444,0
17448,0
17452,0
17456,0
17462,0
17466,0
17470,0
17472,0
17478,0
17482,0
17484,0
17490,0
17492,0
17496,0
17500,0
17506,0
17510,0
17512,0
17518,0
17522,0
17524,0
17528,0
17534,0
17536,0
17542,0
17544,0
17548,0
17552,0
17556,0
17560,0
17564,0
17568,0
17572,0
17576,0
17580,0
17586,0
17588,0
17592,0
17596,0
17600,0
17606,0
17610,0
17612,0
17618,0
17620,0
17626,0
17630,0
17632,0
17636,0
17642,0
17646,0
17648,0
17654,0
17658,0
17660,0
17664,0
17670,0
17674,0
17676,0
17682,0
17684,0
17690,0
17694,0
17698,0
17702,0
17706,0
17708,0
17712,0
17718,0
17720,0
17724,0
17728,0
17732,0
17736,0
17740,0
17746,0
17748,0
17752,0
17756,0
17760,0
17764,0
17768,0
17772,0
17776,0
17782,0
17784,0
17790,0
17794,0
17798,0
17802,0
17806,0
17808,0
17812,0
17818,0
17822,0
17824,0
17830,0
17834,0
17838,0
17840,0
17846,0
17848,0
17852,0
17856,0
17860,0
17864,0
17868,0
17874,0
17878,0
17882,0
17884,0
17888,0
17892,0
17896,0
17900,0
17904,0
17910,0
17912,0
17916,0
17920,0
17924,0
17928,0
17932,0
17938,0
17942,0
17946,0
17948,0
17952,0
17956,0
17960,0
17966,0
17968,0
17972,0
17976,0
17982,0
17986,0
17990,0
17994,0
17996,0
18002,0
18006,0
18010,0
18012,0
18018,0
18022,0
18024,0
18030,0
18032,0
18038,0
18042,0
18044,0
18050,0
18054,0
18058,0
18062,0
18064,0
18070,0
18074,0
18078,0
18082,0
18086,0
18088,0
18092,0
18096,0
18100,0
18104,0
18108,0
18114,0
18118,0
18122,0
18126,0
18128,0
18134,0
18136,0
18142,0
18144,0
18150,0
18154,0
18158,0
18160,0
18166,0
18170,0
18174,0
18176,0
18182,0
18184,0
18190,0
18192,0
18198,0
18200,0
18206,0
18208,0
18214,0
18216,0
18220,0
18224,0
18228,0
18232,0
18236,0
18240,0
18246,0
18250,0
18252,0
18256,0
18262,0
18266,0
18269,0
18275,0
18277,0
18281,0
18285,0
18291,0
18293,0
18299,0
18301,0
18307,0
18309,0
18315,0
18317,0
18323,0
18325,0
18329,0
18335,0
18337,0
18343,0
18345,0
18351,0
18353,0
18359,0
18361,0
18365,0
18371,0
18373,0
18379,0
18381,0
18387,0
18389,0
18395,0
18397,0
18403,0
18405,0
18411,0
18413,0
18419,0
18421,0
18427,0
18429,0
18435,0
18437,0
18443,0
18445,0
18451,0
18453,0
18459,0
18461,0
18467,0
18469,0
18475,0
18477,0
18483,0
18485,0
18491,0
18493,0
18499,0
18501,0
18507,0
18509,0
18515,0
18517,0
18521,0
18525,0
18531,0
18533,0
18537,0
18543,0
18545,0
18549,0
18555,0
18557,0
18563,0
18565,0
18571,0
18573,0
18579,0
18581,0
18587,0
18589,0
18595,0
18597,0
18603,0
18605,0
18611,0
18613,0
18619,0
18621,0
18627,0
18631,0
18633,0
18639,0
18641,0
18647,0
18649,0
18655,0
18657,0
18663,0
18665,0
18671,0
18673,0
18677,0
18681,0
18687,0
18689,0
18695,0
18697,0
18701,0
18707,0
18709,0
18713,0
18719,0
18721,0
18727,0
18729,0
18735,0
18737,0
18743,0
18745,0
18751,0
18753,0
18759,0
18761,0
18765,0
18771,0
18773,0
18779,0
18781,0
18787,0
18789,0
18795,0
18797,0
18801,0
18807,0
18809,0
18815,0
18817,0
18823,0
18825,0
18829,0
18835,0
18837,0
18843,0
18845,0
18851,0
18853,0
18859,0
18861,0
18865,0
18869,0
18875,0
18877,0
18883,0
18885,0
18891,0
18893,0
18899,0
18901,0
18907,0
18909,0
18915,0
18917,0
18921,0
18925,0
18931,0
18933,0
18939,0
18941,0
18947,0
18949,0
18955,0
18957,0
18963,0
18965,0
18971,0
18973,0
18979,0
18981,0
18987,0
18989,0
18995,0
18997,0
19003,0
19005,0
19011,0
19013,0
19019,0
19021,0
19027,0
19029,0
19035,0
19037,0
19041,0
19047,0
19049,0
19053,0
19059,0
19061,0
19065,0
19071,0
19073,0
19079,0
19081,0
19087,0
19089,0
19095,0
19097,0
19103,0
19105,0
19111,0
19113,0
19119,0
19121,0
19127,0
19129,0
19135,0
19137,0
19143,0
19145,0
19151,0
19153,0
19159,0
19161,0
19167,0
19169,0
19175,0
19177,0
19183,0
19185,0
19191,0
19193,0
19199,0
19201,0
19207,0
19209,0
19215,0
19217,0
19223,0
19225,0
19231,0
19233,0
19237,0
19243,0
19245,0
19249,0
19255,0
19257,0
19263,0
19265,0
19271,0
19273,0
19277,0
19283,0
19285,0
19291,0
19293,0
19297,0
19301,0
19305,0
19309,0
19315,0
19317,0
19323,0
19325,0
19329,0
19333,0
19339,0
19341,0
19347,0
19349,0
19353,0
19359,0
19361,0
19367,0
19369,0
19373,0
19379,0
19381,0
19387,0
19389,0
19393,0
19397,0
19401,0
19405,0
19411,0
19413,0
19419,0
19421,0
19427,0
19429,0
19433,0
19437,0
19443,0
19445,0
19449,0
19455,0
19457,0
19461,0
19467,0
19469,0
19475,0
19477,0
19483,0
19485,0
19491,0
19493,0
19499,0
19501,0
19507,0
19509,0
19515,0
19517,0
19521,0
19527,0
19529,0
19535,0
19537,0
19543,0
19545,0
19549,0
19555,0
19557,0
19561,0
19567,0
19569,0
19575,0
19577,0
19583,0
19585,0
19591,0
19593,0
19599,0
19601,0
19607,0
19609,0
19615,0
19617,0
19623,0
19625,0
19631,0
19633,0
19639,0
19641,0
19645,0
19649,0
19653,0
19659,0
19661,0
19667,0
19669,0
19675,0
19677,0
19683,0
19685,0
19691,0
19693,0
19699,0
19701,0
19707,0
19709,0
19715,0
19717,0
19723,0
19725,0
19731,0
19733,0
19739,0
19741,0
19747,0
19749,0
19755,0
19757,0
19763,0
19765,0
19771,0
19773,0
19779,0
19781,0
19787,0
19789,0
19795,0
19797,0
19801,0
19805,0
19811,0
19813,0
19819,0
19821,0
19827,0
19829,0
19833,0
19839,0
19841,0
19847,0
19849,0
19855,0
19857,0
19863,0
19865,0
19871,0
19873,0
19879,0
19881,0
19887,0
19889,0
19893,0
19899,0
19901,0
19905,0
19909,0
19915,0
19917,0
19923,0
19925,0
19931,0
19933,0
19937,0
19943,0
19945,0
19951,0
19953,0
19959,0
19961,0
19967,0
19969,0
19973,0
19979,0
19981,0
19987,0
19989,0
19993,0
19999,0
20003,0
20007,0
20009,0
20015,0
20017,0
20023,0
20025,0
20031,0
20035,0
20037,0
20043,0
20047,0
20049,0
20055,0
20057,0
20063,0
20065,0
20071,0
20073,0
20079,0
20081,0
20085,0
20089,0
20095,0
20097,0
20103,0
20105,0
20111,0
20113,0
20117,0
20123,0
20125,0
20131,0
20133,0
20139,0
20141,0
20145,0
20151,0
20153,0
20159,0
20161,0
20167,0
20169,0
20175,0
20177,0
20181,0
20187,0
20189,0
20195,0
20197,0
20201,0
20207,0
20209,0
20215,0
20217,0
20221,0
20227,0
20229,0
20235,0
20237,0
20243,0
20245,0
20249,0
20255,0
20257,0
20261,0
20265,0
20269,0
20275,0
20277,0
20283,0
20285,0
20291,0
20293,0
20297,0
20301,0
20307,0
20309,0
20315,0
20317,0
20321,0
20325,0
20329,0
20335,0
20337,0
20343,0
20345,0
20351,0
20353,0
20359,0
20361,0
20365,0
20371,0
20373,0
20379,0
20381,0
20387,0
20389,0
20395,0
20397,0
20403,0
20405,0
20411,0
20413,0
20419,0
20421,0
20427,0
20429,0
20435,0
20437,0
20443,0
20445,0
20449,0
20455,0
20457,0
20463,0
20465,0
20471,0
20473,0
20479,0
20481,0
20485,0
20491,0
20493,0
20499,0
20501,0
20507,0
20509,0
20515,0
20517,0
20523,0
20525,0
20531,0
20533,0
20539,0
20541,0
20547,0
20549,0
20553,0
20559,0
20561,0
20567,0
20569,0
20573,0
20577,0
20583,0
20585,0
20589,0
20593,0
20599,0
20601,0
20607,0
20609,0
20615,0
20617,0
20623,0
20625,0
20629,0
20633,0
20639,0
20641,0
20647,0
20649,0
20655,0
20657,0
20663,0
20665,0
20671,0
20673,0
20677,0
20683,0
20685,0
20689,0
20695,0
20697,0
20703,0
20705,0
20711,0
20713,0
20719,0
20721,0
20727,0
20729,0
20735,0
20737,0
20743,0
20745,0
20751,0
20753,0
20757,0
20763,0
20765,0
20771,0
20773,0
20779,0
20781,0
20787,0
20789,0
20795,0
20797,0
20801,0
20807,0
20809,0
20815,0
20817,0
20823,0
20825,0
20831,0
20833,0
20839,0
20841,0
20847,0
20849,0
20855,0
20857,0
20863,0
20865,0
20871,0
20873,0
20879,0
20881,0
20887,0
20889,0
20895,0
20897,0
20903,0
20905,0
20911,0
20913,0
20919,0
20921,0
20927,0
20929,0
20935,0
20937,0
20941,0
20947,0
20949,0
20955,0
20957,0
20963,0
20965,0
20969,0
20975,0
20977,0
20981,0
20987,0
20989,0
20993,0
20999,0
21001,0
21007,0
21009,0
21015,0
21017,0
21023,0
21025,0
21031,0
21033,0
21039,0
21041,0
21045,0
21051,0
21053,0
21059,0
21061,0
21067,0
21069,0
21075,0
21077,0
21083,0
21085,0
21091,0
21093,0
21099,0
21101,0
21105,0
21111,0
21113,0
21119,0
21121,0
21127,0
21129,0
21135,0
21137,0
21143,0
21145,0
21151,0
21153,0
21159,0
21161,0
21165,0
21171,0
21173,0
21177,0
21181,0
21185,0
21191,0
21195,0
21197,0
21203,0
21205,0
21211,0
21215,0
21217,0
21223,0
21225,0
21231,0
21233,0
21239,0
21241,0
21247,0
21249,0
21255,0
21257,0
21263,0
21265,0
21271,0
21273,0
21279,0
21281,0
21285,0
21289,0
21295,0
21297,0
21301,0
21307,0
21309,0
21315,0
21317,0
21323,0
21325,0
21331,0
21333,0
21339,0
21341,0
21347,0
21349,0
21355,0
21357,0
21363,0
21365,0
21371,0
21373,0
21379,0
21381,0
21387,0
21389,0
21395,0
21397,0
21403,0
21405,0
21411,0
21413,0
21419,0
21421,0
21427,0
21429,0
21435,0
21437,0
21443,0
21445,0
21451,0
21453,0
21459,0
21461,0
21467,0
21469,0
21473,0
21479,0
21481,0
21485,0
21491,0
21493,0
21499,0
21501,0
21507,0
21509,0
21515,0
21517,0
21523,0
21525,0
21531,0
21533,0
21539,0
21541,0
21547,0
21549,0
21555,0
21557,0
21563,0
21565,0
21571,0
21573,0
21579,0
21581,0
21587,0
21589,0
21595,0
21597,0
21603,0
21605,0
21611,0
21613,0
21619,0
21623,0
21625,0
21631,0
21633,0
21639,0
21641,0
21647,0
21649,0
21655,0
21657,0
21663,0
21665,0
21671,0
21673,0
21679,0
21681,0
21687,0
21689,0
21695,0
21697,0
21703,0
21705,0
21711,0
21713,0
21719,0
21721,0
21727,0
21729,0
21735,0
21737,0
21743,0
21745,0
21751,0
21753,0
21759,0
21761,0
21767,0
21769,0
21775,0
21777,0
21781,0
21787,0
21789,0
21795,0
21797,0
21803,0
21805,0
21811,0
21813,0
21819,0
21821,0
21827,0
21829,0
21835,0
21837,0
21841,0
21847,0
21849,0
21855,0
21857,0
21861,0
21867,0
21869,0
21875,0
21877,0
21883,0
21885,0
21891,0
21893,0
21899,0
21901,0
21905,0
21911,0
21913,0
21917,0
21923,0
21925,0
21929,0
21935,0
21937,0
21943,0
21945,0
21951,0
21953,0
21959,0
21961,0
21967,0
21969,0
21975,0
21977,0
21983,0
21985,0
21991,0
21993,0
21999,0
22001,0
22007,0
22009,0
22013,0
22019,0
22021,0
22025,0
22029,0
22033,0
22039,0
22041,0
22045,0
22049,0
22055,0
22057,0
22063,0
22065,0
22071,0
22073,0
22077,0
22081,0
22087,0
22089,0
22093,0
22097,0
22103,0
22105,0
22109,0
22115,0
22117,0
22123,0
22125,0
22129,0
22135,0
22137,0
22143,0
22145,0
22151,0
22153,0
22157,0
22161,0
22167,0
22169,0
22175,0
22177,0
22183,0
22185,0
22191,0
22193,0
22199,0
22201,0
22207,0
22209,0
22213,0
22219,0
22221,0
22227,0
22229,0
22233,0
22239,0
22241,0
22247,0
22249,0
22255,0
22257,0
22263,0
22265,0
22269,0
22275,0
22277,0
22283,0
22285,0
22291,0
22293,0
22297,0
22303,0
22305,0
22311,0
22313,0
22319,0
22321,0
22327,0
22329,0
22333,0
22337,0
22341,0
22347,0
22349,0
22355,0
22357,0
22363,0
22365,0
22371,0
22373,0
22379,0
22381,0
22385,0
22391,0
22393,0
22399,0
22401,0
22407,0
22409,0
22415,0
22417,0
22421,0
22427,0
22429,0
22435,0
22437,0
22441,0
22445,0
22451,0
22453,0
22459,0
22461,0
22467,0
22471,0
22475,0
22479,0
22483,0
22485,0
22491,0
22495,0
22497,0
22503,0
22507,0
22511,0
22513,0
22519,0
22521,0
22527,0
22531,0
22535,0
22537,0
22543,0
22545,0
22551,0
22555,0
22557,0
22563,0
22565,0
22571,0
22573,0
22579,0
22581,0
22585,0
22589,0
22593,0
22597,0
22601,0
22607,0
22609,0
22613,0
22619,0
22621,0
22627,0
22629,0
22635,0
22637,0
22643,0
22645,0
22649,0
22655,0
22657,0
22663,0
22667,0
22669,0
22675,0
22679,0
22683,0
22685,0
22691,0
22695,0
22699,0
22701,0
22707,0
22709,0
22715,0
22717,0
22723,0
22725,0
22731,0
22733,0
22739,0
22743,0
22747,0
22751,0
22755,0
22759,0
22761,0
22767,0
22769,0
22775,0
22777,0
22783,0
22785,0
22791,0
22795,0
22799,0
22801,0
22807,0
22811,0
22813,0
22819,0
22821,0
22827,0
22829,0
22835,0
22837,0
22843,0
22847,0
22849,0
22855,0
22859,0
22863,0
22865,0
22871,0
22873,0
22879,0
22883,0
22885,0
22891,0
22893,0
22899,0
22901,0
22907,0
22909,0
22915,0
22917,0
22923,0
22925,0
22931,0
22933,0
22939,0
22941,0
22947,0
22949,0
22955,0
22957,0
22963,0
22965,0
22971,0
22973,0
22979,0
22981,0
22987,0
22989,0
22995,0
22997,0
23003,0
23007,0
23011,0
23013,0
23019,0
23021,0
23027,0
23029,0
23035,0
23037,0
23043,0
23045,0
23051,0
23053,0
23059,0
23061,0
23067,0
23069,0
23075,0
23077,0
23083,0
23085,0
23091,0
23095,0
23097,0
23103,0
23105,0
23111,0
23113,0
23119,0
23121,0
23127,0
23129,0
23135,0
23139,0
23143,0
23145,0
23151,0
23155,0
23159,0
23163,0
23165,0
23171,0
23173,0
23179,0
23183,0
23187,0
23191,0
23195,0
23199,0
23201,0
23205,0
23211,0
23213,0
23217,0
23223,0
23225,0
23231,0
23235,0
23237,0
23243,0
23245,0
23251,0
23253,0
23259,0
23261,0
23267,0
23269,0
23273,0
23277,0
23283,0
23285,0
23291,0
23293,0
23299,0
23301,0
23307,0
23309,0
23315,0
23317,0
23323,0
23325,0
23329,0
23335,0
23337,0
23343,0
23345,0
23349,0
23355,0
23357,0
23363,0
23365,0
23369,0
23375,0
23377,0
23383,0
23385,0
23391,0
23393,0
23399,0
23401,0
23407,0
23409,0
23413,0
23419,0
23421,0
23427,0
23429,0
23435,0
23437,0
23443,0
23445,0
23451,0
23453,0
23457,0
23463,0
23465,0
23469,0
23475,0
23477,0
23483,0
23485,0
23491,0
23493,0
23499,0
23501,0
23507,0
23509,0
23515,0
23517,0
23523,0
23525,0
23531,0
23533,0
23537,0
23543,0
23545,0
23551,0
23553,0
23559,0
23561,0
23567,0
23569,0
23575,0
23577,0
23581,0
23587,0
23589,0
23595,0
23597,0
23603,0
23605,0
23611,0
23613,0
23617,0
23623,0
23625,0
23631,0
23633,0
23639,0
23641,0
23647,0
23649,0
23653,0
23659,0
23661,0
23667,0
23669,0
23675,0
23677,0
23681,0
23687,0
23689,0
23695,0
23697,0
23701,0
23707,0
23709,0
23715,0
23717,0
23723,0
23725,0
23731,0
23733,0
23739,0
23741,0
23745,0
23751,0
23753,0
23759,0
23761,0
23767,0
23769,0
23775,0
23777,0
23783,0
23785,0
23791,0
23793,0
23799,0
23801,0
23807,0
23809,0
23815,0
23817,0
23823,0
23825,0
23831,0
23833,0
23837,0
23843,0
23845,0
23851,0
23853,0
23857,0
23861,0
23867,0
23869,0
23873,0
23879,0
23881,0
23885,0
23891,0
23893,0
23899,0
23901,0
23907,0
23909,0
23915,0
23917,0
23923,0
23925,0
23929,0
23935,0
23937,0
23943,0
23945,0
23951,0
23953,0
23959,0
23961,0
23967,0
23969,0
23975,0
23977,0
23983,0
23985,0
23991,0
23993,0
23999,0
24001,0
24005,0
24011,0
24013,0
24019,0
24021,0
24027,0
24029,0
24033,0
24039,0
24041,0
24047,0
24049,0
24055,0
24057,0
24063,0
24065,0
24071,0
24073,0
24079,0
24081,0
24085,0
24091,0
24093,0
24099,0
24101,0
24107,0
24109,0
24113,0
24119,0
24121,0
24127,0
24129,0
24135,0
24137,0
24141,0
24145,0
24149,0
24155,0
24157,0
24163,0
24165,0
24171,0
24173,0
24179,0
24181,0
24187,0
24189,0
24195,0
24197,0
24201,0
24205,0
24211,0
24215,0
24217,0
24223,0
24225,0
24231,0
24235,0
24239,0
24241,0
24247,0
24251,0
24255,0
24259,0
24263,0
24267,0
24269,0
24275,0
24277,0
24283,0
24285,0
24291,0
24295,0
24297,0
24303,0
24307,0
24311,0
24313,0
24319,0
24323,0
24325,0
24331,0
24335,0
24337,0
24343,0
24345,0
24351,0
24353,0
24359,0
24361,0
24365,0
24371,0
24373,0
24379,0
24381,0
24387,0
24389,0
24393,0
24399,0
24403,0
24407,0
24411,0
24415,0
24417,0
24423,0
24427,0
24431,0
24433,0
24439,0
24441,0
24445,0
24449,0
24453,0
24459,0
24461,0
24467,0
24469,0
24473,0
24479,0
24481,0
24487,0
24489,0
24493,0
24497,0
24503,0
24505,0
24511,0
24513,0
24519,0
24521,0
24527,0
24529,0
24533,0
24539,0
24541,0
24547,0
24549,0
24553,0
24559,0
24561,0
24565,0
24571,0
24575,0
24577,0
24581,0
24585,0
24591,0
24593,0
24599,0
24601,0
24607,0
24609,0
24613,0
24619,0
24621,0
24627,0
24629,0
24635,0
24637,0
24643,0
24645,0
24651,0
24653,0
24659,0
24661,0
24667,0
24669,0
24675,0
24677,0
24683,0
24685,0
24689,0
24693,0
24699,0
24701,0
24705,0
24711,0
24713,0
24717,0
24723,0
24725,0
24731,0
24733,0
24737,0
24743,0
24745,0
24751,0
24753,0
24759,0
24761,0
24767,0
24769,0
24775,0
24777,0
24783,0
24785,0
24791,0
24793,0
24799,0
24801,0
24807,0
24809,0
24815,0
24817,0
24823,0
24825,0
24831,0
24833,0
24839,0
24843,0
24845,0
24851,0
24853,0
24859,0
24861,0
24867,0
24869,0
24875,0
24877,0
24883,0
24885,0
24891,0
24893,0
24899,0
24901,0
24907,0
24909,0
24915,0
24919,0
24921,0
24927,0
24929,0
24935,0
24937,0
24943,0
24945,0
24951,0
24953,0
24959,0
24961,0
24967,0
24969,0
24975,0
24979,0
24981,0
24987,0
24991,0
24993,0
24999,0
25003,0
25005,0
25011,0
25015,0
25017,0
25023,0
25025,0
25031,0
25035,0
25037,0
25043,0
25047,0
25049,0
25055,0
25057,0
25061,0
25067,0
25069,0
25073,0
25079,0
25081,0
25087,0
25089,0
25093,0
25097,0
25103,0
25105,0
25111,0
25113,0
25119,0
25121,0
25127,0
25129,0
25135,0
25137,0
25143,0
25145,0
25149,0
25155,0
25157,0
25163,0
25165,0
25171,0
25173,0
25179,0
25181,0
25185,0
25189,0
25195,0
25197,0
25203,0
25205,0
25211,0
25213,0
25217,0
25221,0
25225,0
25231,0
25233,0
25239,0
25241,0
25247,0
25249,0
25255,0
25257,0
25261,0
25267,0
25269,0
25275,0
25279,0
25281,0
25287,0
25291,0
25293,0
25299,0
25303,0
25305,0
25311,0
25313,0
25319,0
25321,0
25327,0
25329,0
25335,0
25337,0
25343,0
25345,0
25351,0
25353,0
25359,0
25361,0
25365,0
25371,0
25373,0
25377,0
25383,0
25385,0
25391,0
25393,0
25399,0
25403,0
25405,0
25411,0
25413,0
25419,0
25421,0
25427,0
25429,0
25435,0
25437,0
25443,0
25445,0
25451,0
25453,0
25459,0
25461,0
25467,0
25469,0
25475,0
25477,0
25483,0
25485,0
25489,0
25495,0
25497,0
25503,0
25505,0
25509,0
25515,0
25517,0
25521,0
25527,0
25529,0
25535,0
25537,0
25543,0
25545,0
25551,0
25553,0
25559,0
25561,0
25567,0
25569,0
25575,0
25577,0
25581,0
25585,0
25591,0
25593,0
25597,0
25603,0
25605,0
25609,0
25615,0
25617,0
25623,0
25625,0
25631,0
25633,0
25639,0
25641,0
25647,0
25649,0
25655,0
25657,0
25661,0
25667,0
25669,0
25673,0
25677,0
25683,0
25685,0
25691,0
25693,0
25699,0
25701,0
25707,0
25709,0
25715,0
25717,0
25723,0
25725,0
25729,0
25733,0
25739,0
25741,0
25747,0
25749,0
25755,0
25757,0
25763,0
25765,0
25771,0
25773,0
25777,0
25783,0
25785,0
25791,0
25795,0
25797,0
25803,0
25805,0
25811,0
25813,0
25817,0
25823,0
25825,0
25829,0
25833,0
25839,0
25841,0
25845,0
25851,0
25853,0
25859,0
25861,0
25865,0
25871,0
25873,0
25879,0
25881,0
25887,0
25889,0
25895,0
25897,0
25901,0
25907,0
25909,0
25915,0
25917,0
25923,0
25925,0
25929,0
25935,0
25937,0
25943,0
25945,0
25951,0
25953,0
25959,0
25961,0
25967,0
25969,0
25975,0
25977,0
25983,0
25985,0
25991,0
25993,0
25999,0
26001,0
26005,0
26011,0
26013,0
26019,0
26021,0
26027,0
26029,0
26035,0
26037,0
26041,0
26045,0
26051,0
26053,0
26059,0
26061,0
26067,0
26069,0
26075,0
26077,0
26083,0
26085,0
26089,0
26095,0
26097,0
26101,0
26107,0
26109,0
26115,0
26117,0
26123,0
26125,0
26131,0
26133,0
26139,0
26141,0
26147,0
26149,0
26155,0
26157,0
26161,0
26167,0
26171,0
26175,0
26177,0
26183,0
26187,0
26189,0
26195,0
26199,0
26201,0
26207,0
26209,0
26215,0
26217,0
26223,0
26227,0
26231,0
26235,0
26237,0
26243,0
26245,0
26251,0
26253,0
26259,0
26263,0
26265,0
26271,0
26273,0
26279,0
26281,0
26287,0
26289,0
26295,0
26297,0
26303,0
26305,0
26311,0
26313,0
26319,0
26321,0
26327,0
26329,0
26335,0
26337,0
26343,0
26347,0
26349,0
26355,0
26357,0
26361,0
26365,0
26369,0
26375,0
26377,0
26383,0
26385,0
26391,0
26393,0
26399,0
26401,0
26405,0
26411,0
26413,0
26419,0
26421,0
26427,0
26429,0
26433,0
26439,0
26441,0
26447,0
26449,0
26455,0
26457,0
26463,0
26465,0
26471,0
26473,0
26479,0
26481,0
26487,0
26491,0
26495,0
26497,0
26503,0
26507,0
26511,0
26513,0
26519,0
26521,0
26527,0
26529,0
26535,0
26537,0
26543,0
26547,0
26549,0
26555,0
26559,0
26563,0
26565,0
26571,0
26573,0
26579,0
26581,0
26587,0
26591,0
26593,0
26599,0
26603,0
26607,0
26609,0
26615,0
26617,0
26623,0
26625,0
26631,0
26635,0
26637,0
26643,0
26647,0
26649,0
26653,0
26657,0
26663,0
26665,0
26671,0
26673,0
26679,0
26681,0
26687,0
26689,0
26695,0
26697,0
26703,0
26705,0
26711,0
26713,0
26719,0
26721,0
26727,0
26729,0
26735,0
26737,0
26743,0
26745,0
26751,0
26753,0
26759,0
26763,0
26765,0
26771,0
26773,0
26779,0
26781,0
26787,0
26789,0
26793,0
26799,0
26801,0
26805,0
26811,0
26813,0
26817,0
26823,0
26825,0
26831,0
26833,0
26839,0
26841,0
26847,0
26849,0
26855,0
26857,0
26863,0
26867,0
26869,0
26875,0
26879,0
26883,0
26887,0
26889,0
26895,0
26899,0
26901,0
26907,0
26911,0
26915,0
26917,0
26923,0
26925,0
26931,0
26933,0
26939,0
26943,0
26945,0
26951,0
26955,0
26959,0
26961,0
26967,0
26969,0
26975,0
26977,0
26983,0
26987,0
26989,0
26995,0
26997,0
27001,0
27007,0
27009,0
27013,0
27017,0
27023,0
27025,0
27029,0
27035,0
27037,0
27043,0
27045,0
27051,0
27053,0
27059,0
27061,0
27067,0
27069,0
27075,0
27077,0
27083,0
27085,0
27089,0
27095,0
27097,0
27103,0
27105,0
27109,0
27113,0
27117,0
27123,0
27125,0
27131,0
27133,0
27139,0
27141,0
27147,0
27149,0
27155,0
27157,0
27161,0
27165,0
27171,0
27173,0
27177,0
27181,0
27187,0
27189,0
27195,0
27197,0
27203,0
27205,0
27209,0
27215,0
27217,0
27223,0
27225,0
27231,0
27235,0
27237,0
27243,0
27245,0
27251,0
27253,0
27257,0
27263,0
27265,0
27269,0
27275,0
27277,0
27281,0
27287,0
27289,0
27295,0
27297,0
27303,0
27305,0
27309,0
27313,0
27317,0
27323,0
27325,0
27329,0
27335,0
27337,0
27343,0
27345,0
27349,0
27355,0
27357,0
27363,0
27365,0
27371,0
27373,0
27379,0
27381,0
27387,0
27389,0
27395,0
27397,0
27401,0
27407,0
27409,0
27415,0
27417,0
27423,0
27425,0
27431,0
27433,0
27439,0
27441,0
27447,0
27451,0
27453,0
27459,0
27461,0
27467,0
27469,0
27475,0
27477,0
27483,0
27485,0
27489,0
27495,0
27497,0
27503,0
27505,0
27511,0
27513,0
27517,0
27523,0
27525,0
27529,0
27535,0
27537,0
27541,0
27547,0
27549,0
27553,0
27559,0
27561,0
27567,0
27569,0
27575,0
27577,0
27583,0
27587,0
27589,0
27595,0
27597,0
27601,0
27605,0
27611,0
27613,0
27619,0
27621,0
27627,0
27629,0
27635,0
27637,0
27641,0
27647,0
27649,0
27653,0
27657,0
27661,0
27667,0
27669,0
27675,0
27677,0
27683,0
27685,0
27689,0
27695,0
27697,0
27701,0
27705,0
27711,0
27713,0
27719,0
27721,0
27725,0
27729,0
27733,0
27737,0
27743,0
27745,0
27749,0
27755,0
27757,0
27763,0
27765,0
27771,0
27773,0
27779,0
27781,0
27787,0
27789,0
27795,0
27797,0
27803,0
27805,0
27811,0
27813,0
27817,0
27823,0
27825,0
27831,0
27833,0
27839,0
27841,0
27847,0
27849,0
27855,0
27857,0
27861,0
27867,0
27869,0
27875,0
27877,0
27881,0
27885,0
27891,0
27893,0
27897,0
27903,0
27905,0
27909,0
27915,0
27917,0
27921,0
27925,0
27931,0
27933,0
27939,0
27941,0
27945,0
27949,0
27955,0
27957,0
27963,0
27965,0
27971,0
27973,0
27979,0
27981,0
27987,0
27989,0
27995,0
27997,0
28001,0
28005,0
28009,0
28015,0
28017,0
28021,0
28027,0
28029,0
28033,0
28037,0
28041,0
28047,0
28049,0
28055,0
28057,0
28061,0
28065,0
28069,0
28073,0
28077,0
28083,0
28085,0
28089,0
28095,0
28097,0
28103,0
28105,0
28109,0
28115,0
28117,0
28121,0
28125,0
28129,0
28133,0
28139,0
28141,0
28145,0
28149,0
28155,0
28157,0
28161,0
28165,0
28169,0
28173,0
28179,0
28181,0
28185,0
28191,0
28193,0
28199,0
28201,0
28207,0
28209,0
28215,0
28217,0
28223,0
28225,0
28229,0
28233,0
28237,0
28243,0
28245,0
28251,0
28253,0
28259,0
28261,0
28265,0
28271,0
28273,0
28279,0
28281,0
28287,0
28289,0
28295,0
28297,0
28303,0
28305,0
28311,0
28313,0
28319,0
28321,0
28327,0
28329,0
28333,0
28339,0
28343,0
28345,0
28351,0
28353,0
28359,0
28361,0
28367,0
28371,0
28373,0
28379,0
28381,0
28387,0
28389,0
28395,0
28397,0
28403,0
28405,0
28411,0
28413,0
28419,0
28421,0
28427,0
28429,0
28433,0
28439,0
28441,0
28447,0
28449,0
28455,0
28457,0
28463,0
28465,0
28469,0
28475,0
28479,0
28481,0
28487,0
28489,0
28493,0
28497,0
28501,0
28507,0
28509,0
28515,0
28519,0
28521,0
28527,0
28529,0
28535,0
28537,0
28543,0
28545,0
28551,0
28553,0
28557,0
28561,0
28567,0
28569,0
28575,0
28577,0
28581,0
28585,0
28589,0
28595,0
28597,0
28603,0
28605,0
28609,0
28613,0
28619,0
28621,0
28627,0
28631,0
28635,0
28639,0
28641,0
28647,0
28651,0
28653,0
28659,0
28661,0
28667,0
28669,0
28675,0
28677,0
28683,0
28685,0
28691,0
28693,0
28699,0
28701,0
28707,0
28709,0
28715,0
28717,0
28723,0
28725,0
28731,0
28733,0
28739,0
28741,0
28747,0
28749,0
28755,0
28757,0
28763,0
28765,0
28771,0
28773,0
28779,0
28781,0
28787,0
28789,0
28795,0
28797,0
28803,0
28805,0
28811,0
28815,0
28817,0
28823,0
28825,0
28831,0
28833,0
28839,0
28841,0
28845,0
28851,0
28853,0
28857,0
28861,0
28867,0
28869,0
28875,0
28877,0
28883,0
28885,0
28891,0
28893,0
28899,0
28901,0
28907,0
28909,0
28915,0
28917,0
28923,0
28925,0
28929,0
28933,0
28937,0
28941,0
28947,0
28949,0
28955,0
28957,0
28963,0
28965,0
28971,0
28973,0
28979,0
28981,0
28987,0
28991,0
28995,0
28997,0
29001,0
29007,0
29009,0
29013,0
29019,0
29021,0
29025,0
29029,0
29035,0
29037,0
29043,0
29045,0
29051,0
29053,0
29059,0
29061,0
29065,0
29069,0
29075,0
29077,0
29081,0
29087,0
29089,0
29095,0
29097,0
29103,0
29107,0
29109,0
29115,0
29117,0
29123,0
29127,0
29129,0
29135,0
29139,0
29143,0
29145,0
29151,0
29153,0
29159,0
29161,0
29167,0
29169,0
29173,0
29179,0
29181,0
29187,0
29189,0
29193,0
29199,0
29201,0
29205,0
29211,0
29213,0
29219,0
29221,0
29227,0
29229,0
29235,0
29237,0
29243,0
29245,0
29251,0
29253,0
29259,0
29261,0
29267,0
29269,0
29275,0
29277,0
29281,0
29287,0
29289,0
29295,0
29297,0
29303,0
29305,0
29309,0
29315,0
29317,0
29323,0
29325,0
29331,0
29333,0
29339,0
29341,0
29347,0
29349,0
29355,0
29357,0
29363,0
29365,0
29371,0
29373,0
29379,0
29381,0
29387,0
29389,0
29395,0
29397,0
29403,0
29405,0
29411,0
29413,0
29417,0
29423,0
29425,0
29431,0
29433,0
29439,0
29441,0
29445,0
29451,0
29453,0
29459,0
29463,0
29465,0
29471,0
29473,0
29479,0
29481,0
29487,0
29491,0
29493,0
29499,0
29501,0
29507,0
29509,0
29515,0
29519,0
29521,0
29527,0
29531,0
29533,0
29539,0
29541,0
29547,0
29549,0
29555,0
29557,0
29563,0
29567,0
29569,0
29575,0
29577,0
29583,0
29585,0
29591,0
29593,0
29599,0
29601,0
29607,0
29609,0
29615,0
29619,0
29621,0
29627,0
29629,0
29633,0
29639,0
29641,0
29645,0
29651,0
29653,0
29659,0
29661,0
29667,0
29669,0
29675,0
29679,0
29683,0
29687,0
29689,0
29695,0
29697,0
29703,0
29705,0
29709,0
29713,0
29719,0
29721,0
29725,0
29731,0
29733,0
29739,0
29741,0
29747,0
29749,0
29753,0
29759,0
29761,0
29767,0
29769,0
29773,0
29777,0
29781,0
29787,0
29789,0
29795,0
29797,0
29803,0
29805,0
29811,0
29813,0
29819,0
29821,0
29827,0
29829,0
29835,0
29837,0
29843,0
29845,0
29851,0
29853,0
29859,0
29863,0
29867,0
29869,0
29875,0
29877,0
29883,0
29885,0
29891,0
29893,0
29899,0
29901,0
29907,0
29909,0
29915,0
29917,0
29923,0
29925,0
29931,0
29933,0
29939,0
29941,0
29947,0
29949,0
29955,0
29957,0
29963,0
29965,0
29969,0
29973,0
29979,0
29981,0
29987,0
29989,0
29995,0
29999,0
30001,0
30007,0
30011,0
30015,0
30019,0
30021,0
30027,0
30029,0
30033,0
30037,0
30043,0
30047,0
30049,0
30055,0
30057,0
30063,0
30067,0
30069,0
30075,0
30077,0
30081,0
30087,0
30089,0
30095,0
30097,0
30103,0
30105,0
30111,0
30113,0
30117,0
30121,0
30125,0
30131,0
30133,0
30137,0
30141,0
30147,0
30149,0
30155,0
30157,0
30163,0
30165,0
30171,0
30173,0
30179,0
30181,0
30185,0
30191,0
30193,0
30199,0
30201,0
30205,0
30211,0
30215,0
30219,0
30223,0
30227,0
30229,0
30235,0
30237,0
30243,0
30247,0
30249,0
30255,0
30259,0
30263,0
30265,0
30269,0
30273,0
30277,0
30283,0
30285,0
30291,0
30293,0
30299,0
30301,0
30307,0
30311,0
30315,0
30317,0
30323,0
30325,0
30331,0
30333,0
30339,0
30341,0
30347,0
30349,0
30355,0
30359,0
30363,0
30365,0
30369,0
30375,0
30377,0
30381,0
30385,0
30391,0
30393,0
30397,0
30401,0
30405,0
30409,0
30413,0
30417,0
30421,0
30427,0
30429,0
30433,0
30437,0
30441,0
30447,0
30449,0
30455,0
30457,0
30463,0
30465,0
30471,0
30473,0
30479,0
30481,0
30485,0
30489,0
30495,0
30497,0
30503,0
30507,0
30511,0
30513,0
30519,0
30523,0
30525,0
30531,0
30533,0
30539,0
30541,0
30547,0
30549,0
30555,0
30557,0
30563,0
30565,0
30571,0
30573,0
30579,0
30581,0
30587,0
30589,0
30595,0
30597,0
30601,0
30607,0
30611,0
30615,0
30617,0
30623,0
30625,0
30631,0
30633,0
30639,0
30641,0
30647,0
30649,0
30655,0
30657,0
30661,0
30667,0
30669,0
30673,0
30677,0
30681,0
30687,0
30691,0
30695,0
30697,0
30703,0
30707,0
30709,0
30715,0
30719,0
30723,0
30725,0
30731,0
30735,0
30737,0
30743,0
30747,0
30751,0
30753,0
30759,0
30761,0
30767,0
30769,0
30775,0
30777,0
30783,0
30785,0
30791,0
30795,0
30797,0
30803,0
30805,0
30811,0
30815,0
30819,0
30823,0
30827,0
30829,0
30835,0
30837,0
30843,0
30847,0
30849,0
30855,0
30857,0
30863,0
30865,0
30871,0
30873,0
30879,0
30881,0
30887,0
30889,0
30895,0
30897,0
30903,0
30905,0
30911,0
30915,0
30917,0
30923,0
30925,0
30931,0
30933,0
30939,0
30941,0
30945,0
30949,0
30955,0
30957,0
30963,0
30965,0
30971,0
30973,0
30979,0
30983,0
30985,0
30989,0
30995,0
30997,0
31003,0
31005,0
31011,0
31013,0
31019,0
31021,0
31027,0
31029,0
31035,0
31037,0
31041,0
31047,0
31049,0
31053,0
31059,0
31061,0
31067,0
31069,0
31073,0
31077,0
31083,0
31085,0
31089,0
31095,0
31097,0
31103,0
31105,0
31111,0
31113,0
31117,0
31123,0
31125,0
31129,0
31135,0
31137,0
31141,0
31145,0
31149,0
31153,0
31159,0
31161,0
31167,0
31169,0
31173,0
31177,0
31181,0
31185,0
31189,0
31193,0
31197,0
31201,0
31205,0
31209,0
31213,0
31217,0
31221,0
31227,0
31231,0
31235,0
31239,0
31241,0
31247,0
31249,0
31255,0
31257,0
31263,0
31265,0
31271,0
31273,0
31279,0
31283,0
31285,0
31291,0
31293,0
31299,0
31303,0
31305,0
31311,0
31313,0
31319,0
31323,0
31325,0
31331,0
31333,0
31339,0
31341,0
31347,0
31349,0
31355,0
31357,0
31363,0
31367,0
31369,0
31375,0
31379,0
31383,0
31387,0
31391,0
31393,0
31399,0
31401,0
31407,0
31409,0
31415,0
31417,0
31423,0
31425,0
31429,0
31435,0
31437,0
31443,0
31445,0
31451,0
31455,0
31459,0
31461,0
31467,0
31469,0
31475,0
31477,0
31483,0
31487,0
31489,0
31495,0
31497,0
31503,0
31505,0
31511,0
31515,0
31519,0
31523,0
31525,0
31531,0
31535,0
31539,0
31541,0
31545,0
31551,0
31555,0
31559,0
31561,0
31567,0
31569,0
31575,0
31577,0
31583,0
31585,0
31589,0
31595,0
31597,0
31603,0
31605,0
31609,0
31615,0
31617,0
31621,0
31627,0
31629,0
31633,0
31637,0
31643,0
31645,0
31651,0
31653,0
31659,0
31661,0
31667,0
31669,0
31675,0
31677,0
31681,0
31687,0
31689,0
31695,0
31697,0
31703,0
31705,0
31711,0
31713,0
31719,0
31721,0
31727,0
31729,0
31735,0
31737,0
31743,0
31745,0
31751,0
31753,0
31759,0
31761,0
31765,0
31771,0
31773,0
31779,0
31781,0
31787,0
31789,0
31793,0
31797,0
31803,0
31805,0
31811,0
31813,0
31817,0
31823,0
31825,0
31831,0
31833,0
31839,0
31841,0
31845,0
31851,0
31853,0
31859,0
31861,0
31865,0
31869,0
31875,0
31877,0
31881,0
31885,0
31889,0
31895,0
31897,0
31901,0
31905,0
31911,0
31913,0
31917,0
31921,0
31927,0
31929,0
31933,0
31939,0
31941,0
31947,0
31949,0
31953,0
31959,0
31961,0
31967,0
31969,0
31975,0
31977,0
31983,0
31985,0
31989,0
31995,0
31997,0
32003,0
32005,0
32009,0
32015,0
32017,0
32023,0
32025,0
32029,0
32035,0
32039,0
32041,0
32045,0
32051,0
32053,0
32059,0
32061,0
32065,0
32071,0
32075,0
32077,0
32083,0
32085,0
32091,0
32095,0
32099,0
32103,0
32105,0
32109,0
32113,0
32119,0
32121,0
32127,0
32129,0
32135,0
32139,0
32141,0
32147,0
32149,0
32155,0
32157,0
32163,0
32165,0
32171,0
32175,0
32179,0
32181,0
32187,0
32189,0
32195,0
32197,0
32201,0
32205,0
32211,0
32215,0
32217,0
32221,0
32227,0
32229,0
32233,0
32237,0
32243,0
32245,0
32249,0
32253,0
32257,0
32261,0
32265,0
32269,0
32273,0
32277,0
32283,0
32285,0
32291,0
32293,0
32297,0
32301,0
32305,0
32309,0
32313,0
32317,0
32323,0
32325,0
32329,0
32335,0
32337,0
32343,0
32345,0
32351,0
32355,0
32357,0
32363,0
32367,0
32369,0
32375,0
32377,0
32383,0
32385,0
32391,0
32393,0
32399,0
32401,0
32405,0
32409,0
32413,0
32417,0
32423,0
32425,0
32429,0
32435,0
32437,0
32443,0
32447,0
32449,0
32455,0
32459,0
32461,0
32467,0
32469,0
32475,0
32477,0
32483,0
32485,0
32491,0
32493,0
32497,0
32501,0
32507,0
32509,0
32515,0
32517,0
32523,0
32525,0
32531,0
32533,0
32539,0
32541,0
32545,0
32549,0
32553,0
32557,0
32561,0
32567,0
32569,0
32573,0
32577,0
32583,0
32585,0
32591,0
32593,0
32599,0
32601,0
32607,0
32611,0
32613,0
32619,0
32623,0
32627,0
32631,0
32633,0
32639,0
32641,0
32647,0
32649,0
32655,0
32657,0
32663,0
32665,0
32671,0
32673,0
32679,0
32681,0
32687,0
32689,0
32695,0
32699,0
32703,0
32707,0
32709,0
32715,0
32717,0
32723,0
32727,0
32731,0
32733,0
32739,0
32741,0
32747,0
32749,0
32755,0
32759,0
32761,0
32767,0
32771,0
32775,0
32779,0
32783,0
32787,0
32789,0
32793,0
32797,0
32801,0
32805,0
32811,0
32813,0
32817,0
32823,0
32827,0
32829,0
32835,0
32837,0
32843,0
32845,0
32851,0
32853,0
32859,0
32861,0
32865,0
32869,0
32875,0
32877,0
32883,0
32885,0
32891,0
32893,0
32899,0
32901,0
32907,0
32909,0
32913,0
32919,0
32921,0
32927,0
32931,0
32933,0
32939,0
32941,0
32947,0
32951,0
32953,0
32957,0
32963,0
32965,0
32971,0
32973,0
32979,0
32981,0
32987,0
32991,0
32995,0
32999,0
33003,0
33007,0
33009,0
33015,0
33019,0
33021,0
33025,0
33029,0
33033,0
33039,0
33041,0
33047,0
33049,0
33055,0
33057,0
33061,0
33067,0
33069,0
33075,0
33077,0
33083,0
33085,0
33091,0
33095,0
33099,0
33103,0
33107,0
33109,0
33115,0
33117,0
33123,0
33125,0
33131,0
33135,0
33139,0
33143,0
33145,0
33151,0
33153,0
33159,0
33161,0
33167,0
33169,0
33175,0
33177,0
33183,0
33185,0
33189,0
33195,0
33197,0
33203,0
33205,0
33211,0
33213,0
33219,0
33221,0
33225,0
33229,0
33233,0
33239,0
33241,0
33247,0
33249,0
33255,0
33259,0
33263,0
33265,0
33271,0
33275,0
33277,0
33281,0
33287,0
33291,0
33293,0
33299,0
33301,0
33307,0
33309,0
33315,0
33317,0
33323,0
33325,0
33331,0
33333,0
33339,0
33341,0
33347,0
33351,0
33353,0
33359,0
33363,0
33365,0
33371,0
33375,0
33377,0
33381,0
33385,0
33389,0
33393,0
33397,0
33403,0
33405,0
33411,0
33413,0
33419,0
33421,0
33427,0
33431,0
33435,0
33437,0
33443,0
33445,0
33451,0
33453,0
33457,0
33463,0
33465,0
33469,0
33473,0
33479,0
33481,0
33487,0
33489,0
33493,0
33499,0
33501,0
33507,0
33509,0
33515,0
33517,0
33521,0
33527,0
33529,0
33535,0
33537,0
33543,0
33545,0
33551,0
33553,0
33559,0
33563,0
33565,0
33571,0
33575,0
33579,0
33583,0
33585,0
33589,0
33595,0
33599,0
33601,0
33607,0
33611,0
33615,0
33617,0
33623,0
33625,0
33629,0
33633,0
33639,0
33641,0
33647,0
33649,0
33653,0
33657,0
33661,0
33667,0
33669,0
33675,0
33677,0
33683,0
33685,0
33689,0
33693,0
33697,0
33703,0
33705,0
33709,0
33715,0
33717,0
33721,0
33727,0
33729,0
33733,0
33739,0
33741,0
33747,0
33751,0
33753,0
33757,0
33761,0
33767,0
33769,0
33773,0
33777,0
33783,0
33785,0
33791,0
33793,0
33797,0
33801,0
33805,0
33811,0
33813,0
33817,0
33823,0
33825,0
33829,0
33833,0
33839,0
33841,0
33845,0
33851,0
33853,0
33859,0
33863,0
33865,0
33871,0
33873,0
33879,0
33883,0
33885,0
33891,0
33893,0
33897,0
33901,0
33905,0
33911,0
33913,0
33917,0
33923,0
33925,0
33929,0
33933,0
33939,0
33941,0
33945,0
33951,0
33953,0
33959,0
33961,0
33967,0
33969,0
33975,0
33977,0
33983,0
33985,0
33991,0
33993,0
33997,0
34001,0
34007,0
34009,0
34015,0
34019,0
34021,0
34027,0
34029,0
34035,0
34039,0
34043,0
34047,0
34049,0
34055,0
34059,0
34063,0
34067,0
34071,0
34075,0
34079,0
34083,0
34087,0
34089,0
34095,0
34097,0
34103,0
34107,0
34109,0
34115,0
34119,0
34121,0
34125,0
34131,0
34133,0
34139,0
34141,0
34147,0
34149,0
34155,0
34157,0
34163,0
34165,0
34171,0
34173,0
34179,0
34183,0
34185,0
34189,0
34193,0
34199,0
34201,0
34207,0
34209,0
34215,0
34217,0
34223,0
34225,0
34231,0
34233,0
34239,0
34241,0
34247,0
34249,0
34255,0
34257,0
34261,0
34267,0
34269,0
34275,0
34277,0
34281,0
34287,0
34289,0
34293,0
34299,0
34301,0
34305,0
34309,0
34315,0
34317,0
34323,0
34327,0
34329,0
34335,0
34339,0
34341,0
34347,0
34351,0
34355,0
34357,0
34363,0
34365,0
34371,0
34375,0
34377,0
34381,0
34387,0
34389,0
34395,0
34397,0
34401,0
34407,0
34409,0
34413,0
34417,0
34421,0
34425,0
34429,0
34435,0
34437,0
34441,0
34447,0
34449,0
34453,0
34457,0
34461,0
34465,0
34469,0
34475,0
34477,0
34483,0
34485,0
34491,0
34493,0
34499,0
34501,0
34505,0
34509,0
34513,0
34519,0
34521,0
34527,0
34529,0
34533,0
34537,0
34543,0
34545,0
34551,0
34553,0
34559,0
34561,0
34567,0
34569,0
34575,0
34579,0
34581,0
34585,0
34589,0
34593,0
34597,0
34603,0
34605,0
34609,0
34615,0
34617,0
34623,0
34625,0
34629,0
34633,0
34637,0
34643,0
34645,0
34649,0
34653,0
34657,0
34661,0
34665,0
34671,0
34673,0
34679,0
34681,0
34687,0
34689,0
34693,0
34699,0
34701,0
34707,0
34711,0
34715,0
34717,0
34723,0
34727,0
34729,0
34735,0
34737,0
34743,0
34745,0
34749,0
34753,0
34757,0
34763,0
34765,0
34769,0
34775,0
34777,0
34783,0
34785,0
34789,0
34793,0
34799,0
34801,0
34805,0
34809,0
34813,0
34819,0
34823,0
34825,0
34831,0
34833,0
34837,0
34841,0
34845,0
34849,0
34853,0
34857,0
34861,0
34867,0
34869,0
34875,0
34877,0
34881,0
34887,0
34889,0
34895,0
34897,0
34901,0
34905,0
34909,0
34915,0
34919,0
34923,0
34927,0
34929,0
34935,0
34939,0
34941,0
34945,0
34951,0
34953,0
34959,0
34961,0
34965,0
34971,0
34973,0
34977,0
34983,0
34987,0
34991,0
34995,0
34997,0
35001,0
35007,0
35009,0
35015,0
35019,0
35023,0
35025,0
35029,0
35033,0
35039,0
35041,0
35047,0
35049,0
35055,0
35059,0
35061,0
35065,0
35069,0
35075,0
35077,0
35083,0
35085,0
35091,0
35095,0
35097,0
35101,0
35105,0
35109,0
35113,0
35119,0
35121,0
35125,0
35129,0
35135,0
35137,0
35143,0
35145,0
35151,0
35153,0
35157,0
35163,0
35165,0
35169,0
35173,0
35179,0
35181,0
35185,0
35189,0
35193,0
35197,0
35203,0
35207,0
35209,0
35215,0
35217,0
35223,0
35225,0
35229,0
35233,0
35239,0
35243,0
35247,0
35249,0
35253,0
35259,0
35261,0
35265,0
35269,0
35275,0
35277,0
35281,0
35287,0
35289,0
35293,0
35299,0
35301,0
35305,0
35309,0
35313,0
35317,0
35321,0
35327,0
35331,0
35333,0
35339,0
35341,0
35345,0
35351,0
35353,0
35359,0
35361,0
35367,0
35371,0
35375,0
35379,0
35381,0
35387,0
35389,0
35395,0
35397,0
35403,0
35405,0
35411,0
35413,0
35417,0
35423,0
35425,0
35429,0
35433,0
35437,0
35441,0
35445,0
35451,0
35453,0
35457,0
35461,0
35465,0
35469,0
35473,0
35479,0
35481,0
35485,0
35489,0
35493,0
35497,0
35501,0
35505,0
35509,0
35515,0
35517,0
35523,0
35525,0
35529,0
35533,0
35537,0
35541,0
35545,0
35549,0
35553,0
35557,0
35563,0
35565,0
35569,0
35573,0
35577,0
35581,0
35585,0
35591,0
35593,0
35597,0
35603,0
35605,0
35611,0
35613,0
35617,0
35623,0
35625,0
35629,0
35633,0
35639,0
35641,0
35647,0
35651,0
35653,0
35659,0
35661,0
35665,0
35671,0
35673,0
35679,0
35683,0
35685,0
35689,0
35695,0
35699,0
35703,0
35705,0
35711,0
35713,0
35719,0
35721,0
35727,0
35729,0
35735,0
35737,0
35743,0
35745,0
35751,0
35753,0
35759,0
35761,0
35765,0
35769,0
35773,0
35777,0
35781,0
35785,0
35791,0
35793,0
35797,0
35801,0
35805,0
35809,0
35813,0
35817,0
35823,0
35825,0
35831,0
35835,0
35837,0
35841,0
35845,0
35851,0
35853,0
35857,0
35863,0
35867,0
35871,0
35873,0
35877,0
35883,0
35885,0
35889,0
35895,0
35897,0
35901,0
35907,0
35911,0
35913,0
35919,0
35923,0
35927,0
35931,0
35933,0
35939,0
35941,0
35945,0
35949,0
35955,0
35957,0
35963,0
35965,0
35969,0
35973,0
35977,0
35983,0
35985,0
35991,0
35993,0
35999,0
36001,0
36005,0
36009,0
36015,0
36019,0
36023,0
36025,0
36031,0
36033,0
36039,0
36041,0
36047,0
36049,0
36055,0
36057,0
36063,0
36065,0
36071,0
36073,0
36079,0
36081,0
36087,0
36089,0
36095,0
36099,0
36103,0
36107,0
36111,0
36115,0
36117,0
36123,0
36127,0
36131,0
36133,0
36139,0
36143,0
36145,0
36151,0
36153,0
36159,0
36161,0
36167,0
36169,0
36175,0
36179,0
36183,0
36187,0
36189,0
36195,0
36197,0
36203,0
36207,0
36209,0
36215,0
36219,0
36223,0
36225,0
36231,0
36235,0
36237,0
36243,0
36245,0
36251,0
36253,0
36259,0
36261,0
36267,0
36271,0
36275,0
36279,0
36283,0
36285,0
36291,0
36295,0
36299,0
36301,0
36307,0
36311,0
36315,0
36317,0
36323,0
36327,0
36331,0
36333,0
36339,0
36343,0
36345,0
36349,0
36353,0
36357,0
36361,0
36367,0
36369,0
36373,0
36379,0
36381,0
36387,0
36391,0
36395,0
36399,0
36403,0
36405,0
36409,0
36413,0
36417,0
36421,0
36427,0
36429,0
36435,0
36437,0
36441,0
36447,0
36449,0
36455,0
36457,0
36463,0
36465,0
36471,0
36475,0
36479,0
36481,0
36487,0
36489,0
36495,0
36497,0
36501,0
36507,0
36511,0
36513,0
36517,0
36523,0
36525,0
36531,0
36533,0
36537,0
36541,0
36547,0
36549,0
36555,0
36559,0
36563,0
36565,0
36571,0
36575,0
36577,0
36583,0
36585,0
36589,0
36595,0
36597,0
36601,0
36605,0
36609,0
36615,0
36617,0
36623,0
36625,0
36631,0
36633,0
36637,0
36643,0
36645,0
36651,0
36655,0
36657,0
36663,0
36665,0
36669,0
36675,0
36679,0
36683,0
36685,0
36689,0
36693,0
36699,0
36701,0
36705,0
36711,0
36713,0
36719,0
36721,0
36727,0
36729,0
36735,0
36737,0
36743,0
36745,0
36751,0
36755,0
36759,0
36763,0
36767,0
36771,0
36775,0
36779,0
36781,0
36787,0
36791,0
36795,0
36797,0
36803,0
36805,0
36811,0
36815,0
36817,0
36823,0
36825,0
36831,0
36835,0
36837,0
36843,0
36847,0
36851,0
36853,0
36857,0
36861,0
36865,0
36869,0
36873,0
36877,0
36881,0
36887,0
36889,0
36893,0
36899,0
36903,0
36907,0
36909,0
36915,0
36917,0
36923,0
36925,0
36929,0
36935,0
36937,0
36943,0
36945,0
36949,0
36953,0
36957,0
36961,0
36967,0
36969,0
36975,0
36979,0
36981,0
36987,0
36991,0
36995,0
36997,0
37001,0
37005,0
37009,0
37015,0
37017,0
37023,0
37025,0
37031,0
37033,0
37039,0
37041,0
37047,0
37049,0
37055,0
37057,0
37061,0
37065,0
37071,0
37073,0
37077,0
37083,0
37085,0
37089,0
37093,0
37097,0
37101,0
37105,0
37109,0
37113,0
37119,0
37121,0
37125,0
37129,0
37133,0
37137,0
37141,0
37145,0
37151,0
37153,0
37157,0
37163,0
37165,0
37169,0
37175,0
37177,0
37181,0
37185,0
37189,0
37193,0
37197,0
37201,0
37205,0
37211,0
37213,0
37217,0
37221,0
37225,0
37229,0
37233,0
37237,0
37241,0
37245,0
37249,0
37253,0
37257,0
37261,0
37265,0
37269,0
37273,0
37279,0
37281,0
37287,0
37289,0
37293,0
37299,0
37301,0
37305,0
37309,0
37315,0
37319,0
37321,0
37327,0
37331,0
37333,0
37337,0
37343,0
37345,0
37351,0
37353,0
37357,0
37361,0
37365,0
37369,0
37373,0
37377,0
37381,0
37385,0
37389,0
37393,0
37397,0
37403,0
37407,0
37409,0
37415,0
37417,0
37421,0
37425,0
37429,0
37433,0
37437,0
37443,0
37447,0
37451,0
37453,0
37459,0
37463,0
37467,0
37471,0
37473,0
37479,0
37483,0
37487,0
37491,0
37493,0
37497,0
37501,0
37507,0
37509,0
37515,0
37517,0
37523,0
37525,0
37531,0
37533,0
37539,0
37541,0
37547,0
37549,0
37555,0
37559,0
37561,0
37565,0
37571,0
37573,0
37577,0
37583,0
37587,0
37589,0
37593,0
37597,0
37601,0
37605,0
37611,0
37613,0
37617,0
37621,0
37627,0
37629,0
37635,0
37639,0
37641,0
37647,0
37649,0
37653,0
37659,0
37661,0
37665,0
37671,0
37673,0
37677,0
37681,0
37685,0
37689,0
37695,0
37697,0
37703,0
37707,0
37711,0
37715,0
37717,0
37723,0
37725,0
37729,0
37733,0
37737,0
37741,0
37747,0
37749,0
37753,0
37759,0
37763,0
37765,0
37771,0
37775,0
37777,0
37781,0
37785,0
37789,0
37795,0
37797,0
37801,0
37805,0
37811,0
37815,0
37819,0
37821,0
37827,0
37829,0
37835,0
37837,0
37843,0
37847,0
37851,0
37855,0
37857,0
37863,0
37865,0
37869,0
37875,0
37877,0
37883,0
37887,0
37889,0
37893,0
37897,0
37903,0
37905,0
37911,0
37913,0
37917,0
37921,0
37925,0
37929,0
37933,0
37939,0
37943,0
37947,0
37951,0
37955,0
37957,0
37963,0
37967,0
37971,0
37975,0
37977,0
37981,0
37985,0
37991,0
37993,0
37999,0
38001,0
38007,0
38009,0
38013,0
38017,0
38023,0
38025,0
38031,0
38033,0
38037,0
38041,0
38045,0
38051,0
38053,0
38059,0
38061,0
38067,0
38071,0
38073,0
38079,0
38081,0
38087,0
38091,0
38095,0
38099,0
38103,0
38107,0
38111,0
38115,0
38117,0
38121,0
38125,0
38131,0
38133,0
38137,0
38141,0
38147,0
38149,0
38155,0
38157,0
38161,0
38167,0
38169,0
38175,0
38177,0
38183,0
38185,0
38189,0
38193,0
38197,0
38203,0
38205,0
38209,0
38215,0
38219,0
38221,0
38225,0
38229,0
38233,0
38237,0
38243,0
38245,0
38249,0
38255,0
38257,0
38261,0
38265,0
38269,0
38275,0
38277,0
38281,0
38285,0
38289,0
38293,0
38297,0
38301,0
38307,0
38311,0
38315,0
38317,0
38321,0
38325,0
38329,0
38333,0
38337,0
38341,0
38347,0
38349,0
38355,0
38357,0
38363,0
38365,0
38371,0
38373,0
38379,0
38381,0
38385,0
38391,0
38395,0
38397,0
38401,0
38405,0
38409,0
38415,0
38417,0
38423,0
38427,0
38431,0
38435,0
38439,0
38441,0
38445,0
38449,0
38453,0
38457,0
38461,0
38465,0
38471,0
38473,0
38479,0
38481,0
38487,0
38491,0
38493,0
38499,0
38503,0
38505,0
38509,0
38513,0
38519,0
38523,0
38527,0
38531,0
38535,0
38537,0
38543,0
38545,0
38549,0
38553,0
38559,0
38561,0
38567,0
38569,0
38575,0
38577,0
38583,0
38585,0
38589,0
38593,0
38599,0
38603,0
38607,0
38611,0
38613,0
38619,0
38621,0
38627,0
38631,0
38635,0
38637,0
38641,0
38647,0
38649,0
38655,0
38657,0
38663,0
38665,0
38671,0
38675,0
38679,0
38681,0
38685,0
38689,0
38693,0
38699,0
38703,0
38705,0
38709,0
38715,0
38719,0
38721,0
38727,0
38731,0
38735,0
38737,0
38743,0
38745,0
38749,0
38755,0
38759,0
38763,0
38765,0
38769,0
38773,0
38777,0
38781,0
38785,0
38791,0
38793,0
38797,0
38803,0
38805,0
38811,0
38813,0
38817,0
38823,0
38827,0
38831,0
38833,0
38839,0
38843,0
38847,0
38851,0
38855,0
38857,0
38861,0
38865,0
38869,0
38873,0
38877,0
38881,0
38887,0
38889,0
38895,0
38897,0
38901,0
38907,0
38909,0
38913,0
38919,0
38923,0
38925,0
38931,0
38935,0
38939,0
38941,0
38947,0
38949,0
38955,0
38957,0
38963,0
38965,0
38969,0
38973,0
38977,0
38981,0
38985,0
38989,0
38993,0
38999,0
39003,0
39007,0
39009,0
39013,0
39017,0
39021,0
39027,0
39031,0
39033,0
39039,0
39041,0
39047,0
39051,0
39053,0
39059,0
39061,0
39067,0
39071,0
39073,0
39079,0
39083,0
39087,0
39089,0
39095,0
39099,0
39103,0
39105,0
39111,0
39113,0
39119,0
39121,0
39125,0
39129,0
39135,0
39137,0
39143,0
39145,0
39149,0
39153,0
39159,0
39161,0
39165,0
39169,0
39175,0
39177,0
39181,0
39185,0
39189,0
39195,0
39197,0
39203,0
39205,0
39209,0
39213,0
39219,0
39223,0
39227,0
39231,0
39235,0
39239,0
39243,0
39247,0
39251,0
39255,0
39257,0
39263,0
39267,0
39269,0
39275,0
39277,0
39281,0
39287,0
39291,0
39293,0
39299,0
39301,0
39305,0
39311,0
39313,0
39319,0
39323,0
39325,0
39329,0
39333,0
39339,0
39341,0
39347,0
39349,0
39353,0
39357,0
39361,0
39367,0
39371,0
39375,0
39377,0
39383,0
39385,0
39389,0
39393,0
39397,0
39401,0
39405,0
39411,0
39415,0
39417,0
39421,0
39425,0
39429,0
39435,0
39439,0
39443,0
39445,0
39449,0
39455,0
39459,0
39463,0
39465,0
39471,0
39475,0
39479,0
39481,0
39485,0
39489,0
39493,0
39499,0
39503,0
39505,0
39511,0
39513,0
39519,0
39523,0
39527,0
39529,0
39535,0
39539,0
39541,0
39545,0
39549,0
39553,0
39557,0
39561,0
39567,0
39569,0
39573,0
39577,0
39581,0
39585,0
39589,0
39593,0
39599,0
39601,0
39605,0
39609,0
39613,0
39619,0
39621,0
39627,0
39631,0
39635,0
39637,0
39643,0
39647,0
39651,0
39653,0
39657,0
39663,0
39665,0
39669,0
39675,0
39679,0
39683,0
39687,0
39691,0
39693,0
39699,0
39703,0
39707,0
39711,0
39713,0
39719,0
39721,0
39727,0
39731,0
39733,0
39739,0
39743,0
39747,0
39749,0
39753,0
39759,0
39763,0
39767,0
39769,0
39773,0
39777,0
39781,0
39785,0
39789,0
39793,0
39799,0
39801,0
39805,0
39809,0
39813,0
39817,0
39823,0
39827,0
39829,0
39835,0
39837,0
39841,0
39845,0
39851,0
39855,0
39857,0
39861,0
39865,0
39871,0
39873,0
39877,0
39883,0
39887,0
39889,0
39895,0
39897,0
39903,0
39905,0
39911,0
39913,0
39919,0
39923,0
39927,0
39929,0
39935,0
39939,0
39943,0
39945,0
39951,0
39955,0
39959,0
39963,0
39967,0
39971,0
39975,0
39979,0
39983,0
39987,0
39991,0
39995,0
39997,0
40001,0
40005,0
40009,0
40013,0
40019,0
40021,0
40025,0
40031,0
40035,0
40039,0
40041,0
40047,0
40051,0
40055,0
40059,0
40061,0
40067,0
40069,0
40075,0
40077,0
40083,0
40087,0
40089,0
40093,0
40099,0
40103,0
40105,0
40111,0
40115,0
40117,0
40123,0
40125,0
40131,0
40133,0
40137,0
40141,0
40145,0
40151,0
40155,0
40157,0
40163,0
40167,0
40169,0
40175,0
40179,0
40183,0
40187,0
40189,0
40195,0
40197,0
40203,0
40205,0
40211,0
40215,0
40217,0
40223,0
40227,0
40231,0
40233,0
40237,0
40241,0
40247,0
40249,0
40255,0
40259,0
40263,0
40265,0
40269,0
40273,0
40279,0
40283,0
40287,0
40291,0
40293,0
40299,0
40301,0
40307,0
40309,0
40315,0
40319,0
40321,0
40327,0
40331,0
40333,0
40339,0
40343,0
40345,0
40349,0
40355,0
40357,0
40361,0
40365,0
40371,0
40375,0
40379,0
40381,0
40387,0
40391,0
40393,0
40397,0
40403,0
40407,0
40411,0
40413,0
40419,0
40421,0
40425,0
40431,0
40433,0
40437,0
40441,0
40445,0
40449,0
40453,0
40457,0
40461,0
40465,0
40471,0
40473,0
40477,0
40483,0
40487,0
40491,0
40493,0
40499,0
40503,0
40505,0
40509,0
40515,0
40517,0
40521,0
40527,0
40531,0
40535,0
40539,0
40543,0
40547,0
40551,0
40553,0
40557,0
40563,0
40565,0
40571,0
40575,0
40577,0
40583,0
40587,0
40589,0
40595,0
40597,0
40603,0
40607,0
40609,0
40615,0
40617,0
40621,0
40625,0
40629,0
40635,0
40637,0
40643,0
40647,0
40649,0
40655,0
40659,0
40661,0
40667,0
40671,0
40675,0
40679,0
40683,0
40685,0
40691,0
40695,0
40697,0
40703,0
40705,0
40709,0
40713,0
40719,0
40723,0
40727,0
40729,0
40735,0
40739,0
40741,0
40745,0
40749,0
40753,0
40757,0
40761,0
40765,0
40769,0
40773,0
40777,0
40781,0
40785,0
40789,0
40793,0
40799,0
40801,0
40805,0
40811,0
40813,0
40817,0
40821,0
40825,0
40829,0
40833,0
40837,0
40841,0
40845,0
40849,0
40853,0
40857,0
40861,0
40865,0
40869,0
40873,0
40879,0
40881,0
40885,0
40889,0
40893,0
40897,0
40901,0
40905,0
40909,0
40913,0
40917,0
40921,0
40925,0
40929,0
40933,0
40939,0
40941,0
40945,0
40951,0
40955,0
40959,0
40963,0
40967,0
40969,0
40973,0
40979,0
40983,0
40987,0
40989,0
40995,0
40999,0
41003,0
41007,0
41009,0
41013,0
41019,0
41021,0
41027,0
41031,0
41035,0
41039,0
41041,0
41045,0
41051,0
41055,0
41057,0
41061,0
41065,0
41069,0
41073,0
41077,0
41081,0
41087,0
41091,0
41095,0
41097,0
41103,0
41105,0
41111,0
41115,0
41119,0
41123,0
41125,0
41129,0
41133,0
41139,0
41141,0
41145,0
41149,0
41155,0
41159,0
41163,0
41165,0
41171,0
41173,0
41177,0
41181,0
41185,0
41189,0
41193,0
41197,0
41203,0
41207,0
41211,0
41213,0
41217,0
41221,0
41225,0
41229,0
41233,0
41237,0
41241,0
41247,0
41249,0
41253,0
41257,0
41261,0
41267,0
41269,0
41273,0
41277,0
41281,0
41285,0
41289,0
41295,0
41297,0
41303,0
41305,0
41311,0
41313,0
41319,0
41321,0
41327,0
41329,0
41335,0
41337,0
41343,0
41345,0
41349,0
41353,0
41359,0
41361,0
41365,0
41369,0
41373,0
41377,0
41383,0
41385,0
41391,0
41395,0
41397,0
41401,0
41405,0
41409,0
41415,0
41419,0
41421,0
41427,0
41429,0
41433,0
41439,0
41441,0
41445,0
41451,0
41453,0
41459,0
41463,0
41467,0
41469,0
41473,0
41477,0
41481,0
41485,0
41489,0
41493,0
41497,0
41503,0
41507,0
41511,0
41513,0
41519,0
41523,0
41527,0
41531,0
41535,0
41539,0
41543,0
41545,0
41551,0
41553,0
41559,0
41563,0
41567,0
41571,0
41575,0
41579,0
41581,0
41585,0
41589,0
41593,0
41597,0
41601,0
41605,0
41609,0
41613,0
41619,0
41621,0
41627,0
41631,0
41633,0
41637,0
41641,0
41647,0
41649,0
41653,0
41657,0
41661,0
41665,0
41671,0
41673,0
41677,0
41683,0
41687,0
41691,0
41693,0
41699,0
41701,0
41707,0
41711,0
41713,0
41719,0
41721,0
41727,0
41729,0
41733,0
41739,0
41743,0
41745,0
41749,0
41755,0
41757,0
41761,0
41767,0
41769,0
41773,0
41779,0
41781,0
41785,0
41789,0
41793,0
41797,0
41801,0
41805,0
41809,0
41813,0
41817,0
41821,0
41825,0
41831,0
41835,0
41837,0
41841,0
41845,0
41849,0
41855,0
41857,0
41861,0
41865,0
41871,0
41873,0
41879,0
41883,0
41885,0
41891,0
41895,0
41899,0
41901,0
41905,0
41909,0
41913,0
41917,0
41921,0
41925,0
41931,0
41933,0
41937,0
41943,0
41947,0
41949,0
41955,0
41959,0
41961,0
41965,0
41969,0
41973,0
41977,0
41981,0
41985,0
41989,0
41993,0
41997,0
42001,0
42005,0
42011,0
42015,0
42017,0
42021,0
42027,0
42031,0
42033,0
42037,0
42041,0
42047,0
42051,0
42055,0
42059,0
42063,0
42067,0
42071,0
42075,0
42079,0
42083,0
42087,0
42091,0
42095,0
42099,0
42101,0
42105,0
42109,0
42113,0
42117,0
42121,0
42125,0
42129,0
42133,0
42137,0
42143,0
42147,0
42149,0
42155,0
42159,0
42161,0
42165,0
42171,0
42173,0
42177,0
42181,0
42185,0
42191,0
42195,0
42199,0
42201,0
42207,0
42209,0
42215,0
42219,0
42223,0
42225,0
42229,0
42233,0
42237,0
42241,0
42245,0
42249,0
42253,0
42257,0
42263,0
42267,0
42269,0
42273,0
42277,0
42283,0
42285,0
42291,0
42293,0
42297,0
42303,0
42305,0
42311,0
42315,0
42319,0
42321,0
42325,0
42329,0
42333,0
42337,0
42341,0
42345,0
42349,0
42355,0
42357,0
42361,0
42367,0
42371,0
42375,0
42379,0
42383,0
42387,0
42391,0
42395,0
42397,0
42401,0
42405,0
42411,0
42413,0
42419,0
42421,0
42427,0
42431,0
42435,0
42437,0
42441,0
42447,0
42449,0
42453,0
42457,0
42461,0
42465,0
42469,0
42473,0
42479,0
42481,0
42485,0
42489,0
42495,0
42497,0
42501,0
42505,0
42509,0
42513,0
42517,0
42523,0
42527,0
42531,0
42535,0
42539,0
42543,0
42545,0
42551,0
42553,0
42557,0
42561,0
42565,0
42569,0
42575,0
42577,0
42583,0
42587,0
42589,0
42595,0
42597,0
42601,0
42605,0
42609,0
42615,0
42617,0
42623,0
42627,0
42631,0
42633,0
42639,0
42643,0
42645,0
42651,0
42653,0
42657,0
42663,0
42665,0
42669,0
42673,0
42679,0
42681,0
42687,0
42691,0
42695,0
