6,0
10,0
12,0
18,0
20,0
26,0
28,0
34,0
36,0
40,0
46,0
50,0
52,0
56,0
60,0
64,0
70,0
72,0
76,0
80,0
86,0
90,0
94,0
96,0
100,0
104,0
108,0
112,0
118,0
122,0
124,0
130,0
132,0
138,0
140,0
146,0
148,0
154,0
158,0
160,0
164,0
168,0
174,0
178,0
182,0
186,0
188,0
192,0
196,0
200,0
206,0
208,0
212,0
216,0
220,0
224,0
228,0
232,0
236,0
240,0
244,0
248,0
252,0
258,0
262,0
266,0
270,0
274,0
276,0
282,0
284,0
288,0
294,0
298,0
300,0
304,0
308,0
314,0
316,0
322,0
326,0
328,0
334,0
338,0
340,0
344,0
350,0
354,0
356,0
362,0
364,0
370,0
372,0
376,0
382,0
386,0
388,0
392,0
396,0
400,0
404,0
408,0
414,0
416,0
422,0
426,0
428,0
432,0
438,0
440,0
446,0
450,0
452,0
458,0
460,0
466,0
468,0
474,0
478,0
482,0
484,0
488,0
492,0
498,0
500,0
504,0
508,0
512,0
516,0
520,0
524,0
530,0
534,0
538,0
540,0
546,0
550,0
552,0
558,0
560,0
566,0
568,0
574,0
578,0
580,0
586,0
588,0
594,0
596,0
602,0
606,0
608,0
612,0
618,0
620,0
624,0
630,0
632,0
638,0
640,0
644,0
650,0
654,0
658,0
662,0
664,0
668,0
672,0
676,0
682,0
684,0
690,0
692,0
698,0
702,0
706,0
708,0
712,0
716,0
720,0
724,0
728,0
734,0
738,0
740,0
744,0
748,0
752,0
756,0
760,0
764,0
770,0
772,0
776,0
780,0
784,0
790,0
792,0
796,0
802,0
806,0
810,0
814,0
818,0
820,0
826,0
828,0
832,0
838,0
842,0
844,0
850,0
852,0
858,0
860,0
864,0
870,0
874,0
876,0
880,0
884,0
890,0
892,0
896,0
902,0
904,0
908,0
912,0
916,0
920,0
924,0
930,0
932,0
936,0
942,0
946,0
948,0
952,0
958,0
962,0
966,0
968,0
972,0
978,0
980,0
986,0
990,0
994,0
998,0
1002,0
1004,0
1008,0
1014,0
1018,0
1020,0
1026,0
1028,0
1034,0
1038,0
1040,0
1044,0
1050,0
1052,0
1056,0
1062,0
1066,0
1070,0
1074,0
1078,0
1080,0
1086,0
1088,0
1092,0
1098,0
1100,0
1106,0
1108,0
1112,0
1116,0
1122,0
1126,0
1128,0
1134,0
1138,0
1142,0
1144,0
1150,0
1152,0
1156,0
1162,0
1166,0
1170,0
1172,0
1176,0
1180,0
1184,0
1188,0
1192,0
1196,0
1202,0
1204,0
1208,0
1212,0
1216,0
1222,0
1226,0
1230,0
1234,0
1236,0
1240,0
1246,0
1248,0
1252,0
1258,0
1262,0
1264,0
1270,0
1272,0
1278,0
1280,0
1284,0
1290,0
1294,0
1298,0
1302,0
1306,0
1308,0
1312,0
1318,0
1320,0
1326,0
1330,0
1334,0
1338,0
1340,0
1344,0
1350,0
1352,0
1358,0
1362,0
1364,0
1368,0
1372,0
1378,0
1382,0
1386,0
1388,0
1392,0
1396,0
1402,0
1404,0
1410,0
1414,0
1416,0
1422,0
1426,0
1430,0
1434,0
1436,0
1442,0
1444,0
1450,0
1454,0
1456,0
1462,0
1464,0
1468,0
1472,0
1476,0
1480,0
1484,0
1488,0
1494,0
1498,0
1502,0
1506,0
1510,0
1512,0
1518,0
1520,0
1524,0
1528,0
1534,0
1538,0
1540,0
1546,0
1548,0
1552,0
1556,0
1562,0
1566,0
1568,0
1572,0
1578,0
1580,0
1586,0
1588,0
1594,0
1596,0
1602,0
1604,0
1610,0
1614,0
1616,0
1622,0
1624,0
1630,0
1634,0
1636,0
1640,0
1646,0
1648,0
1654,0
1658,0
1662,0
1664,0
1670,0
1672,0
1676,0
1680,0
1686,0
1688,0
1692,0
1696,0
1700,0
1704,0
1708,0
1714,0
1716,0
1720,0
1726,0
1730,0
1734,0
1736,0
1742,0
1744,0
1750,0
1754,0
1758,0
1760,0
1764,0
1768,0
1774,0
1778,0
1780,0
1786,0
1788,0
1792,0
1798,0
1802,0
1806,0
1808,0
1814,0
1816,0
1820,0
1826,0
1830,0
1834,0
1836,0
1842,0
1844,0
1848,0
1852,0
1858,0
1862,0
1864,0
1868,0
1872,0
1878,0
1882,0
1884,0
1890,0
1892,0
1898,0
1900,0
1906,0
1910,0
1914,0
1918,0
1922,0
1924,0
1928,0
1934,0
1936,0
1940,0
1944,0
1950,0
1952,0
1958,0
1962,0
1964,0
1968,0
1972,0
1976,0
1980,0
1984,0
1988,0
1992,0
1998,0
2002,0
2006,0
2010,0
2012,0
2018,0
2020,0
2026,0
2030,0
2034,0
2038,0
2042,0
2044,0
2048,0
2052,0
2056,0
2060,0
2066,0
2070,0
2072,0
2078,0
2080,0
2084,0
2090,0
2094,0
2098,0
2102,0
2104,0
2108,0
2114,0
2118,0
2122,0
2124,0
2130,0
2134,0
2138,0
2140,0
2146,0
2150,0
2154,0
2158,0
2162,0
2166,0
2168,0
2172,0
2178,0
2180,0
2186,0
2188,0
2192,0
2198,0
2202,0
2204,0
2210,0
2212,0
2218,0
2220,0
2226,0
2230,0
2234,0
2238,0
2242,0
2246,0
2248,0
2252,0
2256,0
2262,0
2264,0
2268,0
2272,0
2278,0
2282,0
2286,0
2288,0
2294,0
2298,0
2300,0
2304,0
2310,0
2312,0
2316,0
2320,0
2324,0
2330,0
2332,0
2336,0
2342,0
2346,0
2350,0
2352,0
2356,0
2362,0
2366,0
2370,0
2374,0
2376,0
2380,0
2386,0
2388,0
2392,0
2398,0
2402,0
2406,0
2410,0
2414,0
2418,0
2420,0
2424,0
2428,0
2432,0
2436,0
2440,0
2444,0
2450,0
2454,0
2458,0
2462,0
2466,0
2468,0
2474,0
2476,0
2482,0
2484,0
2490,0
2494,0
2498,0
2500,0
2504,0
2508,0
2514,0
2516,0
2520,0
2526,0
2528,0
2534,0
2536,0
2542,0
2546,0
2548,0
2554,0
2556,0
2560,0
2564,0
2568,0
2574,0
2578,0
2582,0
2584,0
2588,0
2594,0
2598,0
2602,0
2606,0
2608,0
2612,0
2616,0
2620,0
2624,0
2628,0
2632,0
2636,0
2642,0
2646,0
2650,0
2654,0
2658,0
2660,0
2664,0
2668,0
2674,0
2678,0
2682,0
2686,0
2688,0
2694,0
2698,0
2700,0
2706,0
2710,0
2714,0
2718,0
2720,0
2726,0
2730,0
2732,0
2736,0
2742,0
2746,0
2750,0
2754,0
2756,0
2762,0
2764,0
2770,0
2774,0
2778,0
2782,0
2784,0
2788,0
2794,0
2796,0
2802,0
2806,0
2808,0
2814,0
2816,0
2822,0
2826,0
2830,0
2832,0
2838,0
2842,0
2846,0
2850,0
2852,0
2858,0
2862,0
2864,0
2870,0
2872,0
2878,0
2880,0
2884,0
2888,0
2894,0
2898,0
2900,0
2904,0
2908,0
2914,0
2918,0
2922,0
2926,0
2930,0
2934,0
2936,0
2942,0
2946,0
2950,0
2954,0
2956,0
2962,0
2966,0
2968,0
2974,0
2976,0
2980,0
2986,0
2988,0
2992,0
2998,0
3000,0
3004,0
3008,0
3012,0
3018,0
3020,0
3024,0
3028,0
3034,0
3036,0
3042,0
3046,0
3050,0
3052,0
3058,0
3062,0
3064,0
3070,0
3074,0
3078,0
3082,0
3084,0
3090,0
3094,0
3096,0
3100,0
3106,0
3110,0
3114,0
3116,0
3120,0
3126,0
3128,0
3132,0
3138,0
3140,0
3146,0
3150,0
3154,0
3156,0
3160,0
3164,0
3168,0
3172,0
3178,0
3180,0
3184,0
3188,0
3192,0
3198,0
3202,0
3206,0
3208,0
3214,0
3218,0
3222,0
3224,0
3230,0
3232,0
3236,0
3240,0
3244,0
3250,0
3252,0
3256,0
3260,0
3264,0
3268,0
3272,0
3276,0
3280,0
3286,0
3288,0
3292,0
3296,0
3302,0
3306,0
3310,0
3312,0
3318,0
3320,0
3324,0
3330,0
3332,0
3336,0
3342,0
3344,0
3348,0
3354,0
3356,0
3360,0
3366,0
3370,0
3374,0
3376,0
3382,0
3386,0
3390,0
3392,0
3396,0
3400,0
3404,0
3410,0
3414,0
3418,0
3420,0
3424,0
3430,0
3434,0
3436,0
3440,0
3446,0
3448,0
3452,0
3456,0
3462,0
3464,0
3470,0
3474,0
3478,0
3480,0
3484,0
3490,0
3492,0
3496,0
3500,0
3504,0
3508,0
3512,0
3518,0
3520,0
3524,0
3528,0
3532,0
3538,0
3542,0
3546,0
3550,0
3552,0
3556,0
3560,0
3566,0
3570,0
3574,0
3576,0
3582,0
3584,0
3590,0
3594,0
3596,0
3602,0
3606,0
3608,0
3614,0
3616,0
3622,0
3624,0
3628,0
3634,0
3638,0
3642,0
3644,0
3650,0
3654,0
3656,0
3660,0
3664,0
3670,0
3674,0
3678,0
3680,0
3684,0
3688,0
3694,0
3698,0
3702,0
3704,0
3708,0
3712,0
3716,0
3720,0
3726,0
3730,0
3734,0
3736,0
3742,0
3744,0
3748,0
3754,0
3758,0
3762,0
3766,0
3768,0
3774,0
3778,0
3780,0
3784,0
3788,0
3794,0
3798,0
3802,0
3806,0
3808,0
3812,0
3816,0
3822,0
3826,0
3830,0
3832,0
3838,0
3842,0
3846,0
3848,0
3854,0
3856,0
3862,0
3864,0
3870,0
3874,0
3878,0
3882,0
3884,0
3890,0
3894,0
3898,0
3902,0
3904,0
3908,0
3912,0
3916,0
3920,0
3924,0
3930,0
3934,0
3938,0
3940,0
3944,0
3948,0
3954,0
3958,0
3962,0
3966,0
3970,0
3974,0
3978,0
3982,0
3984,0
3990,0
3992,0
3996,0
4000,0
4006,0
4010,0
4012,0
4016,0
4020,0
4026,0
4028,0
4032,0
4036,0
4042,0
4044,0
4050,0
4054,0
4056,0
4060,0
4064,0
4070,0
4072,0
4078,0
4080,0
4086,0
4090,0
4094,0
4098,0
4102,0
4104,0
4108,0
4114,0
4118,0
4120,0
4126,0
4130,0
4134,0
4138,0
4140,0
4146,0
4150,0
4154,0
4156,0
4162,0
4166,0
4170,0
4174,0
4178,0
4180,0
4186,0
4190,0
4192,0
4196,0
4202,0
4204,0
4210,0
4214,0
4218,0
4220,0
4226,0
4230,0
4234,0
4236,0
4240,0
4244,0
4248,0
4252,0
4256,0
4260,0
4266,0
4268,0
4274,0
4276,0
4280,0
4286,0
4288,0
4292,0
4298,0
4300,0
4306,0
4308,0
4314,0
4318,0
4322,0
4326,0
4330,0
4334,0
4336,0
4342,0
4344,0
4350,0
4354,0
4356,0
4360,0
4366,0
4370,0
4372,0
4378,0
4380,0
4386,0
4390,0
4394,0
4396,0
4402,0
4406,0
4410,0
4412,0
4418,0
4422,0
4426,0
4430,0
4432,0
4438,0
4442,0
4444,0
4448,0
4452,0
4458,0
4460,0
4466,0
4470,0
4474,0
4478,0
4482,0
4484,0
4490,0
4494,0
4498,0
4500,0
4504,0
4510,0
4514,0
4518,0
4522,0
4526,0
4530,0
4534,0
4538,0
4540,0
4544,0
4548,0
4552,0
4558,0
4560,0
4566,0
4570,0
4572,0
4576,0
4582,0
4586,0
4590,0
4594,0
4598,0
4600,0
4604,0
4608,0
4614,0
4616,0
4622,0
4624,0
4630,0
4632,0
4638,0
4640,0
4644,0
4648,0
4652,0
4658,0
4662,0
4664,0
4668,0
4672,0
4676,0
4682,0
4686,0
4688,0
4692,0
4698,0
4700,0
4704,0
4710,0
4714,0
4718,0
4722,0
4724,0
4728,0
4734,0
4736,0
4740,0
4746,0
4748,0
4754,0
4758,0
4760,0
4766,0
4770,0
4774,0
4776,0
4782,0
4786,0
4788,0
4792,0
4798,0
4800,0
4806,0
4810,0
4814,0
4818,0
4820,0
4826,0
4830,0
4832,0
4838,0
4842,0
4846,0
4850,0
4852,0
4856,0
4862,0
4866,0
4870,0
4874,0
4876,0
4882,0
4886,0
4890,0
4892,0
4898,0
4902,0
4906,0
4910,0
4912,0
4918,0
4922,0
4924,0
4928,0
4934,0
4938,0
4940,0
4946,0
4950,0
4954,0
4958,0
4960,0
4966,0
4970,0
4972,0
4978,0
4980,0
4984,0
4990,0
4994,0
4996,0
5000,0
5006,0
5008,0
5014,0
5016,0
5022,0
5026,0
5030,0
5034,0
5038,0
5042,0
5046,0
5050,0
5052,0
5058,0
5062,0
5064,0
5070,0
5074,0
5076,0
5082,0
5084,0
5090,0
5094,0
5098,0
5102,0
5104,0
5110,0
5112,0
5118,0
5122,0
5126,0
5128,0
5134,0
5138,0
5140,0
5144,0
5148,0
5152,0
5158,0
5160,0
5164,0
5170,0
5172,0
5178,0
5180,0
5186,0
5190,0
5194,0
5198,0
5200,0
5204,0
5210,0
5212,0
5218,0
5220,0
5224,0
5228,0
5232,0
5236,0
5242,0
5246,0
5250,0
5254,0
5258,0
5262,0
5266,0
5270,0
5274,0
5278,0
5282,0
5286,0
5290,0
5294,0
5298,0
5300,0
5306,0
5310,0
5312,0
5318,0
5322,0
5326,0
5328,0
5334,0
5336,0
5340,0
5344,0
5350,0
5354,0
5356,0
5360,0
5364,0
5370,0
5372,0
5376,0
5380,0
5384,0
5388,0
5392,0
5398,0
5400,0
5404,0
5408,0
5414,0
5416,0
5422,0
5426,0
5430,0
5434,0
5438,0
5440,0
5446,0
5450,0
5452,0
5458,0
5460,0
5464,0
5470,0
5474,0
5476,0
5482,0
5486,0
5488,0
5494,0
5498,0
5500,0
5506,0
5510,0
5512,0
5516,0
5520,0
5526,0
5528,0
5532,0
5538,0
5542,0
5544,0
5548,0
5554,0
5556,0
5560,0
5566,0
5568,0
5572,0
5576,0
5582,0
5584,0
5588,0
5592,0
5598,0
5600,0
5604,0
5608,0
5612,0
5616,0
5620,0
5626,0
5630,0
5634,0
5636,0
5640,0
5646,0
5650,0
5652,0
5656,0
5660,0
5664,0
5670,0
5672,0
5676,0
5682,0
5684,0
5690,0
5694,0
5698,0
5702,0
5706,0
5708,0
5712,0
5718,0
5722,0
5726,0
5728,0
5732,0
5736,0
5740,0
5744,0
5748,0
5754,0
5756,0
5762,0
5766,0
5770,0
5772,0
5776,0
5780,0
5784,0
5790,0
5794,0
5796,0
5800,0
5804,0
5810,0
5814,0
5818,0
5820,0
5826,0
5828,0
5834,0
5838,0
5842,0
5844,0
5848,0
5854,0
5858,0
5860,0
5864,0
5870,0
5874,0
5878,0
5880,0
5886,0
5890,0
5892,0
5896,0
5902,0
5906,0
5910,0
5914,0
5918,0
5920,0
5924,0
5930,0
5932,0
5938,0
5940,0
5944,0
5948,0
5954,0
5956,0
5962,0
5966,0
5968,0
5974,0
5978,0
5982,0
5984,0
5990,0
5992,0
5998,0
6002,0
6006,0
6010,0
6014,0
6016,0
6022,0
6024,0
6030,0
6034,0
6038,0
6040,0
6044,0
6048,0
6054,0
6056,0
6062,0
6066,0
6068,0
6074,0
6078,0
6082,0
6084,0
6090,0
6094,0
6096,0
6102,0
6106,0
6108,0
6114,0
6118,0
6122,0
6126,0
6130,0
6132,0
6138,0
6140,0
6146,0
6148,0
6152,0
6156,0
6162,0
6164,0
6170,0
6174,0
6178,0
6180,0
6184,0
6188,0
6192,0
6196,0
6202,0
6206,0
6210,0
6212,0
6218,0
6222,0
6226,0
6230,0
6234,0
6238,0
6242,0
6244,0
6248,0
6252,0
6258,0
6262,0
6264,0
6270,0
6272,0
6276,0
6282,0
6284,0
6288,0
6292,0
6296,0
6300,0
6306,0
6310,0
6312,0
6316,0
6320,0
6324,0
6328,0
6332,0
6338,0
6340,0
6344,0
6348,0
6352,0
6358,0
6362,0
6366,0
6368,0
6372,0
6376,0
6380,0
6386,0
6390,0
6394,0
6396,0
6402,0
6404,0
6410,0
6412,0
6418,0
6422,0
6426,0
6428,0
6434,0
6436,0
6440,0
6446,0
6450,0
6454,0
6458,0
6460,0
6466,0
6470,0
6472,0
6478,0
6480,0
6484,0
6490,0
6494,0
6496,0
6502,0
6504,0
6508,0
6514,0
6516,0
6520,0
6526,0
6528,0
6534,0
6538,0
6540,0
6546,0
6548,0
6554,0
6558,0
6562,0
6566,0
6568,0
6572,0
6578,0
6582,0
6584,0
6590,0
6594,0
6596,0
6602,0
6606,0
6608,0
6612,0
6618,0
6620,0
6624,0
6630,0
6634,0
6638,0
6640,0
6646,0
6648,0
6652,0
6656,0
6660,0
6666,0
6670,0
6674,0
6678,0
6680,0
6684,0
6690,0
6692,0
6698,0
6702,0
6706,0
6710,0
6714,0
6716,0
6720,0
6724,0
6728,0
6734,0
6738,0
6740,0
6746,0
6750,0
6754,0
6756,0
6762,0
6764,0
6768,0
6774,0
6776,0
6782,0
6784,0
6790,0
6794,0
6798,0
6802,0
6804,0
6810,0
6814,0
6818,0
6820,0
6826,0
6828,0
6832,0
6838,0
6840,0
6846,0
6848,0
6852,0
6856,0
6860,0
6866,0
6870,0
6872,0
6878,0
6880,0
6886,0
6888,0
6894,0
6896,0
6902,0
6904,0
6908,0
6912,0
6916,0
6920,0
6924,0
6928,0
6932,0
6938,0
6940,0
6946,0
6948,0
6954,0
6956,0
6960,0
6966,0
6968,0
6974,0
6978,0
6980,0
6984,0
6990,0
6994,0
6996,0
7000,0
7004,0
7010,0
7012,0
7016,0
7022,0
7026,0
7030,0
7034,0
7038,0
7040,0
7046,0
7048,0
7054,0
7058,0
7062,0
7066,0
7068,0
7074,0
7076,0
7082,0
7086,0
7090,0
7092,0
7096,0
7102,0
7104,0
7108,0
7112,0
7116,0
7122,0
7124,0
7130,0
7132,0
7136,0
7140,0
7146,0
7148,0
7152,0
7156,0
7160,0
7166,0
7170,0
7174,0
7176,0
7182,0
7184,0
7190,0
7192,0
7196,0
7200,0
7206,0
7210,0
7214,0
7216,0
7220,0
7226,0
7230,0
7232,0
7236,0
7240,0
7246,0
7248,0
7254,0
7258,0
7262,0
7264,0
7268,0
7274,0
7276,0
7280,0
7284,0
7290,0
7292,0
7296,0
7300,0
7304,0
7308,0
7312,0
7316,0
7320,0
7324,0
7328,0
7332,0
7338,0
7340,0
7344,0
7348,0
7354,0
7356,0
7360,0
7364,0
7370,0
7374,0
7376,0
7380,0
7384,0
7390,0
7392,0
7396,0
7400,0
7404,0
7410,0
7414,0
7418,0
7422,0
7426,0
7430,0
7434,0
7438,0
7442,0
7444,0
7448,0
7454,0
7456,0
7462,0
7464,0
7470,0
7474,0
7478,0
7480,0
7484,0
7488,0
7492,0
7496,0
7500,0
7504,0
7510,0
7512,0
7518,0
7522,0
7526,0
7528,0
7532,0
7536,0
7540,0
7546,0
7548,0
7554,0
7556,0
7562,0
7566,0
7568,0
7574,0
7576,0
7582,0
7584,0
7590,0
7592,0
7598,0
7602,0
7604,0
7610,0
7614,0
7618,0
7620,0
7624,0
7628,0
7634,0
7636,0
7642,0
7646,0
7648,0
7652,0
7658,0
7662,0
7664,0
7670,0
7674,0
7676,0
7682,0
7684,0
7690,0
7694,0
7698,0
7700,0
7706,0
7710,0
7712,0
7718,0
7722,0
7724,0
7730,0
7732,0
7736,0
7742,0
7746,0
7748,0
7754,0
7758,0
7760,0
7764,0
7770,0
7772,0
7776,0
7782,0
7784,0
7788,0
7792,0
7796,0
7802,0
7804,0
7810,0
7812,0
7818,0
7822,0
7824,0
7830,0
7834,0
7836,0
7842,0
7846,0
7848,0
7852,0
7858,0
7860,0
7864,0
7870,0
7874,0
7876,0
7880,0
7884,0
7888,0
7892,0
7896,0
7900,0
7906,0
7910,0
7912,0
7916,0
7920,0
7924,0
7928,0
7934,0
7936,0
7942,0
7944,0
7948,0
7954,0
7956,0
7960,0
7966,0
7970,0
7974,0
7976,0
7982,0
7986,0
7990,0
7994,0
7996,0
8000,0
8006,0
8008,0
8012,0
8016,0
8020,0
8026,0
8030,0
8032,0
8036,0
8042,0
8046,0
8050,0
8054,0
8058,0
8060,0
8064,0
8068,0
8074,0
8076,0
8080,0
8086,0
8090,0
8092,0
8096,0
8100,0
8106,0
8108,0
8112,0
8116,0
8120,0
8126,0
8128,0
8134,0
8136,0
8142,0
8144,0
8150,0
8154,0
8158,0
8160,0
8166,0
8170,0
8174,0
8178,0
8180,0
8186,0
8190,0
8194,0
8198,0
8202,0
8204,0
8210,0
8214,0
8218,0
8222,0
8226,0
8228,0
8234,0
8238,0
8242,0
8244,0
8250,0
8252,0
8258,0
8262,0
8266,0
8268,0
8272,0
8278,0
8282,0
8286,0
8288,0
8294,0
8296,0
8300,0
8306,0
8310,0
8314,0
8316,0
8322,0
8324,0
8328,0
8332,0
8338,0
8342,0
8346,0
8350,0
8354,0
8356,0
8360,0
8364,0
8370,0
8374,0
8378,0
8382,0
8384,0
8390,0
8392,0
8398,0
8402,0
8404,0
8408,0
8414,0
8416,0
8422,0
8426,0
8430,0
8434,0
8438,0
8440,0
8444,0
8448,0
8452,0
8458,0
8462,0
8464,0
8470,0
8472,0
8476,0
8482,0
8486,0
8488,0
8492,0
8496,0
8500,0
8504,0
8510,0
8514,0
8516,0
8520,0
8524,0
8530,0
8534,0
8538,0
8542,0
8544,0
8550,0
8554,0
8556,0
8560,0
8564,0
8568,0
8574,0
8578,0
8582,0
8584,0
8590,0
8592,0
8598,0
8602,0
8606,0
8610,0
8612,0
8618,0
8622,0
8624,0
8628,0
8634,0
8638,0
8640,0
8646,0
8648,0
8652,0
8656,0
8660,0
8666,0
8670,0
8674,0
8678,0
8682,0
8684,0
8688,0
8692,0
8696,0
8700,0
8704,0
8710,0
8712,0
8718,0
8722,0
8726,0
8728,0
8732,0
8736,0
8740,0
8744,0
8750,0
8752,0
8756,0
8762,0
8766,0
8770,0
8772,0
8778,0
8780,0
8786,0
8790,0
8794,0
8796,0
8800,0
8806,0
8808,0
8814,0
8816,0
8820,0
8824,0
8830,0
8832,0
8836,0
8840,0
8844,0
8850,0
8852,0
8858,0
8862,0
8866,0
8870,0
8874,0
8876,0
8880,0
8886,0
8890,0
8894,0
8896,0
8900,0
8904,0
8908,0
8914,0
8918,0
8920,0
8924,0
8930,0
8934,0
8936,0
8942,0
8944,0
8950,0
8954,0
8956,0
8960,0
8964,0
8968,0
8972,0
8976,0
8982,0
8984,0
8988,0
8992,0
8996,0
9000,0
9004,0
9010,0
9012,0
9018,0
9020,0
9026,0
9030,0
9032,0
9036,0
9040,0
9044,0
9048,0
9052,0
9058,0
9062,0
9064,0
9070,0
9072,0
9076,0
9080,0
9084,0
9090,0
9092,0
9098,0
9100,0
9104,0
9108,0
9112,0
9116,0
9120,0
9124,0
9130,0
9132,0
9136,0
9140,0
9146,0
9148,0
9152,0
9158,0
9162,0
9164,0
9168,0
9174,0
9178,0
9180,0
9184,0
9188,0
9192,0
9196,0
9202,0
9204,0
9210,0
9212,0
9216,0
9220,0
9224,0
9230,0
9234,0
9238,0
9242,0
9246,0
9248,0
9252,0
9258,0
9262,0
9266,0
9270,0
9272,0
9278,0
9280,0
9286,0
9290,0
9292,0
9298,0
9300,0
9304,0
9310,0
9312,0
9318,0
9320,0
9324,0
9328,0
9334,0
9336,0
9340,0
9344,0
9348,0
9352,0
9358,0
9362,0
9366,0
9370,0
9372,0
9378,0
9382,0
9386,0
9388,0
9392,0
9396,0
9400,0
9406,0
9408,0
9414,0
9418,0
9420,0
9426,0
9430,0
9432,0
9438,0
9440,0
9446,0
9450,0
9454,0
9456,0
9462,0
9466,0
9470,0
9474,0
9478,0
9482,0
9484,0
9490,0
9492,0
9498,0
9502,0
9504,0
9508,0
9512,0
9516,0
9522,0
9526,0
9530,0
9532,0
9538,0
9540,0
9546,0
9548,0
9552,0
9558,0
9562,0
9566,0
9570,0
9574,0
9578,0
9580,0
9586,0
9590,0
9592,0
9596,0
9602,0
9606,0
9608,0
9612,0
9616,0
9620,0
9626,0
9630,0
9634,0
9638,0
9640,0
9646,0
9650,0
9652,0
9656,0
9662,0
9664,0
9670,0
9672,0
9676,0
9680,0
9686,0
9690,0
9692,0
9698,0
9700,0
9704,0
9708,0
9712,0
9718,0
9720,0
9726,0
9730,0
9732,0
9738,0
9742,0
9746,0
9748,0
9752,0
9756,0
9760,0
9764,0
9770,0
9772,0
9778,0
9782,0
9786,0
9790,0
9792,0
9796,0
9800,0
9804,0
9808,0
9814,0
9816,0
9820,0
9824,0
9828,0
9832,0
9838,0
9840,0
9846,0
9850,0
9852,0
9856,0
9860,0
9866,0
9868,0
9872,0
9878,0
9882,0
9884,0
9888,0
9892,0
9896,0
9902,0
9906,0
9908,0
9914,0
9918,0
9920,0
9924,0
9928,0
9932,0
9936,0
9942,0
9944,0
9948,0
9952,0
9956,0
9960,0
9966,0
9968,0
9974,0
9978,0
9982,0
9984,0
9988,0
9992,0
9996,0
10000,0
10006,0
10008,0
10012,0
10016,0
10022,0
10024,0
10028,0
10032,0
10036,0
10042,0
10046,0
10048,0
10054,0
10056,0
10060,0
10066,0
10068,0
10074,0
10078,0
10082,0
10086,0
10088,0
10094,0
10098,0
10102,0
10104,0
10108,0
10112,0
10118,0
10120,0
10126,0
10130,0
10132,0
10138,0
10142,0
10144,0
10150,0
10154,0
10158,0
10160,0
10164,0
10168,0
10172,0
10178,0
10182,0
10184,0
10190,0
10192,0
10196,0
10200,0
10204,0
10210,0
10214,0
10218,0
10222,0
10224,0
10230,0
10234,0
10236,0
10242,0
10244,0
10248,0
10252,0
10256,0
10260,0
10266,0
10270,0
10274,0
10276,0
10280,0
10284,0
10288,0
10294,0
10298,0
10302,0
10306,0
10310,0
10314,0
10318,0
10322,0
10326,0
10330,0
10334,0
10338,0
10340,0
10346,0
10348,0
10352,0
10358,0
10362,0
10366,0
10368,0
10372,0
10378,0
10382,0
10386,0
10388,0
10392,0
10396,0
10400,0
10404,0
10408,0
10414,0
10418,0
10422,0
10424,0
10430,0
10432,0
10438,0
10442,0
10446,0
10448,0
10454,0
10456,0
10462,0
10464,0
10468,0
10474,0
10478,0
10482,0
10484,0
10490,0
10494,0
10498,0
10500,0
10504,0
10510,0
10512,0
10516,0
10522,0
10524,0
10528,0
10534,0
10536,0
10540,0
10544,0
10548,0
10552,0
10558,0
10560,0
10566,0
10570,0
10574,0
10576,0
10582,0
10586,0
10588,0
10594,0
10598,0
10600,0
10604,0
10610,0
10614,0
10618,0
10620,0
10624,0
10628,0
10634,0
10636,0
10642,0
10644,0
10648,0
10652,0
10658,0
10660,0
10664,0
10668,0
10672,0
10676,0
10680,0
10686,0
10690,0
10694,0
10698,0
10700,0
10704,0
10710,0
10712,0
10718,0
10720,0
10724,0
10728,0
10732,0
10736,0
10742,0
10744,0
10750,0
10754,0
10758,0
10760,0
10764,0
10770,0
10772,0
10776,0
10780,0
10784,0
10790,0
10794,0
10798,0
10802,0
10804,0
10810,0
10812,0
10818,0
10822,0
10824,0
10830,0
10834,0
10836,0
10842,0
10844,0
10848,0
10854,0
10858,0
10862,0
10866,0
10870,0
10874,0
10878,0
10882,0
10884,0
10888,0
10892,0
10898,0
10900,0
10904,0
10910,0
10914,0
10916,0
10922,0
10926,0
10930,0
10934,0
10938,0
10942,0
10946,0
10948,0
10952,0
10956,0
10960,0
10964,0
10970,0
10974,0
10978,0
10982,0
10984,0
10990,0
10992,0
10996,0
11002,0
11006,0
11010,0
11012,0
11016,0
11022,0
11026,0
11028,0
11032,0
11038,0
11042,0
11044,0
11050,0
11052,0
11056,0
11060,0
11066,0
11070,0
11074,0
11076,0
11082,0
11086,0
11088,0
11092,0
11096,0
11102,0
11104,0
11108,0
11114,0
11116,0
11122,0
11124,0
11128,0
11134,0
11136,0
11142,0
11144,0
11148,0
11154,0
11156,0
11160,0
11164,0
11168,0
11172,0
11176,0
11180,0
11184,0
11188,0
11194,0
11196,0
11200,0
11204,0
11208,0
11212,0
11218,0
11222,0
11224,0
11228,0
11234,0
11238,0
11240,0
11244,0
11248,0
11254,0
11258,0
11262,0
11266,0
11268,0
11272,0
11276,0
11282,0
11286,0
11288,0
11292,0
11296,0
11300,0
11306,0
11310,0
11312,0
11318,0
11322,0
11326,0
11330,0
11332,0
11336,0
11342,0
11346,0
11348,0
11352,0
11356,0
11360,0
11366,0
11370,0
11374,0
11378,0
11382,0
11386,0
11388,0
11392,0
11398,0
11400,0
11404,0
11410,0
11414,0
11416,0
11420,0
11426,0
11428,0
11432,0
11436,0
11440,0
11444,0
11448,0
11452,0
11458,0
11462,0
11466,0
11468,0
11474,0
11476,0
11482,0
11484,0
11490,0
11492,0
11496,0
11500,0
11504,0
11508,0
11512,0
11516,0
11520,0
11524,0
11528,0
11534,0
11536,0
11540,0
11546,0
11548,0
11552,0
11556,0
11562,0
11566,0
11570,0
11572,0
11576,0
11580,0
11586,0
11588,0
11594,0
11598,0
11600,0
11606,0
11608,0
11612,0
11618,0
11622,0
11624,0
11630,0
11634,0
11638,0
11642,0
11646,0
11648,0
11652,0
11658,0
11662,0
11666,0
11668,0
11672,0
11678,0
11680,0
11686,0
11688,0
11694,0
11698,0
11700,0
11706,0
11710,0
11714,0
11716,0
11722,0
11724,0
11728,0
11734,0
11738,0
11742,0
11746,0
11748,0
11752,0
11756,0
11762,0
11764,0
11770,0
11774,0
11776,0
11780,0
11786,0
11790,0
11794,0
11796,0
11802,0
11806,0
11810,0
11814,0
11816,0
11822,0
11824,0
11828,0
11832,0
11838,0
11842,0
11846,0
11850,0
11854,0
11858,0
11860,0
11864,0
11868,0
11874,0
11876,0
11882,0
11884,0
11890,0
11894,0
11898,0
11900,0
11904,0
11910,0
11912,0
11918,0
11920,0
11924,0
11928,0
11932,0
11938,0
11942,0
11946,0
11950,0
11952,0
11956,0
11960,0
11964,0
11968,0
11974,0
11976,0
11980,0
11986,0
11990,0
11992,0
11998,0
12000,0
12004,0
12010,0
12014,0
12016,0
12022,0
12024,0
12030,0
12034,0
12038,0
12042,0
12044,0
12050,0
12052,0
12058,0
12062,0
12066,0
12070,0
12072,0
12078,0
12080,0
12086,0
12088,0
12092,0
12098,0
12100,0
12104,0
12108,0
12114,0
12118,0
12122,0
12126,0
12128,0
12132,0
12136,0
12140,0
12146,0
12150,0
12154,0
12158,0
12160,0
12164,0
12168,0
12174,0
12178,0
12180,0
12186,0
12188,0
12192,0
12196,0
12200,0
12206,0
12210,0
12212,0
12218,0
12220,0
12226,0
12230,0
12232,0
12236,0
12242,0
12246,0
12250,0
12252,0
12256,0
12260,0
12264,0
12268,0
12274,0
12278,0
12280,0
12284,0
12290,0
12292,0
12298,0
12300,0
12306,0
12310,0
12312,0
12316,0
12322,0
12324,0
12328,0
12332,0
12338,0
12342,0
12346,0
12348,0
12354,0
12356,0
12360,0
12366,0
12370,0
12374,0
12378,0
12380,0
12384,0
12388,0
12392,0
12398,0
12400,0
12404,0
12410,0
12414,0
12416,0
12420,0
12426,0
12430,0
12432,0
12438,0
12442,0
12444,0
12450,0
12454,0
12456,0
12460,0
12464,0
12470,0
12474,0
12478,0
12482,0
12484,0
12488,0
12494,0
12498,0
12500,0
12504,0
12508,0
12514,0
12516,0
12522,0
12526,0
12530,0
12532,0
12538,0
12542,0
12544,0
12550,0
12554,0
12558,0
12560,0
12566,0
12568,0
12574,0
12576,0
12580,0
12586,0
12590,0
12594,0
12598,0
12600,0
12606,0
12610,0
12614,0
12618,0
12622,0
12626,0
12628,0
12634,0
12636,0
12640,0
12646,0
12648,0
12654,0
12658,0
12662,0
12666,0
12670,0
12672,0
12678,0
12680,0
12686,0
12690,0
12694,0
12698,0
12700,0
12704,0
12708,0
12712,0
12718,0
12722,0
12726,0
12730,0
12734,0
12738,0
12740,0
12744,0
12750,0
12754,0
12758,0
12760,0
12766,0
12768,0
12772,0
12778,0
12782,0
12786,0
12788,0
12794,0
12796,0
12802,0
12806,0
12808,0
12814,0
12818,0
12822,0
12824,0
12830,0
12832,0
12838,0
12842,0
12846,0
12850,0
12852,0
12858,0
12860,0
12864,0
12868,0
12874,0
12878,0
12880,0
12884,0
12890,0
12892,0
12898,0
12902,0
12904,0
12910,0
12912,0
12916,0
12920,0
12924,0
12928,0
12932,0
12936,0
12940,0
12944,0
12948,0
12952,0
12958,0
12962,0
12966,0
12970,0
12972,0
12978,0
12982,0
12986,0
12988,0
12992,0
12996,0
13000,0
13004,0
13010,0
13014,0
13016,0
13020,0
13024,0
13030,0
13032,0
13036,0
13042,0
13044,0
13048,0
13054,0
13058,0
13062,0
13064,0
13068,0
13074,0
13078,0
13082,0
13086,0
13088,0
13092,0
13096,0
13102,0
13104,0
13108,0
13112,0
13118,0
13122,0
13124,0
13128,0
13132,0
13136,0
13140,0
13144,0
13148,0
13152,0
13156,0
13162,0
13166,0
13168,0
13172,0
13176,0
13182,0
13184,0
13188,0
13194,0
13198,0
13200,0
13206,0
13208,0
13212,0
13216,0
13220,0
13224,0
13230,0
13234,0
13236,0
13242,0
13246,0
13250,0
13254,0
13256,0
13260,0
13264,0
13268,0
13274,0
13276,0
13280,0
13284,0
13290,0
13294,0
13298,0
13302,0
13306,0
13308,0
13314,0
13316,0
13322,0
13326,0
13328,0
13332,0
13336,0
13342,0
13346,0
13348,0
13354,0
13356,0
13360,0
13364,0
13370,0
13374,0
13378,0
13380,0
13384,0
13388,0
13392,0
13396,0
13400,0
13406,0
13410,0
13412,0
13416,0
13422,0
13426,0
13428,0
13432,0
13438,0
13440,0
13444,0
13450,0
13452,0
13456,0
13460,0
13466,0
13470,0
13474,0
13476,0
13482,0
13484,0
13490,0
13494,0
13496,0
13500,0
13506,0
13510,0
13514,0
13516,0
13520,0
13524,0
13528,0
13532,0
13536,0
13540,0
13544,0
13550,0
13554,0
13556,0
13562,0
13564,0
13570,0
13572,0
13576,0
13580,0
13584,0
13588,0
13592,0
13596,0
13600,0
13606,0
13608,0
13612,0
13616,0
13620,0
13626,0
13630,0
13634,0
13636,0
13642,0
13644,0
13650,0
13654,0
13656,0
13662,0
13664,0
13670,0
13674,0
13678,0
13682,0
13684,0
13690,0
13692,0
13698,0
13702,0
13704,0
13708,0
13714,0
13716,0
13722,0
13726,0
13728,0
13732,0
13738,0
13742,0
13744,0
13748,0
13752,0
13758,0
13760,0
13764,0
13768,0
13772,0
13778,0
13780,0
13784,0
13790,0
13792,0
13796,0
13800,0
13804,0
13808,0
13812,0
13816,0
13820,0
13826,0
13828,0
13834,0
13836,0
13842,0
13846,0
13848,0
13854,0
13856,0
13862,0
13866,0
13870,0
13874,0
13876,0
13880,0
13886,0
13888,0
13894,0
13896,0
13902,0
13904,0
13908,0
13914,0
13916,0
13920,0
13926,0
13928,0
13934,0
13936,0
13940,0
13944,0
13948,0
13952,0
13956,0
13962,0
13966,0
13968,0
13974,0
13976,0
13980,0
13986,0
13990,0
13992,0
13998,0
14002,0
14004,0
14008,0
14014,0
14016,0
14020,0
14026,0
14028,0
14034,0
14036,0
14040,0
14046,0
14050,0
14054,0
14058,0
14062,0
14066,0
14068,0
14072,0
14076,0
14080,0
14084,0
14090,0
14094,0
14098,0
14100,0
14106,0
14108,0
14112,0
14116,0
14122,0
14124,0
14130,0
14134,0
14138,0
14142,0
14144,0
14148,0
14152,0
14158,0
14160,0
14166,0
14170,0
14174,0
14178,0
14182,0
14186,0
14190,0
14192,0
14196,0
14200,0
14204,0
14208,0
14212,0
14216,0
14222,0
14224,0
14228,0
14232,0
14238,0
14240,0
14246,0
14250,0
14252,0
14256,0
14262,0
14266,0
14270,0
14274,0
14276,0
14280,0
14284,0
14290,0
14292,0
14298,0
14302,0
14304,0
14310,0
14314,0
14316,0
14320,0
14326,0
14328,0
14332,0
14338,0
14340,0
14346,0
14348,0
14352,0
14356,0
14360,0
14366,0
14368,0
14374,0
14378,0
14380,0
14386,0
14390,0
14392,0
14398,0
14402,0
14406,0
14410,0
14414,0
14416,0
14422,0
14424,0
14428,0
14434,0
14436,0
14442,0
14444,0
14448,0
14454,0
14458,0
14462,0
14466,0
14468,0
14472,0
14478,0
14480,0
14484,0
14488,0
14492,0
14498,0
14500,0
14506,0
14508,0
14514,0
14516,0
14522,0
14524,0
14528,0
14534,0
14536,0
14542,0
14546,0
14548,0
14554,0
14556,0
14562,0
14566,0
14570,0
14574,0
14576,0
14582,0
14586,0
14590,0
14594,0
14598,0
14602,0
14604,0
14608,0
14612,0
14618,0
14622,0
14626,0
14628,0
14634,0
14636,0
14642,0
14644,0
14650,0
14654,0
14658,0
14660,0
14666,0
14670,0
14672,0
14678,0
14682,0
14686,0
14690,0
14692,0
14696,0
14702,0
14704,0
14710,0
14714,0
14716,0
14722,0
14726,0
14730,0
14732,0
14736,0
14740,0
14744,0
14750,0
14752,0
14756,0
14762,0
14764,0
14768,0
14774,0
14778,0
14780,0
14786,0
14788,0
14794,0
14798,0
14802,0
14806,0
14810,0
14812,0
14818,0
14822,0
14826,0
14830,0
14834,0
14838,0
14842,0
14844,0
14850,0
14854,0
14856,0
14860,0
14866,0
14868,0
14872,0
14876,0
14880,0
14886,0
14888,0
14892,0
14898,0
14902,0
14906,0
14910,0
14912,0
14918,0
14922,0
14926,0
14930,0
14932,0
14936,0
14942,0
14944,0
14948,0
14952,0
14958,0
14962,0
14964,0
14970,0
14972,0
14976,0
14980,0
14984,0
14988,0
14992,0
14998,0
15002,0
15006,0
15010,0
15014,0
15018,0
15022,0
15026,0
15030,0
15034,0
15038,0
15042,0
15046,0
15048,0
15052,0
15058,0
15062,0
15066,0
15068,0
15074,0
15076,0
15080,0
15086,0
15090,0
15092,0
15098,0
15102,0
15104,0
15108,0
15112,0
15118,0
15120,0
15124,0
15130,0
15132,0
15138,0
15142,0
15146,0
15148,0
15154,0
15156,0
15162,0
15166,0
15168,0
15174,0
15176,0
15180,0
15184,0
15188,0
15192,0
15196,0
15200,0
15206,0
15210,0
15212,0
15216,0
15222,0
15226,0
15228,0
15232,0
15236,0
15240,0
15246,0
15248,0
15252,0
15256,0
15260,0
15264,0
15268,0
15272,0
15278,0
15280,0
15286,0
15288,0
15294,0
15296,0
15302,0
15304,0
15308,0
15312,0
15316,0
15322,0
15324,0
15328,0
15334,0
15338,0
15340,0
15346,0
15350,0
15352,0
15356,0
15362,0
15364,0
15370,0
15372,0
15376,0
15380,0
15386,0
15388,0
15394,0
15396,0
15402,0
15404,0
15410,0
15412,0
15416,0
15422,0
15424,0
15428,0
15434,0
15438,0
15440,0
15446,0
15450,0
15454,0
15456,0
15462,0
15466,0
15468,0
15474,0
15478,0
15482,0
15484,0
15488,0
15492,0
15496,0
15502,0
15504,0
15510,0
15514,0
15518,0
15522,0
15524,0
15530,0
15532,0
15538,0
15542,0
15546,0
15550,0
15552,0
15556,0
15560,0
15564,0
15568,0
15572,0
15578,0
15580,0
15584,0
15590,0
15594,0
15596,0
15600,0
15604,0
15608,0
15612,0
15618,0
15622,0
15624,0
15630,0
15634,0
15636,0
15642,0
15644,0
15648,0
15654,0
15658,0
15662,0
15666,0
15670,0
15672,0
15676,0
15682,0
15686,0
15688,0
15692,0
15698,0
15702,0
15704,0
15708,0
15714,0
15718,0
15722,0
15724,0
15728,0
15734,0
15736,0
15742,0
15746,0
15748,0
15754,0
15758,0
15762,0
15764,0
15770,0
15774,0
15778,0
15780,0
15786,0
15790,0
15794,0
15796,0
15800,0
15806,0
15810,0
15812,0
15816,0
15820,0
15824,0
15830,0
15834,0
15836,0
15840,0
15846,0
15850,0
15852,0
15856,0
15860,0
15864,0
15870,0
15872,0
15876,0
15882,0
15884,0
15890,0
15892,0
15898,0
15900,0
15906,0
15908,0
15912,0
15918,0
15922,0
15926,0
15930,0
15934,0
15938,0
15942,0
15944,0
15948,0
15952,0
15958,0
15960,0
15966,0
15970,0
15974,0
15978,0
15980,0
15984,0
15988,0
15992,0
15996,0
16000,0
16004,0
16008,0
16012,0
16016,0
16020,0
16024,0
16028,0
16032,0
16038,0
16040,0
16044,0
16050,0
16054,0
16056,0
16062,0
16066,0
16070,0
16074,0
16078,0
16082,0
16084,0
16090,0
16094,0
16096,0
16102,0
16106,0
16110,0
16114,0
16118,0
16122,0
16124,0
16128,0
16134,0
16136,0
16140,0
16146,0
16150,0
16152,0
16156,0
16162,0
16166,0
16170,0
16174,0
16176,0
16182,0
16186,0
16190,0
16192,0
16196,0
16202,0
16206,0
16208,0
16214,0
16216,0
16222,0
16226,0
16230,0
16234,0
16236,0
16242,0
16246,0
16248,0
16252,0
16258,0
16262,0
16264,0
16270,0
16274,0
16278,0
16280,0
16284,0
16290,0
16294,0
16296,0
16300,0
16304,0
16310,0
16314,0
16316,0
16320,0
16324,0
16330,0
16334,0
16338,0
16340,0
16346,0
16348,0
16352,0
16358,0
16360,0
16366,0
16370,0
16372,0
16378,0
16380,0
16384,0
16390,0
16394,0
16398,0
16400,0
16406,0
16408,0
16412,0
16416,0
16420,0
16424,0
16428,0
16432,0
16436,0
16442,0
16444,0
16450,0
16454,0
16456,0
16460,0
16464,0
16470,0
16472,0
16476,0
16482,0
16484,0
16490,0
16494,0
16498,0
16500,0
16506,0
16510,0
16512,0
16516,0
16522,0
16524,0
16530,0
16532,0
16536,0
16540,0
16544,0
16548,0
16554,0
16556,0
16560,0
16564,0
16568,0
16572,0
16578,0
16582,0
16584,0
16588,0
16594,0
16598,0
16602,0
16606,0
16608,0
16614,0
16618,0
16620,0
16626,0
16630,0
16634,0
16636,0
16642,0
16644,0
16650,0
16654,0
16658,0
16662,0
16664,0
16668,0
16672,0
16678,0
16680,0
16686,0
16690,0
16694,0
16698,0
16702,0
16706,0
16710,0
16714,0
16716,0
16720,0
16726,0
16730,0
16734,0
16738,0
16742,0
16744,0
16748,0
16752,0
16756,0
16762,0
16766,0
16770,0
16774,0
16778,0
16782,0
16784,0
16788,0
16794,0
16796,0
16800,0
16806,0
16808,0
16812,0
16818,0
16822,0
16824,0
16828,0
16834,0
16838,0
16840,0
16846,0
16850,0
16854,0
16858,0
16862,0
16864,0
16870,0
16874,0
16878,0
16882,0
16886,0
16890,0
16894,0
16898,0
16902,0
16906,0
16910,0
16914,0
16918,0
16922,0
16924,0
16930,0
16932,0
16938,0
16940,0
16944,0
16948,0
16954,0
16956,0
16960,0
16964,0
16968,0
16972,0
16978,0
16982,0
16984,0
16988,0
16992,0
16998,0
17002,0
17004,0
17010,0
17014,0
17018,0
17020,0
17026,0
17028,0
17034,0
17038,0
17040,0
17044,0
17048,0
17054,0
17056,0
17062,0
17064,0
17070,0
17072,0
17076,0
17080,0
17086,0
17088,0
17094,0
17098,0
17100,0
17106,0
17110,0
17114,0
17118,0
17122,0
17126,0
17130,0
17132,0
17136,0
17142,0
17144,0
17148,0
17152,0
17156,0
17160,0
17166,0
17170,0
17172,0
17178,0
17180,0
17184,0
17190,0
17194,0
17198,0
17202,0
17204,0
17208,0
17212,0
17216,0
17220,0
17224,0
17228,0
17232,0
17236,0
17240,0
17244,0
17248,0
17252,0
17258,0
17260,0
17266,0
17268,0
17274,0
17276,0
17280,0
17284,0
17288,0
17292,0
17298,0
17302,0
17304,0
17310,0
17312,0
17318,0
17320,0
17326,0
17328,0
17334,0
17336,0
17340,0
17346,0
17348,0
17354,0
17358,0
17362,0
17364,0
17368,0
17374,0
17376,0
17382,0
17384,0
17390,0
17392,0
17396,0
17402,0
17404,0
17408,0
17412,0
17416,0
17420,0
17424,0
17428,0
17434,0
17438,0
17442,0
17444,0
17450,0
17452,0
17458,0
17462,0
17464,0
17470,0
17472,0
17478,0
17482,0
17486,0
17490,0
17494,0
17496,0
17500,0
17506,0
17510,0
17514,0
17518,0
17522,0
17526,0
17530,0
17532,0
17538,0
17540,0
17546,0
17550,0
17554,0
17556,0
17562,0
17566,0
17570,0
17574,0
17576,0
17582,0
17586,0
17588,0
17592,0
17596,0
17600,0
17604,0
17610,0
17614,0
17618,0
17622,0
17626,0
17628,0
17634,0
17638,0
17640,0
17646,0
17648,0
17652,0
17656,0
17662,0
17664,0
17668,0
17672,0
17678,0
17682,0
17686,0
17690,0
17692,0
17698,0
17702,0
17706,0
17710,0
17712,0
17718,0
17720,0
17726,0
17728,0
17734,0
17736,0
17742,0
17746,0
17748,0
17752,0
17758,0
17760,0
17766,0
17768,0
17774,0
17778,0
17782,0
17784,0
17790,0
17794,0
17796,0
17802,0
17804,0
17810,0
17812,0
17818,0
17822,0
17826,0
17830,0
17834,0
17838,0
17840,0
17846,0
17850,0
17852,0
17856,0
17860,0
17864,0
17868,0
17872,0
17876,0
17880,0
17884,0
17890,0
17894,0
17898,0
17900,0
17906,0
17908,0
17912,0
17916,0
17920,0
17926,0
17930,0
17934,0
17938,0
17942,0
17944,0
17950,0
17954,0
17958,0
17962,0
17964,0
17968,0
17972,0
17978,0
17982,0
17984,0
17990,0
17994,0
17998,0
18000,0
18006,0
18008,0
18014,0
18016,0
18020,0
18024,0
18028,0
18032,0
18038,0
18042,0
18044,0
18050,0
18054,0
18056,0
18062,0
18064,0
18070,0
18074,0
18076,0
18080,0
18084,0
18088,0
18094,0
18098,0
18100,0
18104,0
18110,0
18114,0
18118,0
18122,0
18126,0
18130,0
18132,0
18138,0
18140,0
18146,0
18148,0
18152,0
18158,0
18162,0
18164,0
18168,0
18174,0
18178,0
18180,0
18184,0
18188,0
18192,0
18198,0
18202,0
18204,0
18208,0
18212,0
18218,0
18222,0
18226,0
18228,0
18234,0
18238,0
18240,0
18246,0
18250,0
18252,0
18258,0
18262,0
18266,0
18271,0
18273,0
18279,0
18281,0
18287,0
18289,0
18295,0
18297,0
18303,0
18305,0
18311,0
18313,0
18319,0
18321,0
18327,0
18329,0
18335,0
18337,0
18343,0
18345,0
18351,0
18353,0
18359,0
18361,0
18367,0
18369,0
18375,0
18377,0
18383,0
18385,0
18391,0
18393,0
18399,0
18401,0
18407,0
18409,0
18415,0
18417,0
18423,0
18425,0
18431,0
18433,0
18439,0
18441,0
18447,0
18449,0
18455,0
18457,0
18463,0
18465,0
18471,0
18473,0
18479,0
18481,0
18487,0
18489,0
18495,0
18497,0
18503,0
18505,0
18509,0
18515,0
18517,0
18523,0
18525,0
18529,0
18533,0
18539,0
18541,0
18547,0
18549,0
18553,0
18559,0
18561,0
18567,0
18569,0
18575,0
18577,0
18583,0
18585,0
18591,0
18593,0
18599,0
18601,0
18607,0
18609,0
18615,0
18617,0
18623,0
18625,0
18631,0
18633,0
18639,0
18641,0
18647,0
18651,0
18653,0
18659,0
18661,0
18667,0
18669,0
18675,0
18677,0
18683,0
18685,0
18691,0
18693,0
18697,0
18703,0
18705,0
18711,0
18713,0
18719,0
18721,0
18727,0
18729,0
18735,0
18737,0
18743,0
18747,0
18749,0
18755,0
18757,0
18763,0
18765,0
18771,0
18773,0
18779,0
18781,0
18787,0
18789,0
18795,0
18799,0
18801,0
18807,0
18809,0
18815,0
18817,0
18823,0
18825,0
18831,0
18833,0
18839,0
18841,0
18847,0
18849,0
18855,0
18857,0
18863,0
18865,0
18871,0
18873,0
18879,0
18881,0
18887,0
18889,0
18895,0
18897,0
18903,0
18905,0
18911,0
18913,0
18919,0
18921,0
18927,0
18929,0
18935,0
18937,0
18943,0
18945,0
18951,0
18953,0
18959,0
18961,0
18967,0
18969,0
18975,0
18977,0
18983,0
18985,0
18991,0
18993,0
18999,0
19001,0
19007,0
19009,0
19015,0
19017,0
19023,0
19025,0
19031,0
19033,0
19039,0
19041,0
19047,0
19049,0
19053,0
19059,0
19061,0
19067,0
19069,0
19075,0
19077,0
19083,0
19085,0
19091,0
19093,0
19099,0
19101,0
19107,0
19109,0
19113,0
19119,0
19121,0
19125,0
19131,0
19133,0
19139,0
19141,0
19147,0
19149,0
19155,0
19157,0
19163,0
19165,0
19171,0
19173,0
19179,0
19183,0
19185,0
19191,0
19193,0
19199,0
19201,0
19207,0
19209,0
19215,0
19217,0
19223,0
19225,0
19231,0
19233,0
19239,0
19241,0
19247,0
19249,0
19255,0
19257,0
19263,0
19265,0
19271,0
19273,0
19279,0
19281,0
19287,0
19289,0
19295,0
19297,0
19303,0
19305,0
19311,0
19313,0
19319,0
19321,0
19327,0
19329,0
19335,0
19337,0
19343,0
19345,0
19351,0
19353,0
19359,0
19361,0
19367,0
19369,0
19375,0
19377,0
19383,0
19385,0
19391,0
19393,0
19399,0
19401,0
19407,0
19409,0
19415,0
19419,0
19421,0
19427,0
19429,0
19435,0
19437,0
19443,0
19445,0
19451,0
19453,0
19459,0
19461,0
19467,0
19469,0
19473,0
19479,0
19481,0
19487,0
19489,0
19495,0
19497,0
19501,0
19507,0
19509,0
19515,0
19517,0
19523,0
19525,0
19531,0
19533,0
19539,0
19541,0
19547,0
19549,0
19555,0
19557,0
19561,0
19565,0
19571,0
19573,0
19579,0
19581,0
19587,0
19589,0
19595,0
19597,0
19603,0
19605,0
19611,0
19613,0
19619,0
19621,0
19627,0
19629,0
19635,0
19637,0
19643,0
19645,0
19651,0
19653,0
19659,0
19661,0
19667,0
19669,0
19675,0
19677,0
19683,0
19685,0
19691,0
19693,0
19699,0
19701,0
19707,0
19709,0
19715,0
19717,0
19723,0
19725,0
19731,0
19735,0
19737,0
19743,0
19745,0
19751,0
19753,0
19759,0
19761,0
19767,0
19769,0
19775,0
19777,0
19783,0
19787,0
19789,0
19795,0
19797,0
19803,0
19805,0
19811,0
19813,0
19819,0
19821,0
19827,0
19829,0
19835,0
19837,0
19843,0
19845,0
19851,0
19853,0
19859,0
19861,0
19867,0
19869,0
19875,0
19877,0
19883,0
19885,0
19891,0
19893,0
19899,0
19901,0
19907,0
19909,0
19915,0
19917,0
19923,0
19925,0
19931,0
19933,0
19939,0
19941,0
19947,0
19949,0
19955,0
19957,0
19963,0
19965,0
19971,0
19973,0
19979,0
19981,0
19987,0
19989,0
19995,0
19997,0
20003,0
20005,0
20011,0
20013,0
20019,0
20021,0
20025,0
20031,0
20033,0
20039,0
20041,0
20045,0
20051,0
20053,0
20059,0
20061,0
20067,0
20069,0
20075,0
20077,0
20083,0
20085,0
20091,0
20093,0
20097,0
20103,0
20105,0
20111,0
20113,0
20119,0
20121,0
20127,0
20129,0
20135,0
20137,0
20143,0
20145,0
20151,0
20153,0
20159,0
20161,0
20167,0
20169,0
20173,0
20177,0
20183,0
20185,0
20189,0
20195,0
20197,0
20201,0
20207,0
20209,0
20213,0
20219,0
20221,0
20227,0
20229,0
20235,0
20237,0
20243,0
20245,0
20251,0
20253,0
20259,0
20261,0
20267,0
20269,0
20275,0
20277,0
20283,0
20285,0
20291,0
20293,0
20299,0
20301,0
20307,0
20309,0
20315,0
20317,0
20323,0
20325,0
20331,0
20333,0
20339,0
20341,0
20347,0
20349,0
20355,0
20357,0
20363,0
20365,0
20371,0
20373,0
20377,0
20383,0
20385,0
20391,0
20393,0
20397,0
20401,0
20407,0
20409,0
20415,0
20417,0
20423,0
20425,0
20429,0
20435,0
20437,0
20443,0
20445,0
20451,0
20453,0
20459,0
20461,0
20465,0
20471,0
20473,0
20479,0
20481,0
20487,0
20489,0
20495,0
20497,0
20503,0
20505,0
20511,0
20513,0
20519,0
20521,0
20527,0
20529,0
20533,0
20539,0
20541,0
20547,0
20549,0
20555,0
20557,0
20563,0
20565,0
20571,0
20573,0
20579,0
20581,0
20587,0
20589,0
20595,0
20597,0
20603,0
20605,0
20611,0
20613,0
20619,0
20621,0
20627,0
20629,0
20635,0
20637,0
20643,0
20645,0
20651,0
20653,0
20659,0
20661,0
20667,0
20669,0
20675,0
20677,0
20683,0
20685,0
20689,0
20693,0
20699,0
20701,0
20707,0
20709,0
20715,0
20717,0
20723,0
20725,0
20731,0
20733,0
20739,0
20741,0
20747,0
20749,0
20755,0
20757,0
20763,0
20765,0
20771,0
20773,0
20779,0
20781,0
20787,0
20789,0
20795,0
20797,0
20803,0
20805,0
20811,0
20813,0
20819,0
20821,0
20827,0
20829,0
20835,0
20837,0
20843,0
20845,0
20851,0
20853,0
20859,0
20861,0
20867,0
20869,0
20875,0
20877,0
20883,0
20885,0
20891,0
20893,0
20899,0
20901,0
20907,0
20909,0
20913,0
20917,0
20923,0
20925,0
20931,0
20933,0
20939,0
20941,0
20947,0
20949,0
20955,0
20957,0
20963,0
20965,0
20971,0
20973,0
20979,0
20981,0
20987,0
20989,0
20995,0
20997,0
21003,0
21005,0
21011,0
21013,0
21019,0
21021,0
21027,0
21029,0
21035,0
21037,0
21043,0
21045,0
21051,0
21053,0
21059,0
21061,0
21067,0
21069,0
21075,0
21077,0
21083,0
21085,0
21091,0
21093,0
21097,0
21103,0
21105,0
21111,0
21113,0
21119,0
21121,0
21127,0
21129,0
21135,0
21137,0
21141,0
21147,0
21149,0
21155,0
21157,0
21161,0
21167,0
21169,0
21175,0
21177,0
21183,0
21185,0
21191,0
21193,0
21197,0
21203,0
21205,0
21211,0
21213,0
21219,0
21221,0
21227,0
21229,0
21235,0
21237,0
21243,0
21245,0
21251,0
21253,0
21259,0
21261,0
21267,0
21269,0
21275,0
21277,0
21283,0
21285,0
21291,0
21293,0
21297,0
21303,0
21305,0
21311,0
21313,0
21319,0
21321,0
21327,0
21329,0
21335,0
21337,0
21343,0
21345,0
21351,0
21353,0
21359,0
21361,0
21367,0
21369,0
21375,0
21377,0
21383,0
21385,0
21391,0
21393,0
21399,0
21401,0
21407,0
21409,0
21415,0
21417,0
21423,0
21425,0
21429,0
21435,0
21437,0
21443,0
21445,0
21451,0
21455,0
21457,0
21463,0
21465,0
21471,0
21473,0
21479,0
21481,0
21487,0
21489,0
21495,0
21497,0
21503,0
21505,0
21511,0
21513,0
21519,0
21521,0
21527,0
21529,0
21535,0
21537,0
21543,0
21545,0
21551,0
21553,0
21559,0
21561,0
21567,0
21569,0
21575,0
21577,0
21583,0
21585,0
21591,0
21593,0
21599,0
21601,0
21607,0
21609,0
21615,0
21617,0
21623,0
21625,0
21631,0
21633,0
21639,0
21641,0
21647,0
21649,0
21655,0
21657,0
21663,0
21665,0
21671,0
21673,0
21679,0
21681,0
21687,0
21689,0
21695,0
21697,0
21703,0
21705,0
21711,0
21713,0
21719,0
21721,0
21727,0
21729,0
21735,0
21737,0
21743,0
21745,0
21751,0
21753,0
21759,0
21763,0
21765,0
21771,0
21773,0
21779,0
21781,0
21787,0
21789,0
21795,0
21797,0
21803,0
21805,0
21811,0
21813,0
21819,0
21821,0
21827,0
21829,0
21835,0
21837,0
21843,0
21845,0
21851,0
21853,0
21859,0
21861,0
21867,0
21869,0
21875,0
21877,0
21883,0
21885,0
21891,0
21893,0
21899,0
21901,0
21907,0
21909,0
21915,0
21917,0
21923,0
21925,0
21931,0
21933,0
21939,0
21941,0
21947,0
21949,0
21955,0
21957,0
21963,0
21965,0
21971,0
21973,0
21979,0
21981,0
21987,0
21989,0
21995,0
21997,0
22003,0
22005,0
22011,0
22013,0
22019,0
22021,0
22027,0
22029,0
22035,0
22037,0
22043,0
22045,0
22051,0
22053,0
22059,0
22061,0
22065,0
22071,0
22073,0
22079,0
22081,0
22087,0
22089,0
22095,0
22097,0
22103,0
22105,0
22111,0
22113,0
22119,0
22121,0
22127,0
22129,0
22135,0
22137,0
22143,0
22145,0
22151,0
22153,0
22159,0
22161,0
22165,0
22171,0
22173,0
22177,0
22183,0
22185,0
22191,0
22193,0
22199,0
22201,0
22207,0
22209,0
22215,0
22217,0
22223,0
22225,0
22231,0
22233,0
22239,0
22241,0
22247,0
22249,0
22255,0
22257,0
22263,0
22265,0
22271,0
22273,0
22279,0
22281,0
22287,0
22289,0
22295,0
22297,0
22303,0
22305,0
22311,0
22313,0
22319,0
22321,0
22327,0
22329,0
22333,0
22339,0
22341,0
22347,0
22349,0
22355,0
22357,0
22361,0
22367,0
22369,0
22375,0
22377,0
22383,0
22385,0
22391,0
22393,0
22399,0
22401,0
22407,0
22409,0
22415,0
22417,0
22423,0
22425,0
22431,0
22433,0
22439,0
22441,0
22447,0
22449,0
22455,0
22457,0
22463,0
22465,0
22471,0
22473,0
22479,0
22481,0
22487,0
22489,0
22495,0
22497,0
22503,0
22505,0
22511,0
22513,0
22519,0
22521,0
22527,0
22529,0
22535,0
22537,0
22543,0
22545,0
22551,0
22553,0
22557,0
22563,0
22565,0
22571,0
22573,0
22577,0
22583,0
22585,0
22591,0
22593,0
22599,0
22601,0
22607,0
22609,0
22615,0
22617,0
22623,0
22625,0
22631,0
22633,0
22639,0
22641,0
22645,0
22651,0
22653,0
22659,0
22661,0
22667,0
22669,0
22675,0
22677,0
22683,0
22685,0
22689,0
22693,0
22699,0
22701,0
22707,0
22709,0
22715,0
22717,0
22723,0
22725,0
22731,0
22733,0
22737,0
22743,0
22745,0
22751,0
22753,0
22759,0
22761,0
22767,0
22769,0
22775,0
22777,0
22783,0
22785,0
22791,0
22793,0
22799,0
22801,0
22807,0
22809,0
22815,0
22817,0
22823,0
22825,0
22829,0
22833,0
22837,0
22841,0
22847,0
22849,0
22855,0
22857,0
22863,0
22865,0
22869,0
22873,0
22879,0
22881,0
22887,0
22889,0
22893,0
22897,0
22903,0
22905,0
22911,0
22913,0
22919,0
22921,0
22925,0
22931,0
22933,0
22939,0
22941,0
22947,0
22949,0
22955,0
22957,0
22963,0
22965,0
22969,0
22973,0
22977,0
22983,0
22985,0
22991,0
22993,0
22999,0
23001,0
23007,0
23009,0
23015,0
23017,0
23021,0
23027,0
23029,0
23035,0
23039,0
23041,0
23047,0
23051,0
23055,0
23057,0
23061,0
23067,0
23069,0
23075,0
23077,0
23083,0
23085,0
23091,0
23093,0
23099,0
23101,0
23107,0
23109,0
23115,0
23117,0
23123,0
23125,0
23129,0
23133,0
23139,0
23143,0
23145,0
23151,0
23153,0
23159,0
23161,0
23167,0
23169,0
23175,0
23179,0
23181,0
23187,0
23189,0
23195,0
23197,0
23203,0
23205,0
23211,0
23213,0
23219,0
23221,0
23227,0
23229,0
23235,0
23237,0
23243,0
23245,0
23251,0
23255,0
23259,0
23261,0
23267,0
23269,0
23273,0
23277,0
23283,0
23285,0
23291,0
23293,0
23299,0
23301,0
23307,0
23309,0
23315,0
23317,0
23323,0
23325,0
23331,0
23333,0
23339,0
23341,0
23347,0
23349,0
23355,0
23357,0
23363,0
23365,0
23371,0
23373,0
23379,0
23381,0
23387,0
23389,0
23395,0
23397,0
23401,0
23405,0
23411,0
23413,0
23417,0
23423,0
23425,0
23431,0
23433,0
23439,0
23441,0
23447,0
23449,0
23455,0
23457,0
23463,0
23465,0
23471,0
23473,0
23479,0
23483,0
23485,0
23491,0
23493,0
23499,0
23501,0
23507,0
23509,0
23515,0
23517,0
23523,0
23525,0
23531,0
23535,0
23537,0
23543,0
23547,0
23551,0
23555,0
23559,0
23561,0
23567,0
23569,0
23575,0
23579,0
23583,0
23587,0
23591,0
23595,0
23597,0
23601,0
23607,0
23609,0
23615,0
23617,0
23623,0
23625,0
23631,0
23635,0
23637,0
23643,0
23645,0
23651,0
23655,0
23657,0
23663,0
23665,0
23669,0
23675,0
23677,0
23683,0
23685,0
23691,0
23693,0
23699,0
23701,0
23707,0
23709,0
23715,0
23717,0
23723,0
23725,0
23731,0
23733,0
23739,0
23741,0
23747,0
23751,0
23753,0
23759,0
23761,0
23767,0
23769,0
23775,0
23777,0
23783,0
23785,0
23791,0
23793,0
23799,0
23801,0
23807,0
23809,0
23815,0
23817,0
23823,0
23825,0
23831,0
23833,0
23839,0
23841,0
23847,0
23849,0
23855,0
23857,0
23863,0
23865,0
23871,0
23873,0
23879,0
23881,0
23887,0
23889,0
23895,0
23897,0
23903,0
23905,0
23911,0
23913,0
23919,0
23921,0
23927,0
23929,0
23935,0
23937,0
23943,0
23945,0
23951,0
23953,0
23959,0
23963,0
23965,0
23971,0
23973,0
23979,0
23981,0
23987,0
23989,0
23995,0
23997,0
24003,0
24005,0
24011,0
24013,0
24019,0
24021,0
24027,0
24029,0
24035,0
24037,0
24043,0
24045,0
24051,0
24053,0
24059,0
24061,0
24067,0
24069,0
24073,0
24079,0
24081,0
24087,0
24089,0
24095,0
24097,0
24103,0
24105,0
24111,0
24113,0
24119,0
24121,0
24127,0
24129,0
24135,0
24137,0
24143,0
24145,0
24151,0
24153,0
24159,0
24161,0
24167,0
24169,0
24175,0
24177,0
24183,0
24185,0
24191,0
24193,0
24197,0
24203,0
24205,0
24211,0
24213,0
24219,0
24221,0
24227,0
24229,0
24235,0
24237,0
24243,0
24245,0
24251,0
24253,0
24259,0
24261,0
24267,0
24269,0
24275,0
24277,0
24283,0
24285,0
24291,0
24293,0
24299,0
24301,0
24307,0
24309,0
24313,0
24319,0
24321,0
24327,0
24329,0
24335,0
24337,0
24341,0
24347,0
24349,0
24355,0
24357,0
24363,0
24365,0
24371,0
24373,0
24379,0
24381,0
24385,0
24391,0
24393,0
24399,0
24401,0
24407,0
24409,0
24413,0
24419,0
24421,0
24427,0
24429,0
24435,0
24437,0
24443,0
24445,0
24451,0
24453,0
24459,0
24461,0
24467,0
24469,0
24475,0
24477,0
24483,0
24485,0
24489,0
24495,0
24497,0
24503,0
24505,0
24511,0
24513,0
24519,0
24521,0
24527,0
24529,0
24533,0
24539,0
24541,0
24547,0
24549,0
24555,0
24557,0
24563,0
24565,0
24571,0
24573,0
24579,0
24581,0
24587,0
24589,0
24595,0
24597,0
24603,0
24605,0
24611,0
24613,0
24619,0
24621,0
24625,0
24631,0
24633,0
24639,0
24641,0
24647,0
24649,0
24655,0
24657,0
24663,0
24665,0
24669,0
24675,0
24677,0
24683,0
24685,0
24691,0
24693,0
24699,0
24701,0
24707,0
24709,0
24715,0
24717,0
24723,0
24727,0
24729,0
24735,0
24737,0
24741,0
24745,0
24751,0
24753,0
24759,0
24761,0
24767,0
24769,0
24775,0
24777,0
24781,0
24785,0
24791,0
24793,0
24799,0
24801,0
24805,0
24811,0
24813,0
24817,0
24823,0
24825,0
24831,0
24833,0
24839,0
24841,0
24847,0
24851,0
24853,0
24859,0
24861,0
24867,0
24869,0
24875,0
24877,0
24883,0
24885,0
24889,0
24893,0
24897,0
24901,0
24905,0
24911,0
24913,0
24917,0
24921,0
24927,0
24929,0
24935,0
24937,0
24941,0
24945,0
24951,0
24953,0
24959,0
24961,0
24967,0
24969,0
24975,0
24977,0
24983,0
24985,0
24991,0
24993,0
24997,0
25003,0
25005,0
25011,0
25013,0
25019,0
25021,0
25027,0
25029,0
25033,0
25039,0
25041,0
25047,0
25049,0
25053,0
25059,0
25061,0
25065,0
25071,0
25073,0
25079,0
25081,0
25087,0
25089,0
25095,0
25097,0
25103,0
25105,0
25111,0
25113,0
25119,0
25121,0
25127,0
25131,0
25133,0
25139,0
25141,0
25147,0
25149,0
25155,0
25157,0
25163,0
25165,0
25171,0
25173,0
25179,0
25181,0
25187,0
25189,0
25195,0
25197,0
25203,0
25205,0
25211,0
25213,0
25219,0
25221,0
25227,0
25229,0
25235,0
25237,0
25243,0
25245,0
25251,0
25253,0
25259,0
25261,0
25267,0
25269,0
25275,0
25277,0
25283,0
25285,0
25291,0
25293,0
25299,0
25301,0
25307,0
25309,0
25315,0
25317,0
25323,0
25325,0
25331,0
25333,0
25339,0
25341,0
25347,0
25349,0
25355,0
25357,0
25363,0
25365,0
25371,0
25373,0
25379,0
25381,0
25387,0
25389,0
25395,0
25397,0
25403,0
25405,0
25411,0
25413,0
25419,0
25421,0
25425,0
25431,0
25435,0
25437,0
25443,0
25445,0
25451,0
25453,0
25459,0
25461,0
25465,0
25471,0
25473,0
25479,0
25481,0
25487,0
25489,0
25495,0
25497,0
25503,0
25505,0
25511,0
25513,0
25519,0
25521,0
25525,0
25531,0
25533,0
25539,0
25541,0
25547,0
25549,0
25553,0
25559,0
25561,0
25565,0
25571,0
25573,0
25579,0
25581,0
25587,0
25589,0
25595,0
25597,0
25603,0
25607,0
25609,0
25615,0
25617,0
25623,0
25625,0
25631,0
25633,0
25639,0
25641,0
25647,0
25649,0
25655,0
25657,0
25663,0
25665,0
25671,0
25673,0
25679,0
25681,0
25685,0
25691,0
25693,0
25697,0
25703,0
25705,0
25711,0
25713,0
25719,0
25721,0
25727,0
25729,0
25735,0
25737,0
25743,0
25745,0
25749,0
25755,0
25757,0
25763,0
25765,0
25771,0
25773,0
25777,0
25781,0
25787,0
25789,0
25795,0
25797,0
25803,0
25805,0
25811,0
25813,0
25819,0
25821,0
25827,0
25829,0
25835,0
25837,0
25843,0
25847,0
25849,0
25855,0
25857,0
25863,0
25865,0
25871,0
25873,0
25879,0
25881,0
25887,0
25889,0
25895,0
25897,0
25903,0
25905,0
25911,0
25913,0
25919,0
25921,0
25927,0
25929,0
25935,0
25937,0
25941,0
25947,0
25949,0
25955,0
25957,0
25963,0
25965,0
25971,0
25973,0
25979,0
25983,0
25985,0
25991,0
25993,0
25999,0
26001,0
26005,0
26011,0
26013,0
26019,0
26023,0
26025,0
26031,0
26033,0
26039,0
26041,0
26047,0
26049,0
26055,0
26057,0
26063,0
26065,0
26069,0
26075,0
26077,0
26083,0
26085,0
26091,0
26093,0
26099,0
26101,0
26107,0
26109,0
26115,0
26117,0
26123,0
26125,0
26131,0
26133,0
26139,0
26141,0
26147,0
26149,0
26155,0
26159,0
26161,0
26167,0
26171,0
26173,0
26179,0
26181,0
26187,0
26189,0
26195,0
26197,0
26203,0
26205,0
26211,0
26213,0
26219,0
26221,0
26227,0
26229,0
26235,0
26237,0
26241,0
26247,0
26249,0
26255,0
26257,0
26263,0
26265,0
26271,0
26273,0
26279,0
26281,0
26287,0
26289,0
26295,0
26297,0
26303,0
26305,0
26311,0
26313,0
26319,0
26321,0
26327,0
26329,0
26335,0
26337,0
26343,0
26345,0
26351,0
26353,0
26359,0
26363,0
26365,0
26371,0
26373,0
26379,0
26381,0
26387,0
26389,0
26395,0
26397,0
26403,0
26405,0
26409,0
26415,0
26417,0
26421,0
26427,0
26431,0
26433,0
26439,0
26441,0
26447,0
26449,0
26455,0
26457,0
26461,0
26465,0
26471,0
26473,0
26479,0
26481,0
26485,0
26491,0
26493,0
26499,0
26501,0
26507,0
26509,0
26515,0
26517,0
26521,0
26527,0
26529,0
26535,0
26537,0
26543,0
26545,0
26551,0
26555,0
26557,0
26563,0
26565,0
26571,0
26573,0
26579,0
26581,0
26587,0
26589,0
26595,0
26597,0
26603,0
26605,0
26611,0
26613,0
26619,0
26621,0
26627,0
26629,0
26635,0
26637,0
26643,0
26645,0
26651,0
26653,0
26657,0
26663,0
26665,0
26671,0
26673,0
26679,0
26681,0
26687,0
26689,0
26695,0
26697,0
26703,0
26705,0
26711,0
26713,0
26719,0
26721,0
26725,0
26731,0
26733,0
26737,0
26743,0
26745,0
26751,0
26753,0
26757,0
26763,0
26765,0
26771,0
26773,0
26779,0
26781,0
26787,0
26789,0
26795,0
26797,0
26803,0
26805,0
26811,0
26813,0
26817,0
26823,0
26825,0
26831,0
26833,0
26839,0
26841,0
26847,0
26849,0
26855,0
26857,0
26863,0
26865,0
26871,0
26873,0
26879,0
26881,0
26887,0
26889,0
26895,0
26897,0
26903,0
26905,0
26911,0
26913,0
26919,0
26921,0
26927,0
26929,0
26935,0
26937,0
26943,0
26945,0
26951,0
26953,0
26959,0
26961,0
26967,0
26969,0
26975,0
26977,0
26983,0
26985,0
26991,0
26993,0
26999,0
27001,0
27005,0
27011,0
27013,0
27019,0
27021,0
27027,0
27029,0
27035,0
27037,0
27043,0
27045,0
27051,0
27053,0
27059,0
27061,0
27067,0
27069,0
27075,0
27077,0
27083,0
27085,0
27091,0
27093,0
27099,0
27103,0
27105,0
27111,0
27113,0
27117,0
27123,0
27125,0
27131,0
27133,0
27139,0
27143,0
27145,0
27151,0
27153,0
27159,0
27161,0
27165,0
27171,0
27173,0
27179,0
27181,0
27187,0
27189,0
27193,0
27199,0
27201,0
27207,0
27209,0
27215,0
27217,0
27223,0
27225,0
27231,0
27233,0
27239,0
27241,0
27247,0
27249,0
27255,0
27257,0
27263,0
27265,0
27271,0
27273,0
27279,0
27281,0
27287,0
27289,0
27295,0
27297,0
27303,0
27305,0
27311,0
27313,0
27319,0
27321,0
27327,0
27329,0
27335,0
27337,0
27343,0
27345,0
27351,0
27353,0
27359,0
27361,0
27367,0
27369,0
27375,0
27379,0
27381,0
27387,0
27389,0
27395,0
27397,0
27403,0
27405,0
27411,0
27413,0
27419,0
27421,0
27427,0
27429,0
27435,0
27437,0
27443,0
27445,0
27451,0
27453,0
27457,0
27463,0
27467,0
27469,0
27475,0
27477,0
27483,0
27485,0
27491,0
27493,0
27499,0
27501,0
27507,0
27509,0
27515,0
27517,0
27523,0
27525,0
27531,0
27533,0
27539,0
27541,0
27547,0
27549,0
27555,0
27557,0
27563,0
27565,0
27571,0
27573,0
27579,0
27581,0
27587,0
27589,0
27595,0
27597,0
27603,0
27605,0
27609,0
27615,0
27617,0
27623,0
27625,0
27631,0
27633,0
27639,0
27641,0
27647,0
27649,0
27655,0
27657,0
27663,0
27665,0
27671,0
27673,0
27677,0
27683,0
27685,0
27691,0
27693,0
27699,0
27703,0
27705,0
27711,0
27713,0
27719,0
27721,0
27727,0
27731,0
27733,0
27739,0
27741,0
27747,0
27749,0
27755,0
27757,0
27763,0
27765,0
27771,0
27773,0
27779,0
27781,0
27785,0
27791,0
27793,0
27797,0
27801,0
27807,0
27811,0
27813,0
27819,0
27821,0
27825,0
27831,0
27833,0
27839,0
27841,0
27847,0
27849,0
27855,0
27857,0
27863,0
27865,0
27869,0
27875,0
27879,0
27881,0
27887,0
27889,0
27895,0
27897,0
27903,0
27905,0
27911,0
27913,0
27919,0
27921,0
27927,0
27929,0
27935,0
27937,0
27943,0
27945,0
27951,0
27953,0
27959,0
27961,0
27967,0
27969,0
27975,0
27977,0
27983,0
27985,0
27991,0
27993,0
27999,0
28001,0
28007,0
28009,0
28015,0
28017,0
28023,0
28025,0
28031,0
28033,0
28039,0
28041,0
28047,0
28049,0
28053,0
28059,0
28061,0
28067,0
28069,0
28075,0
28077,0
28083,0
28085,0
28091,0
28093,0
28099,0
28101,0
28107,0
28109,0
28115,0
28117,0
28123,0
28125,0
28131,0
28133,0
28139,0
28141,0
28147,0
28149,0
28155,0
28157,0
28163,0
28165,0
28171,0
28173,0
28179,0
28181,0
28187,0
28189,0
28195,0
28197,0
28203,0
28205,0
28211,0
28213,0
28219,0
28221,0
28227,0
28229,0
28235,0
28237,0
28243,0
28245,0
28251,0
28253,0
28259,0
28261,0
28267,0
28269,0
28275,0
28277,0
28283,0
28285,0
28291,0
28293,0
28299,0
28301,0
28307,0
28309,0
28315,0
28319,0
28321,0
28325,0
28331,0
28333,0
28339,0
28341,0
28347,0
28349,0
28355,0
28357,0
28363,0
28365,0
28371,0
28373,0
28379,0
28381,0
28385,0
28391,0
28393,0
28397,0
28403,0
28405,0
28409,0
28415,0
28417,0
28423,0
28425,0
28431,0
28433,0
28439,0
28441,0
28447,0
28449,0
28455,0
28457,0
28463,0
28465,0
28471,0
28473,0
28477,0
28483,0
28485,0
28491,0
28493,0
28499,0
28501,0
28507,0
28509,0
28513,0
28519,0
28521,0
28525,0
28529,0
28533,0
28539,0
28541,0
28547,0
28549,0
28555,0
28557,0
28563,0
28565,0
28571,0
28573,0
28579,0
28581,0
28585,0
28591,0
28593,0
28599,0
28601,0
28605,0
28611,0
28613,0
28619,0
28621,0
28625,0
28631,0
28633,0
28637,0
28643,0
28645,0
28651,0
28653,0
28659,0
28661,0
28667,0
28669,0
28675,0
28677,0
28683,0
28685,0
28691,0
28693,0
28699,0
28701,0
28705,0
28711,0
28713,0
28719,0
28721,0
28727,0
28729,0
28735,0
28737,0
28743,0
28745,0
28751,0
28753,0
28759,0
28761,0
28767,0
28769,0
28775,0
28777,0
28783,0
28785,0
28791,0
28793,0
28799,0
28801,0
28807,0
28809,0
28813,0
28819,0
28821,0
28827,0
28829,0
28833,0
28839,0
28841,0
28847,0
28849,0
28853,0
28859,0
28861,0
28867,0
28869,0
28875,0
28877,0
28883,0
28885,0
28891,0
28893,0
28899,0
28901,0
28907,0
28909,0
28913,0
28919,0
28921,0
28927,0
28929,0
28935,0
28937,0
28941,0
28947,0
28949,0
28955,0
28957,0
28961,0
28967,0
28969,0
28975,0
28977,0
28983,0
28985,0
28991,0
28993,0
28997,0
29001,0
29005,0
29011,0
29013,0
29017,0
29021,0
29027,0
29029,0
29035,0
29037,0
29043,0
29045,0
29051,0
29053,0
29057,0
29061,0
29065,0
29071,0
29073,0
29079,0
29081,0
29087,0
29089,0
29095,0
29097,0
29103,0
29105,0
29111,0
29113,0
29119,0
29121,0
29127,0
29129,0
29135,0
29137,0
29143,0
29145,0
29151,0
29153,0
29159,0
29161,0
29167,0
29169,0
29175,0
29177,0
29181,0
29187,0
29189,0
29193,0
29199,0
29201,0
29207,0
29209,0
29215,0
29217,0
29223,0
29225,0
29231,0
29233,0
29239,0
29241,0
29247,0
29249,0
29255,0
29257,0
29263,0
29265,0
29271,0
29273,0
29279,0
29281,0
29287,0
29289,0
29295,0
29297,0
29303,0
29305,0
29311,0
29313,0
29319,0
29323,0
29325,0
29331,0
29333,0
29339,0
29341,0
29347,0
29349,0
29355,0
29357,0
29363,0
29367,0
29369,0
29373,0
29377,0
29383,0
29385,0
29391,0
29393,0
29397,0
29403,0
29407,0
29409,0
29415,0
29417,0
29423,0
29425,0
29431,0
29433,0
29437,0
29441,0
29447,0
29451,0
29453,0
29459,0
29461,0
29465,0
29471,0
29473,0
29479,0
29481,0
29487,0
29491,0
29493,0
29497,0
29503,0
29507,0
29511,0
29513,0
29519,0
29521,0
29525,0
29531,0
29533,0
29537,0
29543,0
29545,0
29551,0
29553,0
29559,0
29561,0
29567,0
29571,0
29573,0
29579,0
29581,0
29585,0
29591,0
29593,0
29597,0
29601,0
29607,0
29609,0
29615,0
29619,0
29623,0
29625,0
29631,0
29633,0
29639,0
29641,0
29647,0
29649,0
29655,0
29657,0
29663,0
29667,0
29669,0
29675,0
29677,0
29683,0
29685,0
29691,0
29693,0
29699,0
29701,0
29707,0
29709,0
29715,0
29717,0
29723,0
29725,0
29731,0
29733,0
29739,0
29741,0
29747,0
29749,0
29755,0
29757,0
29763,0
29765,0
29771,0
29773,0
29779,0
29781,0
29787,0
29789,0
29795,0
29797,0
29803,0
29805,0
29811,0
29813,0
29819,0
29821,0
29827,0
29829,0
29835,0
29837,0
29843,0
29847,0
29849,0
29855,0
29857,0
29861,0
29867,0
29869,0
29875,0
29877,0
29883,0
29885,0
29889,0
29895,0
29897,0
29903,0
29905,0
29911,0
29913,0
29919,0
29921,0
29927,0
29929,0
29935,0
29937,0
29943,0
29947,0
29949,0
29955,0
29957,0
29963,0
29965,0
29971,0
29973,0
29977,0
29983,0
29985,0
29991,0
29993,0
29999,0
30001,0
30007,0
30009,0
30015,0
30017,0
30023,0
30027,0
30029,0
30035,0
30037,0
30043,0
30045,0
30051,0
30055,0
30057,0
30061,0
30067,0
30069,0
30075,0
30077,0
30083,0
30085,0
30091,0
30093,0
30097,0
30103,0
30107,0
30111,0
30113,0
30119,0
30121,0
30127,0
30129,0
30135,0
30137,0
30143,0
30145,0
30151,0
30153,0
30159,0
30163,0
30165,0
30171,0
30175,0
30177,0
30183,0
30185,0
30191,0
30193,0
30199,0
30201,0
30207,0
30209,0
30215,0
30219,0
30221,0
30227,0
30229,0
30235,0
30237,0
30243,0
30245,0
30251,0
30253,0
30257,0
30263,0
30265,0
30271,0
30273,0
30279,0
30281,0
30287,0
30289,0
30295,0
30297,0
30303,0
30305,0
30311,0
30313,0
30319,0
30321,0
30327,0
30329,0
30335,0
30337,0
30343,0
30345,0
30351,0
30353,0
30359,0
30361,0
30367,0
30369,0
30375,0
30377,0
30383,0
30385,0
30391,0
30393,0
30399,0
30401,0
30407,0
30409,0
30415,0
30417,0
30423,0
30425,0
30431,0
30433,0
30439,0
30441,0
30447,0
30449,0
30455,0
30457,0
30463,0
30465,0
30471,0
30473,0
30479,0
30481,0
30487,0
30489,0
30495,0
30497,0
30503,0
30505,0
30511,0
30513,0
30519,0
30521,0
30527,0
30529,0
30535,0
30537,0
30543,0
30545,0
30551,0
30553,0
30559,0
30561,0
30567,0
30569,0
30575,0
30577,0
30583,0
30585,0
30591,0
30593,0
30599,0
30601,0
30605,0
30611,0
30613,0
30619,0
30621,0
30627,0
30629,0
30635,0
30637,0
30641,0
30647,0
30649,0
30655,0
30657,0
30663,0
30665,0
30671,0
30673,0
30679,0
30681,0
30687,0
30689,0
30695,0
30697,0
30703,0
30705,0
30711,0
30713,0
30719,0
30721,0
30725,0
30731,0
30733,0
30739,0
30741,0
30747,0
30749,0
30755,0
30759,0
30761,0
30767,0
30769,0
30775,0
30777,0
30783,0
30785,0
30791,0
30793,0
30797,0
30801,0
30805,0
30811,0
30815,0
30819,0
30823,0
30825,0
30831,0
30833,0
30837,0
30843,0
30845,0
30851,0
30853,0
30859,0
30861,0
30865,0
30871,0
30873,0
30879,0
30883,0
30885,0
30891,0
30893,0
30899,0
30901,0
30907,0
30909,0
30915,0
30917,0
30923,0
30925,0
30931,0
30933,0
30939,0
30941,0
30947,0
30949,0
30955,0
30957,0
30963,0
30965,0
30971,0
30973,0
30979,0
30981,0
30987,0
30989,0
30995,0
30997,0
31003,0
31005,0
31011,0
31013,0
31019,0
31021,0
31027,0
31029,0
31035,0
31037,0
31043,0
31045,0
31051,0
31053,0
31059,0
31061,0
31067,0
31069,0
31075,0
31077,0
31083,0
31085,0
31091,0
31093,0
31099,0
31101,0
31105,0
31111,0
31113,0
31119,0
31121,0
31127,0
31129,0
31135,0
31137,0
31143,0
31145,0
31151,0
31153,0
31157,0
31161,0
31167,0
31169,0
31173,0
31177,0
31181,0
31187,0
31189,0
31193,0
31199,0
31203,0
31205,0
31211,0
31213,0
31219,0
31221,0
31227,0
31229,0
31235,0
31237,0
31243,0
31245,0
31251,0
31255,0
31257,0
31263,0
31265,0
31271,0
31273,0
31279,0
31281,0
31285,0
31291,0
31293,0
31299,0
31301,0
31307,0
31309,0
31315,0
31317,0
31323,0
31325,0
31331,0
31333,0
31339,0
31341,0
31345,0
31351,0
31353,0
31357,0
31361,0
31365,0
31369,0
31373,0
31379,0
31381,0
31385,0
31389,0
31393,0
31397,0
31401,0
31405,0
31411,0
31413,0
31419,0
31421,0
31427,0
31429,0
31435,0
31437,0
31443,0
31445,0
31451,0
31453,0
31459,0
31461,0
31465,0
31471,0
31473,0
31479,0
31481,0
31487,0
31489,0
31495,0
31497,0
31501,0
31507,0
31509,0
31515,0
31517,0
31521,0
31527,0
31529,0
31535,0
31537,0
31543,0
31545,0
31551,0
31553,0
31559,0
31561,0
31565,0
31571,0
31573,0
31579,0
31581,0
31585,0
31591,0
31593,0
31597,0
31601,0
31605,0
31611,0
31613,0
31619,0
31623,0
31625,0
31631,0
31633,0
31639,0
31641,0
31647,0
31649,0
31655,0
31657,0
31663,0
31665,0
31671,0
31673,0
31679,0
31681,0
31687,0
31689,0
31695,0
31697,0
31703,0
31705,0
31711,0
31713,0
31719,0
31723,0
31725,0
31731,0
31733,0
31739,0
31741,0
31747,0
31749,0
31755,0
31757,0
31763,0
31765,0
31769,0
31775,0
31779,0
31781,0
31785,0
31791,0
31793,0
31799,0
31801,0
31807,0
31809,0
31813,0
31819,0
31821,0
31827,0
31829,0
31835,0
31839,0
31843,0
31845,0
31851,0
31855,0
31857,0
31863,0
31865,0
31871,0
31873,0
31879,0
31881,0
31887,0
31889,0
31895,0
31897,0
31903,0
31905,0
31911,0
31913,0
31919,0
31921,0
31927,0
31929,0
31935,0
31937,0
31943,0
31945,0
31951,0
31953,0
31959,0
31961,0
31967,0
31969,0
31975,0
31977,0
31983,0
31985,0
31991,0
31993,0
31999,0
32001,0
32007,0
32009,0
32015,0
32017,0
32023,0
32025,0
32031,0
32033,0
32037,0
32043,0
32045,0
32049,0
32055,0
32059,0
32061,0
32067,0
32069,0
32075,0
32077,0
32081,0
32087,0
32091,0
32093,0
32099,0
32101,0
32107,0
32109,0
32115,0
32117,0
32123,0
32125,0
32131,0
32133,0
32139,0
32141,0
32147,0
32149,0
32155,0
32157,0
32161,0
32167,0
32169,0
32175,0
32177,0
32183,0
32185,0
32191,0
32195,0
32199,0
32201,0
32205,0
32211,0
32213,0
32219,0
32221,0
32227,0
32229,0
32235,0
32237,0
32243,0
32245,0
32251,0
32253,0
32259,0
32261,0
32267,0
32269,0
32275,0
32277,0
32283,0
32285,0
32291,0
32295,0
32297,0
32303,0
32305,0
32311,0
32313,0
32319,0
32321,0
32327,0
32331,0
32333,0
32337,0
32343,0
32345,0
32349,0
32355,0
32357,0
32363,0
32365,0
32371,0
32373,0
32379,0
32383,0
32385,0
32391,0
32393,0
32399,0
32401,0
32407,0
32409,0
32413,0
32419,0
32421,0
32427,0
32429,0
32433,0
32439,0
32441,0
32447,0
32449,0
32453,0
32459,0
32461,0
32467,0
32469,0
32473,0
32477,0
32481,0
32487,0
32489,0
32495,0
32497,0
32503,0
32505,0
32511,0
32513,0
32519,0
32521,0
32527,0
32529,0
32535,0
32537,0
32543,0
32545,0
32549,0
32555,0
32557,0
32561,0
32567,0
32569,0
32575,0
32577,0
32583,0
32585,0
32591,0
32593,0
32599,0
32601,0
32607,0
32609,0
32615,0
32617,0
32623,0
32625,0
32631,0
32633,0
32639,0
32641,0
32647,0
32649,0
32653,0
32659,0
32661,0
32667,0
32669,0
32675,0
32677,0
32683,0
32685,0
32691,0
32693,0
32699,0
32701,0
32707,0
32709,0
32715,0
32717,0
32723,0
32725,0
32729,0
32735,0
32737,0
32743,0
32745,0
32751,0
32753,0
32759,0
32761,0
32767,0
32771,0
32773,0
32779,0
32781,0
32787,0
32789,0
32795,0
32797,0
32803,0
32805,0
32809,0
32815,0
32817,0
32823,0
32825,0
32831,0
32833,0
32837,0
32843,0
32845,0
32851,0
32853,0
32859,0
32861,0
32865,0
32869,0
32875,0
32877,0
32883,0
32885,0
32891,0
32893,0
32899,0
32901,0
32907,0
32911,0
32913,0
32919,0
32921,0
32927,0
32929,0
32935,0
32937,0
32943,0
32945,0
32951,0
32953,0
32957,0
32963,0
32965,0
32969,0
32973,0
32979,0
32981,0
32987,0
32989,0
32995,0
32997,0
33003,0
33005,0
33009,0
33013,0
33017,0
33023,0
33027,0
33029,0
33035,0
33039,0
33041,0
33047,0
33049,0
33055,0
33057,0
33063,0
33067,0
33069,0
33075,0
33077,0
33083,0
33087,0
33089,0
33095,0
33097,0
33103,0
33105,0
33111,0
33113,0
33117,0
33121,0
33127,0
33129,0
33135,0
33137,0
33143,0
33145,0
33149,0
33153,0
33159,0
33161,0
33167,0
33169,0
33173,0
33179,0
33181,0
33187,0
33189,0
33195,0
33197,0
33203,0
33205,0
33211,0
33213,0
33219,0
33221,0
33225,0
33231,0
33233,0
33239,0
33241,0
33247,0
33249,0
33255,0
33257,0
33263,0
33265,0
33271,0
33273,0
33279,0
33281,0
33287,0
33289,0
33295,0
33297,0
33303,0
33305,0
33311,0
33313,0
33319,0
33321,0
33327,0
33329,0
33335,0
33337,0
33343,0
33345,0
33351,0
33353,0
33359,0
33361,0
33367,0
33369,0
33375,0
33377,0
33383,0
33385,0
33391,0
33393,0
33397,0
33403,0
33405,0
33411,0
33413,0
33419,0
33421,0
33425,0
33431,0
33435,0
33437,0
33443,0
33445,0
33449,0
33455,0
33457,0
33463,0
33465,0
33471,0
33473,0
33477,0
33483,0
33485,0
33491,0
33493,0
33497,0
33501,0
33505,0
33511,0
33515,0
33517,0
33523,0
33525,0
33531,0
33533,0
33539,0
33541,0
33545,0
33551,0
33553,0
33559,0
33561,0
33567,0
33569,0
33575,0
33577,0
33583,0
33585,0
33591,0
33593,0
33599,0
33601,0
33605,0
33609,0
33615,0
33617,0
33623,0
33625,0
33631,0
33635,0
33637,0
33641,0
33647,0
33649,0
33653,0
33659,0
33661,0
33667,0
33669,0
33675,0
33677,0
33683,0
33685,0
33689,0
33695,0
33697,0
33701,0
33707,0
33709,0
33715,0
33717,0
33723,0
33725,0
33731,0
33733,0
33739,0
33741,0
33747,0
33751,0
33753,0
33759,0
33761,0
33767,0
33769,0
33775,0
33777,0
33783,0
33785,0
33791,0
33793,0
33799,0
33801,0
33807,0
33809,0
33815,0
33819,0
33821,0
33827,0
33831,0
33833,0
33839,0
33841,0
33847,0
33849,0
33855,0
33857,0
33863,0
33865,0
33871,0
33873,0
33879,0
33881,0
33885,0
33889,0
33893,0
33899,0
33901,0
33907,0
33909,0
33915,0
33919,0
33921,0
33927,0
33929,0
33935,0
33937,0
33943,0
33945,0
33951,0
33953,0
33959,0
33961,0
33967,0
33969,0
33975,0
33979,0
33981,0
33987,0
33989,0
33995,0
33997,0
34001,0
34007,0
34009,0
34015,0
34017,0
34023,0
34025,0
34031,0
34033,0
34039,0
34041,0
34047,0
34051,0
34053,0
34059,0
34061,0
34067,0
34071,0
34073,0
34079,0
34081,0
34085,0
34089,0
34093,0
34099,0
34101,0
34107,0
34109,0
34115,0
34117,0
34123,0
34125,0
34131,0
34133,0
34139,0
34141,0
34147,0
34149,0
34155,0
34157,0
34163,0
34165,0
34171,0
34173,0
34177,0
34183,0
34187,0
34189,0
34195,0
34197,0
34203,0
34205,0
34211,0
34213,0
34219,0
34223,0
34227,0
34229,0
34235,0
34239,0
34241,0
34247,0
34249,0
34255,0
34257,0
34263,0
34267,0
34269,0
34275,0
34277,0
34283,0
34285,0
34291,0
34293,0
34299,0
34301,0
34307,0
34311,0
34315,0
34319,0
34323,0
34327,0
34329,0
34333,0
34339,0
34341,0
34347,0
34349,0
34355,0
34357,0
34363,0
34367,0
34369,0
34375,0
34377,0
34383,0
34385,0
34391,0
34393,0
34399,0
34401,0
34407,0
34409,0
34415,0
34417,0
34421,0
34427,0
34429,0
34435,0
34437,0
34443,0
34445,0
34451,0
34453,0
34457,0
34463,0
34465,0
34471,0
34473,0
34479,0
34481,0
34487,0
34491,0
34495,0
34497,0
34501,0
34507,0
34509,0
34515,0
34517,0
34523,0
34525,0
34531,0
34533,0
34539,0
34541,0
34545,0
34549,0
34555,0
34557,0
34561,0
34567,0
34569,0
34575,0
34577,0
34583,0
34585,0
34591,0
34593,0
34599,0
34603,0
34605,0
34611,0
34613,0
34619,0
34621,0
34627,0
34629,0
34635,0
34637,0
34643,0
34647,0
34649,0
34655,0
34657,0
34663,0
34665,0
34671,0
34673,0
34679,0
34681,0
34687,0
34689,0
34695,0
34697,0
34703,0
34705,0
34711,0
34713,0
34719,0
34721,0
34727,0
34729,0
34735,0
34737,0
34743,0
34745,0
34751,0
34753,0
34759,0
34761,0
34767,0
34769,0
34775,0
34777,0
34783,0
34785,0
34791,0
34795,0
34797,0
34801,0
34807,0
34809,0
34815,0
34817,0
34823,0
34825,0
34831,0
34835,0
34837,0
34841,0
34847,0
34851,0
34853,0
34859,0
34861,0
34865,0
34871,0
34873,0
34879,0
34883,0
34887,0
34889,0
34895,0
34897,0
34903,0
34905,0
34909,0
34915,0
34917,0
34923,0
34925,0
34929,0
34935,0
34939,0
34941,0
34947,0
34949,0
34955,0
34957,0
34963,0
34965,0
34971,0
34973,0
34979,0
34981,0
34987,0
34989,0
34995,0
34999,0
35001,0
35007,0
35011,0
35013,0
35019,0
35021,0
35025,0
35031,0
35033,0
35039,0
35041,0
35047,0
35049,0
35053,0
35059,0
35063,0
35065,0
35071,0
35075,0
35079,0
35081,0
35087,0
35089,0
35095,0
35099,0
35103,0
35105,0
35111,0
35113,0
35119,0
35121,0
35127,0
35129,0
35135,0
35137,0
35143,0
35145,0
35151,0
35153,0
35159,0
35161,0
35167,0
35169,0
35175,0
35177,0
35183,0
35185,0
35191,0
35193,0
35199,0
35201,0
35207,0
35209,0
35215,0
35217,0
35223,0
35225,0
35231,0
35233,0
35239,0
35241,0
35247,0
35251,0
35253,0
35257,0
35263,0
35265,0
35271,0
35273,0
35279,0
35281,0
35285,0
35289,0
35295,0
35297,0
35303,0
35305,0
35309,0
35315,0
35317,0
35323,0
35325,0
35329,0
35333,0
35339,0
35341,0
35347,0
35349,0
35355,0
35357,0
35363,0
35365,0
35369,0
35375,0
35377,0
35383,0
35385,0
35391,0
35393,0
35399,0
35401,0
35407,0
35409,0
35415,0
35417,0
35421,0
35427,0
35429,0
35435,0
35437,0
35443,0
35445,0
35451,0
35453,0
35457,0
35463,0
35467,0
35469,0
35475,0
35477,0
35483,0
35485,0
35489,0
35495,0
35497,0
35503,0
35505,0
35511,0
35513,0
35519,0
35521,0
35525,0
35531,0
35533,0
35539,0
35541,0
35547,0
35551,0
35553,0
35559,0
35561,0
35567,0
35569,0
35575,0
35577,0
35583,0
35585,0
35591,0
35593,0
35597,0
35603,0
35607,0
35609,0
35615,0
35617,0
35623,0
35625,0
35631,0
35633,0
35639,0
35641,0
35647,0
35649,0
35655,0
35657,0
35663,0
35665,0
35671,0
35673,0
35679,0
35681,0
35687,0
35689,0
35695,0
35697,0
35703,0
35705,0
35711,0
35713,0
35719,0
35721,0
35727,0
35729,0
35735,0
35737,0
35743,0
35745,0
35751,0
35753,0
35759,0
35761,0
35765,0
35771,0
35773,0
35779,0
35781,0
35787,0
35789,0
35795,0
35797,0
35803,0
35805,0
35811,0
35813,0
35817,0
35821,0
35827,0
35829,0
35835,0
35837,0
35841,0
35845,0
35851,0
35853,0
35857,0
35861,0
35865,0
35869,0
35873,0
35877,0
35881,0
35885,0
35889,0
35893,0
35897,0
35901,0
35905,0
35909,0
35915,0
35917,0
35923,0
35925,0
35931,0
35933,0
35939,0
35941,0
35947,0
35949,0
35955,0
35957,0
35963,0
35967,0
35969,0
35975,0
35977,0
35983,0
35987,0
35989,0
35995,0
35997,0
36003,0
36005,0
36011,0
36013,0
36019,0
36021,0
36027,0
36029,0
36035,0
36037,0
36041,0
36047,0
36049,0
36055,0
36057,0
36063,0
36065,0
36071,0
36073,0
36079,0
36081,0
36087,0
36089,0
36095,0
36097,0
36103,0
36105,0
36111,0
36113,0
36117,0
36123,0
36125,0
36129,0
36135,0
36137,0
36143,0
36145,0
36151,0
36153,0
36157,0
36163,0
36165,0
36171,0
36173,0
36177,0
36181,0
36187,0
36189,0
36195,0
36197,0
36203,0
36205,0
36209,0
36215,0
36217,0
36221,0
36225,0
36231,0
36233,0
36239,0
36241,0
36247,0
36251,0
36253,0
36259,0
36263,0
36265,0
36271,0
36273,0
36279,0
36281,0
36287,0
36289,0
36295,0
36297,0
36303,0
36305,0
36309,0
36315,0
36319,0
36321,0
36327,0
36329,0
36335,0
36337,0
36343,0
36345,0
36351,0
36353,0
36359,0
36361,0
36367,0
36369,0
36375,0
36379,0
36381,0
36387,0
36389,0
36395,0
36397,0
36403,0
36405,0
36411,0
36413,0
36419,0
36421,0
36427,0
36429,0
36435,0
36437,0
36443,0
36445,0
36451,0
36455,0
36457,0
36461,0
36467,0
36469,0
36473,0
36479,0
36481,0
36487,0
36489,0
36495,0
36497,0
36503,0
36507,0
36509,0
36515,0
36517,0
36523,0
36525,0
36531,0
36533,0
36539,0
36543,0
36545,0
36551,0
36553,0
36559,0
36561,0
36567,0
36569,0
36573,0
36579,0
36581,0
36587,0
36589,0
36595,0
36597,0
36603,0
36607,0
36609,0
36615,0
36617,0
36623,0
36625,0
36631,0
36633,0
36637,0
36643,0
36647,0
36649,0
36653,0
36659,0
36661,0
36667,0
36669,0
36675,0
36677,0
36681,0
36687,0
36689,0
36695,0
36697,0
36703,0
36705,0
36711,0
36713,0
36719,0
36721,0
36727,0
36729,0
36735,0
36737,0
36743,0
36745,0
36749,0
36755,0
36757,0
36763,0
36765,0
36769,0
36775,0
36777,0
36783,0
36785,0
36791,0
36795,0
36799,0
36801,0
36805,0
36809,0
36813,0
36819,0
36821,0
36827,0
36829,0
36835,0
36837,0
36843,0
36845,0
36851,0
36853,0
36859,0
36863,0
36865,0
36871,0
36875,0
36877,0
36883,0
36885,0
36891,0
36895,0
36897,0
36903,0
36905,0
36911,0
36915,0
36919,0
36921,0
36925,0
36931,0
36933,0
36939,0
36941,0
36947,0
36949,0
36955,0
36957,0
36963,0
36965,0
36971,0
36975,0
36977,0
36983,0
36987,0
36989,0
36995,0
36997,0
37001,0
37007,0
37009,0
37015,0
37017,0
37023,0
37025,0
37031,0
37033,0
37039,0
37041,0
37045,0
37051,0
37053,0
37059,0
37061,0
37067,0
37069,0
37075,0
37077,0
37083,0
37087,0
37089,0
37095,0
37097,0
37103,0
37105,0
37111,0
37113,0
37119,0
37121,0
37127,0
37129,0
37135,0
37137,0
37143,0
37145,0
37151,0
37155,0
37157,0
37163,0
37165,0
37171,0
37173,0
37179,0
37181,0
37185,0
37189,0
37195,0
37199,0
37201,0
37207,0
37209,0
37215,0
37217,0
37221,0
37225,0
37231,0
37233,0
37239,0
37241,0
37245,0
37251,0
37253,0
37259,0
37263,0
37265,0
37271,0
37273,0
37279,0
37281,0
37287,0
37289,0
37295,0
37297,0
37303,0
37307,0
37309,0
37313,0
37319,0
37321,0
37327,0
37329,0
37333,0
37339,0
37343,0
37345,0
37349,0
37355,0
37359,0
37361,0
37367,0
37369,0
37375,0
37377,0
37383,0
37387,0
37389,0
37395,0
37399,0
37401,0
37407,0
37409,0
37413,0
37417,0
37421,0
37425,0
37429,0
37433,0
37439,0
37441,0
37445,0
37449,0
37455,0
37457,0
37463,0
37465,0
37469,0
37475,0
37477,0
37483,0
37487,0
37489,0
37495,0
37499,0
37501,0
37507,0
37509,0
37515,0
37517,0
37523,0
37525,0
37531,0
37533,0
37537,0
37543,0
37545,0
37551,0
37555,0
37557,0
37563,0
37565,0
37569,0
37573,0
37579,0
37581,0
37585,0
37591,0
37593,0
37599,0
37601,0
37605,0
37609,0
37615,0
37617,0
37623,0
37625,0
37631,0
37633,0
37639,0
37641,0
37647,0
37651,0
37653,0
37659,0
37661,0
37665,0
37671,0
37675,0
37679,0
37681,0
37687,0
37689,0
37695,0
37699,0
37701,0
37707,0
37709,0
37715,0
37717,0
37721,0
37727,0
37729,0
37735,0
37739,0
37741,0
37747,0
37749,0
37755,0
37757,0
37763,0
37767,0
37769,0
37775,0
37777,0
37783,0
37785,0
37791,0
37793,0
37799,0
37801,0
37807,0
37809,0
37815,0
37819,0
37821,0
37827,0
37829,0
37835,0
37837,0
37843,0
37845,0
37849,0
37855,0
37857,0
37861,0
37867,0
37871,0
37873,0
37879,0
37881,0
37887,0
37889,0
37895,0
37897,0
37903,0
37905,0
37911,0
37915,0
37919,0
37921,0
37927,0
37929,0
37935,0
37937,0
37943,0
37947,0
37949,0
37955,0
37957,0
37963,0
37965,0
37971,0
37973,0
37977,0
37983,0
37985,0
37991,0
37993,0
37999,0
38001,0
38007,0
38009,0
38015,0
38017,0
38023,0
38025,0
38029,0
38033,0
38037,0
38043,0
38047,0
38049,0
38055,0
38057,0
38063,0
38065,0
38071,0
38073,0
38077,0
38081,0
38087,0
38089,0
38093,0
38097,0
38103,0
38107,0
38109,0
38115,0
38117,0
38123,0
38125,0
38131,0
38135,0
38137,0
38143,0
38145,0
38151,0
38153,0
38159,0
38161,0
38165,0
38171,0
38173,0
38179,0
38181,0
38187,0
38189,0
38195,0
38197,0
38201,0
38207,0
38209,0
38215,0
38217,0
38223,0
38225,0
38229,0
38233,0
38239,0
38241,0
38247,0
38249,0
38253,0
38259,0
38261,0
38265,0
38269,0
38273,0
38279,0
38281,0
38287,0
38289,0
38295,0
38297,0
38303,0
38305,0
38311,0
38313,0
38319,0
38321,0
38325,0
38329,0
38335,0
38337,0
38343,0
38345,0
38351,0
38353,0
38357,0
38361,0
38367,0
38369,0
38375,0
38379,0
38381,0
38387,0
38389,0
38395,0
38397,0
38403,0
38405,0
38411,0
38413,0
38419,0
38423,0
38425,0
38431,0
38433,0
38439,0
38441,0
38447,0
38451,0
38453,0
38459,0
38461,0
38467,0
38469,0
38475,0
38477,0
38483,0
38485,0
38491,0
38493,0
38499,0
38503,0
38505,0
38511,0
38513,0
38519,0
38521,0
38527,0
38529,0
38535,0
38537,0
38543,0
38547,0
38549,0
38555,0
38559,0
38563,0
38567,0
38571,0
38575,0
38577,0
38583,0
38585,0
38591,0
38595,0
38597,0
38603,0
38607,0
38609,0
38615,0
38617,0
38623,0
38627,0
38629,0
38635,0
38637,0
38643,0
38645,0
38651,0
38655,0
38657,0
38663,0
38665,0
38671,0
38673,0
38677,0
38681,0
38687,0
38689,0
38695,0
38699,0
38701,0
38705,0
38711,0
38713,0
38717,0
38723,0
38725,0
38729,0
38735,0
38737,0
38743,0
38747,0
38749,0
38755,0
38757,0
38761,0
38765,0
38771,0
38773,0
38777,0
38783,0
38785,0
38791,0
38793,0
38799,0
38801,0
38807,0
38809,0
38815,0
38819,0
38821,0
38827,0
38829,0
38833,0
38839,0
38841,0
38847,0
38849,0
38855,0
38857,0
38863,0
38865,0
38871,0
38875,0
38877,0
38881,0
38885,0
38889,0
38895,0
38897,0
38903,0
38905,0
38911,0
38913,0
38917,0
38921,0
38927,0
38929,0
38935,0
38937,0
38941,0
38947,0
38949,0
38955,0
38957,0
38963,0
38965,0
38971,0
38973,0
38979,0
38981,0
38987,0
38989,0
38995,0
38997,0
39003,0
39005,0
39009,0
39015,0
39017,0
39023,0
39027,0
39029,0
39035,0
39037,0
39043,0
39045,0
39051,0
39053,0
39059,0
39061,0
39067,0
39069,0
39075,0
39077,0
39083,0
39085,0
39091,0
39093,0
39099,0
39101,0
39105,0
39111,0
39113,0
39117,0
39121,0
39127,0
39129,0
39135,0
39137,0
39143,0
39145,0
39151,0
39153,0
39159,0
39161,0
39167,0
39169,0
39175,0
39177,0
39183,0
39185,0
39191,0
39193,0
39199,0
39201,0
39207,0
39209,0
39215,0
39217,0
39223,0
39225,0
39231,0
39233,0
39239,0
39241,0
39247,0
39249,0
39255,0
39257,0
39263,0
39265,0
39271,0
39273,0
39277,0
39281,0
39285,0
39291,0
39295,0
39297,0
39303,0
39305,0
39311,0
39315,0
39319,0
39321,0
39327,0
39329,0
39335,0
39337,0
39343,0
39345,0
39349,0
39353,0
39357,0
39363,0
39365,0
39369,0
39375,0
39379,0
39381,0
39387,0
39391,0
39393,0
39399,0
39401,0
39407,0
39411,0
39415,0
39417,0
39423,0
39425,0
39431,0
39433,0
39439,0
39441,0
39447,0
39451,0
39453,0
39459,0
39461,0
39467,0
39471,0
39473,0
39479,0
39481,0
39487,0
39489,0
39495,0
39497,0
39503,0
39505,0
39511,0
39513,0
39519,0
39521,0
39525,0
39531,0
39533,0
39539,0
39541,0
39547,0
39549,0
39555,0
39557,0
39561,0
39567,0
39571,0
39573,0
39577,0
39583,0
39587,0
39591,0
39595,0
39597,0
39603,0
39607,0
39609,0
39615,0
39617,0
39623,0
39625,0
39631,0
39633,0
39637,0
39643,0
39645,0
39651,0
39653,0
39659,0
39661,0
39665,0
39671,0
39673,0
39679,0
39681,0
39687,0
39689,0
39695,0
39697,0
39703,0
39707,0
39711,0
39713,0
39719,0
39723,0
39725,0
39731,0
39733,0
39739,0
39741,0
39745,0
39751,0
39755,0
39757,0
39763,0
39765,0
39771,0
39773,0
39779,0
39781,0
39787,0
39789,0
39795,0
39797,0
39803,0
39805,0
39811,0
39813,0
39819,0
39821,0
39827,0
39829,0
39835,0
39839,0
39841,0
39847,0
39849,0
39855,0
39857,0
39861,0
39867,0
39869,0
39875,0
39877,0
39881,0
39887,0
39891,0
39893,0
39899,0
39901,0
39907,0
39909,0
39915,0
39917,0
39923,0
39925,0
39931,0
39933,0
39937,0
39941,0
39945,0
39951,0
39953,0
39959,0
39963,0
39967,0
39969,0
39975,0
39977,0
39981,0
39987,0
39989,0
39993,0
39997,0
40003,0
40005,0
40011,0
40015,0
40017,0
40023,0
40025,0
40031,0
40033,0
40037,0
40043,0
40045,0
40049,0
40055,0
40059,0
40063,0
40065,0
40069,0
40075,0
40077,0
40081,0
40087,0
40089,0
40093,0
40099,0
40101,0
40107,0
40109,0
40113,0
40119,0
40121,0
40127,0
40129,0
40133,0
40137,0
40143,0
40147,0
40151,0
40153,0
40159,0
40161,0
40167,0
40171,0
40173,0
40179,0
40181,0
40187,0
40189,0
40193,0
40197,0
40203,0
40205,0
40209,0
40215,0
40219,0
40221,0
40227,0
40229,0
40235,0
40239,0
40241,0
40245,0
40251,0
40255,0
40259,0
40261,0
40267,0
40269,0
40275,0
40277,0
40283,0
40285,0
40291,0
40295,0
40297,0
40303,0
40305,0
40311,0
40315,0
40317,0
40323,0
40325,0
40331,0
40335,0
40337,0
40343,0
40345,0
40351,0
40353,0
40357,0
40363,0
40365,0
40371,0
40373,0
40377,0
40383,0
40387,0
40389,0
40395,0
40397,0
40401,0
40405,0
40409,0
40415,0
40417,0
40423,0
40425,0
40431,0
40433,0
40437,0
40443,0
40445,0
40451,0
40453,0
40459,0
40461,0
40465,0
40471,0
40475,0
40477,0
40483,0
40485,0
40491,0
40493,0
40499,0
40501,0
40507,0
40511,0
40513,0
40519,0
40523,0
40525,0
40531,0
40533,0
40537,0
40541,0
40547,0
40549,0
40555,0
40557,0
40561,0
40567,0
40569,0
40575,0
40577,0
40583,0
40585,0
40589,0
40595,0
40597,0
40601,0
40605,0
40611,0
40613,0
40617,0
40621,0
40625,0
40629,0
40633,0
40639,0
40641,0
40647,0
40649,0
40655,0
40659,0
40661,0
40667,0
40669,0
40675,0
40677,0
40683,0
40685,0
40691,0
40695,0
40697,0
40703,0
40705,0
40709,0
40715,0
40719,0
40723,0
40725,0
40729,0
40735,0
40737,0
40743,0
40745,0
40749,0
40755,0
40757,0
40763,0
40765,0
40769,0
40775,0
40777,0
40783,0
40787,0
40789,0
40795,0
40797,0
40803,0
40807,0
40811,0
40813,0
40817,0
40821,0
40827,0
40831,0
40833,0
40837,0
40843,0
40847,0
40851,0
40853,0
40859,0
40861,0
40867,0
40869,0
40875,0
40877,0
40883,0
40887,0
40889,0
40893,0
40899,0
40901,0
40907,0
40909,0
40913,0
40919,0
40921,0
40927,0
40931,0
40933,0
40937,0
40941,0
40947,0
40949,0
40953,0
40957,0
40961,0
40967,0
40969,0
40973,0
40979,0
40983,0
40987,0
40989,0
40993,0
40997,0
41003,0
41005,0
41011,0
41013,0
41019,0
41021,0
41027,0
41031,0
41033,0
41037,0
41041,0
41045,0
41051,0
41053,0
41059,0
41063,0
41067,0
41069,0
41075,0
41077,0
41083,0
41087,0
41089,0
41095,0
41099,0
41101,0
41107,0
41109,0
41115,0
41117,0
41123,0
41125,0
41131,0
41133,0
41139,0
41141,0
41147,0
41149,0
41155,0
41157,0
41163,0
41165,0
41171,0
41175,0
41177,0
41183,0
41185,0
41189,0
41193,0
41199,0
41201,0
41207,0
41209,0
41213,0
41219,0
41221,0
41227,0
41231,0
41233,0
41237,0
41243,0
41245,0
41251,0
41255,0
41257,0
41263,0
41267,0
41269,0
41275,0
41277,0
41281,0
41287,0
41289,0
41295,0
41297,0
41303,0
41305,0
41309,0
41315,0
41317,0
41321,0
41327,0
41329,0
41333,0
41339,0
41341,0
41347,0
41349,0
41355,0
41357,0
41363,0
41365,0
41369,0
41375,0
41377,0
41383,0
41385,0
41391,0
41393,0
41399,0
41403,0
41405,0
41409,0
41415,0
41417,0
41423,0
41425,0
41429,0
41433,0
41437,0
41441,0
41445,0
41451,0
41455,0
41457,0
41463,0
41467,0
41469,0
41475,0
41477,0
41483,0
41485,0
41491,0
41493,0
41499,0
41501,0
41507,0
41509,0
41515,0
41517,0
41521,0
41527,0
41529,0
41535,0
41537,0
41541,0
41547,0
41549,0
41555,0
41557,0
41561,0
41567,0
41569,0
41573,0
41579,0
41581,0
41587,0
41589,0
41595,0
41599,0
41603,0
41607,0
41611,0
41613,0
41619,0
41621,0
41627,0
41629,0
41635,0
41637,0
41643,0
41645,0
41651,0
41653,0
41659,0
41661,0
41667,0
41671,0
41675,0
41679,0
41681,0
41687,0
41689,0
41695,0
41697,0
41703,0
41707,0
41709,0
41713,0
41719,0
41723,0
41725,0
41731,0
41733,0
41737,0
41743,0
41745,0
41751,0
41753,0
41757,0
41763,0
41767,0
41769,0
41775,0
41777,0
41783,0
41785,0
41789,0
41793,0
41797,0
41801,0
41807,0
41811,0
41813,0
41819,0
41821,0
41827,0
41829,0
41833,0
41839,0
41841,0
41845,0
41851,0
41855,0
41859,0
41861,0
41867,0
41871,0
41873,0
41879,0
41881,0
41885,0
41889,0
41895,0
41897,0
41901,0
41907,0
41911,0
41913,0
41919,0
41921,0
41927,0
41931,0
41935,0
41937,0
41943,0
41945,0
41951,0
41953,0
41957,0
41963,0
41967,0
41971,0
41975,0
41977,0
41981,0
41987,0
41989,0
41995,0
41997,0
42003,0
42005,0
42011,0
42013,0
42019,0
42021,0
42025,0
42031,0
42033,0
42039,0
42041,0
42047,0
42049,0
42055,0
42057,0
42063,0
42065,0
42071,0
42073,0
42079,0
42081,0
42085,0
42089,0
42093,0
42099,0
42101,0
42105,0
42109,0
42113,0
42119,0
42121,0
42127,0
42129,0
42135,0
42137,0
42141,0
42147,0
42149,0
42155,0
42157,0
42161,0
42167,0
42171,0
42173,0
42179,0
42183,0
42187,0
42191,0
42193,0
42197,0
42203,0
42207,0
42209,0
42215,0
42217,0
42223,0
42225,0
42229,0
42233,0
42239,0
42243,0
42245,0
42249,0
42255,0
42257,0
42261,0
42267,0
42271,0
42275,0
42279,0
42283,0
42287,0
42289,0
42295,0
42297,0
42303,0
42307,0
42311,0
42313,0
42319,0
42323,0
42325,0
42331,0
42333,0
42339,0
42341,0
42347,0
42351,0
42353,0
42359,0
42363,0
42365,0
42371,0
42375,0
42379,0
42381,0
42387,0
42389,0
42393,0
42399,0
42401,0
42405,0
42411,0
42415,0
42417,0
42421,0
42427,0
42431,0
42435,0
42437,0
42443,0
42445,0
42451,0
42455,0
42459,0
42461,0
42467,0
42471,0
42475,0
42477,0
42481,0
42487,0
42491,0
42495,0
42499,0
42503,0
42505,0
42511,0
42513,0
42517,0
42521,0
42527,0
42529,0
42535,0
42537,0
42543,0
42545,0
42551,0
42553,0
42559,0
42563,0
42567,0
42571,0
42575,0
42577,0
42583,0
42585,0
42591,0
42593,0
42597,0
42603,0
42607,0
42609,0
42613,0
42617,0
42623,0
42627,0
42629,0
42633,0
42639,0
42641,0
42647,0
42649,0
42653,0
42657,0
42663,0
42665,0
42669,0
42675,0
42679,0
42681,0
42685,0
42691,0
42693,0
42697,0
42701,0
42705,0
42709,0
42713,0
42717,0
42723,0
42727,0
42731,0
42733,0
42739,0
42741,0
42747,0
42749,0
42755,0
42757,0
42763,0
42765,0
42769,0
42773,0
42779,0
42781,0
42787,0
42791,0
42793,0
42799,0
42801,0
42807,0
42809,0
42815,0
42817,0
42823,0
42827,0
42829,0
42833,0
42839,0
42841,0
42845,0
42851,0
42853,0
42857,0
42863,0
42867,0
42869,0
42873,0
42877,0
42883,0
42887,0
42889,0
42893,0
42897,0
42903,0
42905,0
42911,0
42913,0
42919,0
42921,0
42927,0
42929,0
42933,0
42937,0
42941,0
42947,0
42949,0
42953,0
42959,0
42963,0
42965,0
42971,0
42973,0
42977,0
42981,0
42987,0
42989,0
42995,0
42999,0
43001,0
43007,0
43009,0
43013,0
43017,0
43021,0
43025,0
43029,0
43033,0
43039,0
43043,0
43045,0
43051,0
43053,0
43059,0
43063,0
43065,0
43069,0
43075,0
43077,0
43081,0
43087,0
43089,0
43095,0
43097,0
43103,0
43105,0
43111,0
43113,0
43117,0
43123,0
43125,0
43129,0
43135,0
43137,0
43143,0
43147,0
43151,0
43155,0
43159,0
43163,0
43165,0
43169,0
43173,0
43177,0
43183,0
43185,0
43189,0
43195,0
43197,0
43203,0
43207,0
43209,0
43215,0
43219,0
43223,0
43225,0
43229,0
43235,0
43239,0
43241,0
43245,0
43249,0
43255,0
43257,0
43261,0
43265,0
43269,0
43275,0
43279,0
43283,0
43285,0
43291,0
43293,0
43297,0
43303,0
43307,0
43309,0
43315,0
43319,0
43321,0
43327,0
43331,0
43335,0
43339,0
43341,0
43347,0
43351,0
43353,0
43359,0
43363,0
43365,0
43369,0
43375,0
43379,0
43383,0
43387,0
43389,0
43393,0
43399,0
43401,0
43405,0
43409,0
43413,0
43419,0
43421,0
43427,0
43431,0
43435,0
43439,0
43443,0
43445,0
43451,0
43455,0
43457,0
43461,0
43465,0
43469,0
43475,0
43477,0
43481,0
43487,0
43489,0
43493,0
43497,0
43501,0
43507,0
43511,0
43515,0
43517,0
43523,0
43527,0
43531,0
43533,0
43537,0
43543,0
43545,0
43551,0
43555,0
43557,0
43561,0
43565,0
43571,0
43573,0
43577,0
43581,0
43587,0
43591,0
43593,0
43599,0
43603,0
43607,0
43609,0
43613,0
43619,0
43623,0
43625,0
43629,0
43635,0
43637,0
43643,0
43647,0
43649,0
43655,0
43659,0
43661,0
43665,0
43671,0
43673,0
43679,0
43683,0
43685,0
43691,0
43693,0
43699,0
43703,0
43707,0
43711,0
43715,0
43719,0
43721,0
43725,0
43729,0
43733,0
43739,0
43743,0
43745,0
43749,0
43755,0
43757,0
43763,0
43765,0
43769,0
43773,0
43779,0
43781,0
43785,0
43789,0
43793,0
43797,0
43803,0
43807,0
43809,0
43815,0
43817,0
43823,0
43827,0
43829,0
43835,0
43837,0
43841,0
43847,0
43849,0
43853,0
43857,0
43863,0
43865,0
43869,0
43873,0
43877,0
43881,0
43887,0
43891,0
43895,0
43897,0
43903,0
43907,0
43909,0
43913,0
43917,0
43921,0
43925,0
43929,0
43933,0
43939,0
43941,0
43947,0
43949,0
43953,0
43959,0
43961,0
43965,0
43971,0
43975,0
43977,0
43983,0
43985,0
43991,0
43993,0
43997,0
44003,0
44005,0
44009,0
44015,0
44019,0
44023,0
44027,0
44031,0
44033,0
44037,0
44043,0
44045,0
44049,0
44053,0
44059,0
44063,0
44067,0
44069,0
44073,0
44079,0
44083,0
44087,0
44091,0
44095,0
44099,0
44101,0
44105,0
44109,0
44115,0
44119,0
44123,0
44125,0
44129,0
44133,0
44137,0
44141,0
44145,0
44149,0
44155,0
44157,0
44163,0
44165,0
44169,0
44173,0
44177,0
44183,0
44185,0
44191,0
44195,0
44197,0
44201,0
44207,0
44209,0
44215,0
44217,0
44223,0
44225,0
44229,0
44233,0
44237,0
44243,0
44245,0
44251,0
44255,0
44257,0
44263,0
44265,0
44271,0
44273,0
44279,0
44281,0
44285,0
44289,0
44293,0
44299,0
44301,0
44307,0
44311,0
44315,0
44317,0
44321,0
44327,0
44331,0
44335,0
44337,0
44343,0
44347,0
44349,0
44353,0
44357,0
44363,0
44367,0
44371,0
44375,0
44377,0
44381,0
44387,0
44391,0
44393,0
44399,0
44401,0
44405,0
44411,0
44415,0
44419,0
44423,0
44425,0
44429,0
44433,0
44437,0
44443,0
44445,0
44451,0
44455,0
44459,0
44463,0
44465,0
44469,0
44475,0
44477,0
44481,0
44485,0
44491,0
44495,0
44499,0
44501,0
44507,0
44509,0
44515,0
44517,0
44521,0
44525,0
44529,0
44535,0
44537,0
44543,0
44547,0
44549,0
44553,0
44559,0
44563,0
44565,0
44569,0
44575,0
44577,0
44583,0
44587,0
44589,0
44595,0
44597,0
44601,0
44605,0
44609,0
44613,0
44617,0
44621,0
44625,0
44629,0
44635,0
44637,0
44643,0
44645,0
44649,0
44653,0
44659,0
44661,0
44667,0
44669,0
44673,0
44677,0
44683,0
44685,0
44689,0
44695,0
44697,0
44703,0
44705,0
44709,0
44715,0
44717,0
44721,0
44725,0
44729,0
44733,0
44737,0
44741,0
44747,0
44749,0
44753,0
44759,0
44763,0
44765,0
44769,0
44775,0
44779,0
44783,0
44787,0
44789,0
44793,0
44799,0
44801,0
44807,0
44809,0
44815,0
44819,0
44821,0
44827,0
44829,0
44833,0
44837,0
44841,0
44847,0
44849,0
44855,0
44857,0
44861,0
44865,0
44869,0
44873,0
44877,0
44881,0
44885,0
44891,0
44893,0
44897,0
44901,0
44905,0
44909,0
44915,0
44917,0
44921,0
44925,0
44929,0
44933,0
44937,0
44943,0
44947,0
44949,0
44953,0
44959,0
44963,0
44965,0
44971,0
44975,0
44979,0
44983,0
44987,0
44989,0
44995,0
44999,0
45003,0
45005,0
45011,0
45013,0
45017,0
45023,0
45025,0
45029,0
45035,0
45039,0
45041,0
45045,0
45049,0
45055,0
45057,0
45063,0
45065,0
45071,0
45075,0
45077,0
45083,0
45085,0
45091,0
45095,0
45097,0
45103,0
45105,0
45109,0
45115,0
45119,0
45121,0
45127,0
45131,0
45133,0
45139,0
45141,0
45145,0
45151,0
45153,0
45157,0
45161,0
45165,0
45169,0
45175,0
45177,0
45183,0
45185,0
45191,0
45195,0
45197,0
45201,0
45205,0
45209,0
45215,0
45219,0
45221,0
45225,0
45231,0
45233,0
45237,0
45241,0
45247,0
45249,0
45255,0
45257,0
45261,0
45265,0
45269,0
45273,0
45277,0
45281,0
45285,0
45289,0
45295,0
45299,0
45301,0
45307,0
45309,0
45313,0
45317,0
45323,0
45327,0
45331,0
45335,0
45337,0
45343,0
45345,0
45349,0
45355,0
45359,0
45361,0
45365,0
45369,0
45373,0
45379,0
45383,0
45385,0
45391,0
45393,0
45399,0
45401,0
45405,0
45409,0
45415,0
45417,0
45421,0
45425,0
45429,0
45435,0
45439,0
45441,0
45447,0
45449,0
45455,0
45457,0
45463,0
45467,0
45471,0
45475,0
45479,0
45483,0
45487,0
45489,0
45495,0
45497,0
45503,0
45507,0
45511,0
45515,0
45517,0
45521,0
45527,0
45531,0
45535,0
45537,0
45541,0
45547,0
45551,0
45553,0
45557,0
45561,0
45565,0
45569,0
45575,0
45577,0
45583,0
45587,0
45591,0
45593,0
45597,0
45601,0
45605,0
45609,0
45615,0
45617,0
45623,0
45627,0
45631,0
45633,0
45637,0
45641,0
45645,0
45651,0
45655,0
45657,0
45661,0
45667,0
45671,0
45673,0
45679,0
45681,0
45685,0
45689,0
45693,0
45699,0
45701,0
45707,0
45711,0
45713,0
45719,0
45721,0
45727,0
45729,0
45735,0
45737,0
45741,0
45747,0
45751,0
45753,0
45757,0
45763,0
45767,0
45771,0
45773,0
45777,0
45783,0
45787,0
45791,0
45795,0
45799,0
45803,0
45805,0
45809,0
45813,0
45817,0
45823,0
45827,0
45831,0
45833,0
45839,0
45843,0
45847,0
45851,0
45855,0
45859,0
45861,0
45865,0
45869,0
45873,0
45879,0
45881,0
45885,0
45889,0
45893,0
45897,0
45903,0
45905,0
45911,0
45913,0
45919,0
45921,0
45925,0
45931,0
45935,0
45939,0
45941,0
45947,0
45951,0
45953,0
45959,0
45961,0
45967,0
45969,0
45973,0
45979,0
45983,0
45987,0
45989,0
45995,0
45997,0
46003,0
46005,0
46009,0
46015,0
46019,0
46023,0
46025,0
46031,0
46035,0
46037,0
46041,0
46047,0
46051,0
46055,0
46059,0
46061,0
46065,0
46069,0
46075,0
46077,0
46083,0
46085,0
46091,0
46095,0
46099,0
46101,0
46105,0
46111,0
46113,0
46119,0
46121,0
46125,0
46129,0
46135,0
46137,0
46143,0
46147,0
46151,0
46153,0
46157,0
46163,0
46165,0
46169,0
46173,0
46179,0
46183,0
46187,0
46191,0
46193,0
