4,0
10,0
14,0
18,0
22,0
24,0
28,0
34,0
38,0
40,0
46,0
48,0
54,0
58,0
60,0
64,0
68,0
72,0
76,0
82,0
84,0
90,0
94,0
96,0
100,0
104,0
110,0
114,0
118,0
122,0
124,0
128,0
132,0
138,0
142,0
146,0
148,0
154,0
156,0
162,0
166,0
170,0
174,0
176,0
182,0
184,0
188,0
194,0
196,0
202,0
204,0
210,0
212,0
216,0
222,0
224,0
228,0
232,0
238,0
242,0
246,0
248,0
254,0
256,0
262,0
264,0
270,0
274,0
278,0
280,0
286,0
288,0
294,0
296,0
302,0
304,0
308,0
314,0
316,0
322,0
324,0
328,0
332,0
336,0
340,0
346,0
350,0
352,0
358,0
360,0
364,0
368,0
372,0
378,0
380,0
384,0
388,0
392,0
398,0
402,0
404,0
408,0
412,0
418,0
422,0
426,0
428,0
434,0
436,0
440,0
444,0
450,0
452,0
456,0
462,0
466,0
470,0
472,0
478,0
480,0
486,0
490,0
494,0
498,0
502,0
506,0
510,0
514,0
518,0
522,0
524,0
530,0
534,0
536,0
542,0
544,0
550,0
554,0
556,0
560,0
566,0
568,0
574,0
578,0
582,0
584,0
588,0
592,0
598,0
600,0
606,0
608,0
614,0
616,0
622,0
624,0
630,0
634,0
638,0
642,0
644,0
648,0
652,0
658,0
660,0
666,0
668,0
672,0
676,0
680,0
684,0
690,0
692,0
698,0
702,0
706,0
710,0
714,0
716,0
720,0
726,0
730,0
732,0
738,0
742,0
744,0
750,0
752,0
758,0
762,0
766,0
770,0
774,0
776,0
780,0
786,0
790,0
792,0
798,0
800,0
804,0
810,0
814,0
818,0
820,0
824,0
828,0
832,0
836,0
840,0
844,0
850,0
854,0
858,0
860,0
864,0
870,0
872,0
878,0
880,0
886,0
888,0
894,0
896,0
900,0
906,0
910,0
912,0
916,0
922,0
924,0
928,0
932,0
938,0
942,0
946,0
948,0
952,0
958,0
960,0
964,0
970,0
974,0
976,0
980,0
984,0
988,0
994,0
996,0
1002,0
1006,0
1010,0
1012,0
1016,0
1022,0
1024,0
1028,0
1032,0
1036,0
1040,0
1046,0
1048,0
1052,0
1056,0
1060,0
1064,0
1070,0
1072,0
1076,0
1080,0
1084,0
1088,0
1094,0
1098,0
1100,0
1104,0
1110,0
1114,0
1118,0
1122,0
1124,0
1130,0
1132,0
1136,0
1142,0
1146,0
1150,0
1154,0
1156,0
1162,0
1166,0
1170,0
1172,0
1176,0
1182,0
1184,0
1188,0
1192,0
1196,0
1200,0
1204,0
1208,0
1212,0
1216,0
1222,0
1226,0
1228,0
1234,0
1236,0
1242,0
1244,0
1248,0
1252,0
1258,0
1262,0
1264,0
1268,0
1272,0
1278,0
1280,0
1286,0
1290,0
1292,0
1298,0
1302,0
1306,0
1310,0
1314,0
1316,0
1322,0
1326,0
1328,0
1334,0
1338,0
1340,0
1346,0
1348,0
1352,0
1356,0
1360,0
1364,0
1368,0
1374,0
1376,0
1382,0
1384,0
1388,0
1392,0
1396,0
1400,0
1404,0
1410,0
1414,0
1416,0
1422,0
1424,0
1428,0
1432,0
1438,0
1440,0
1444,0
1448,0
1452,0
1458,0
1462,0
1466,0
1468,0
1472,0
1478,0
1480,0
1484,0
1490,0
1494,0
1498,0
1500,0
1504,0
1510,0
1512,0
1516,0
1522,0
1524,0
1530,0
1534,0
1538,0
1542,0
1544,0
1550,0
1554,0
1556,0
1560,0
1566,0
1568,0
1572,0
1576,0
1580,0
1584,0
1590,0
1592,0
1596,0
1600,0
1606,0
1608,0
1612,0
1616,0
1620,0
1624,0
1628,0
1634,0
1636,0
1642,0
1646,0
1650,0
1652,0
1656,0
1660,0
1666,0
1668,0
1672,0
1678,0
1680,0
1684,0
1688,0
1694,0
1698,0
1700,0
1706,0
1710,0
1714,0
1718,0
1722,0
1724,0
1728,0
1734,0
1736,0
1740,0
1746,0
1748,0
1754,0
1758,0
1760,0
1764,0
1768,0
1774,0
1776,0
1780,0
1784,0
1790,0
1792,0
1796,0
1800,0
1804,0
1808,0
1814,0
1818,0
1822,0
1826,0
1828,0
1832,0
1838,0
1840,0
1846,0
1850,0
1852,0
1858,0
1862,0
1866,0
1868,0
1874,0
1876,0
1882,0
1886,0
1888,0
1894,0
1898,0
1900,0
1906,0
1910,0
1914,0
1918,0
1922,0
1924,0
1928,0
1934,0
1938,0
1942,0
1946,0
1948,0
1952,0
1958,0
1962,0
1964,0
1970,0
1972,0
1976,0
1980,0
1986,0
1990,0
1992,0
1996,0
2002,0
2004,0
2008,0
2014,0
2018,0
2022,0
2026,0
2030,0
2032,0
2038,0
2040,0
2046,0
2050,0
2052,0
2056,0
2060,0
2064,0
2070,0
2072,0
2076,0
2082,0
2084,0
2088,0
2092,0
2096,0
2100,0
2104,0
2108,0
2112,0
2116,0
2120,0
2126,0
2128,0
2132,0
2138,0
2140,0
2146,0
2148,0
2154,0
2158,0
2162,0
2166,0
2168,0
2172,0
2176,0
2182,0
2184,0
2188,0
2192,0
2198,0
2200,0
2206,0
2210,0
2212,0
2218,0
2222,0
2224,0
2230,0
2234,0
2236,0
2240,0
2244,0
2248,0
2252,0
2256,0
2262,0
2264,0
2268,0
2274,0
2278,0
2282,0
2286,0
2290,0
2292,0
2298,0
2302,0
2306,0
2308,0
2314,0
2318,0
2322,0
2326,0
2330,0
2332,0
2338,0
2340,0
2346,0
2350,0
2352,0
2358,0
2360,0
2364,0
2370,0
2372,0
2376,0
2382,0
2386,0
2390,0
2394,0
2396,0
2400,0
2406,0
2410,0
2414,0
2418,0
2422,0
2424,0
2428,0
2434,0
2438,0
2442,0
2444,0
2448,0
2452,0
2456,0
2462,0
2466,0
2470,0
2474,0
2478,0
2480,0
2486,0
2490,0
2494,0
2498,0
2502,0
2506,0
2508,0
2512,0
2516,0
2520,0
2526,0
2530,0
2532,0
2536,0
2540,0
2546,0
2550,0
2552,0
2556,0
2560,0
2564,0
2568,0
2574,0
2576,0
2580,0
2584,0
2590,0
2594,0
2598,0
2600,0
2604,0
2608,0
2614,0
2618,0
2622,0
2626,0
2628,0
2634,0
2638,0
2642,0
2644,0
2648,0
2652,0
2656,0
2662,0
2666,0
2670,0
2672,0
2678,0
2682,0
2684,0
2690,0
2694,0
2698,0
2700,0
2706,0
2708,0
2714,0
2716,0
2722,0
2724,0
2728,0
2732,0
2738,0
2740,0
2746,0
2748,0
2752,0
2758,0
2760,0
2766,0
2770,0
2772,0
2776,0
2782,0
2786,0
2790,0
2792,0
2798,0
2800,0
2806,0
2808,0
2812,0
2816,0
2822,0
2824,0
2830,0
2834,0
2838,0
2842,0
2846,0
2850,0
2852,0
2858,0
2862,0
2864,0
2868,0
2874,0
2876,0
2882,0
2886,0
2888,0
2892,0
2896,0
2900,0
2906,0
2910,0
2914,0
2918,0
2922,0
2926,0
2928,0
2934,0
2938,0
2940,0
2944,0
2950,0
2954,0
2956,0
2962,0
2966,0
2970,0
2972,0
2978,0
2980,0
2986,0
2990,0
2992,0
2998,0
3002,0
3004,0
3008,0
3014,0
3016,0
3020,0
3026,0
3028,0
3032,0
3036,0
3042,0
3046,0
3048,0
3052,0
3056,0
3062,0
3064,0
3068,0
3074,0
3076,0
3080,0
3084,0
3090,0
3094,0
3096,0
3100,0
3106,0
3108,0
3114,0
3116,0
3122,0
3124,0
3128,0
3134,0
3136,0
3140,0
3144,0
3150,0
3152,0
3156,0
3160,0
3164,0
3170,0
3172,0
3176,0
3182,0
3186,0
3188,0
3194,0
3196,0
3200,0
3204,0
3208,0
3214,0
3218,0
3222,0
3226,0
3230,0
3234,0
3236,0
3242,0
3244,0
3250,0
3254,0
3258,0
3262,0
3266,0
3270,0
3272,0
3276,0
3282,0
3284,0
3288,0
3292,0
3296,0
3300,0
3306,0
3308,0
3312,0
3318,0
3320,0
3326,0
3330,0
3334,0
3336,0
3340,0
3344,0
3348,0
3354,0
3358,0
3360,0
3364,0
3370,0
3374,0
3378,0
3380,0
3384,0
3390,0
3392,0
3398,0
3402,0
3406,0
3410,0
3414,0
3416,0
3420,0
3426,0
3430,0
3432,0
3438,0
3440,0
3444,0
3448,0
3454,0
3458,0
3462,0
3464,0
3470,0
3474,0
3478,0
3480,0
3486,0
3488,0
3494,0
3498,0
3502,0
3504,0
3510,0
3512,0
3516,0
3520,0
3526,0
3530,0
3532,0
3536,0
3542,0
3544,0
3550,0
3554,0
3556,0
3562,0
3566,0
3568,0
3574,0
3578,0
3580,0
3584,0
3590,0
3594,0
3598,0
3600,0
3604,0
3610,0
3612,0
3618,0
3620,0
3624,0
3630,0
3634,0
3636,0
3642,0
3644,0
3648,0
3654,0
3656,0
3660,0
3664,0
3668,0
3672,0
3678,0
3680,0
3686,0
3690,0
3692,0
3696,0
3700,0
3704,0
3710,0
3714,0
3716,0
3720,0
3726,0
3728,0
3734,0
3736,0
3742,0
3746,0
3748,0
3754,0
3758,0
3760,0
3764,0
3770,0
3772,0
3778,0
3782,0
3786,0
3788,0
3794,0
3798,0
3802,0
3806,0
3808,0
3812,0
3818,0
3820,0
3824,0
3828,0
3834,0
3838,0
3840,0
3844,0
3850,0
3852,0
3858,0
3862,0
3866,0
3870,0
3874,0
3876,0
3880,0
3886,0
3890,0
3894,0
3896,0
3900,0
3904,0
3910,0
3912,0
3918,0
3920,0
3924,0
3928,0
3932,0
3936,0
3942,0
3944,0
3950,0
3954,0
3956,0
3960,0
3966,0
3968,0
3974,0
3978,0
3982,0
3984,0
3990,0
3992,0
3998,0
4002,0
4004,0
4010,0
4012,0
4018,0
4022,0
4026,0
4030,0
4032,0
4038,0
4040,0
4044,0
4050,0
4052,0
4056,0
4060,0
4064,0
4068,0
4074,0
4078,0
4080,0
4086,0
4090,0
4092,0
4098,0
4100,0
4104,0
4110,0
4114,0
4116,0
4122,0
4126,0
4130,0
4132,0
4138,0
4140,0
4146,0
4148,0
4152,0
4158,0
4160,0
4164,0
4170,0
4174,0
4178,0
4182,0
4186,0
4190,0
4194,0
4196,0
4200,0
4204,0
4208,0
4214,0
4216,0
4222,0
4224,0
4228,0
4232,0
4238,0
4242,0
4246,0
4248,0
4252,0
4258,0
4260,0
4264,0
4268,0
4272,0
4276,0
4282,0
4284,0
4290,0
4292,0
4296,0
4300,0
4306,0
4310,0
4314,0
4318,0
4320,0
4326,0
4330,0
4332,0
4338,0
4342,0
4346,0
4350,0
4352,0
4358,0
4360,0
4366,0
4370,0
4374,0
4378,0
4380,0
4386,0
4390,0
4394,0
4398,0
4400,0
4404,0
4408,0
4414,0
4418,0
4420,0
4426,0
4428,0
4434,0
4436,0
4442,0
4446,0
4450,0
4452,0
4458,0
4460,0
4464,0
4468,0
4474,0
4476,0
4480,0
4484,0
4490,0
4494,0
4498,0
4500,0
4506,0
4508,0
4514,0
4516,0
4522,0
4526,0
4530,0
4534,0
4536,0
4540,0
4546,0
4550,0
4552,0
4558,0
4562,0
4564,0
4568,0
4574,0
4576,0
4580,0
4586,0
4588,0
4592,0
4598,0
4600,0
4604,0
4610,0
4614,0
4618,0
4620,0
4626,0
4630,0
4632,0
4638,0
4642,0
4646,0
4648,0
4652,0
4658,0
4662,0
4664,0
4668,0
4672,0
4678,0
4682,0
4684,0
4690,0
4692,0
4698,0
4702,0
4704,0
4708,0
4712,0
4716,0
4722,0
4724,0
4730,0
4732,0
4736,0
4740,0
4744,0
4750,0
4754,0
4756,0
4760,0
4766,0
4768,0
4774,0
4778,0
4782,0
4784,0
4788,0
4794,0
4796,0
4802,0
4806,0
4808,0
4812,0
4818,0
4822,0
4826,0
4830,0
4832,0
4838,0
4842,0
4846,0
4848,0
4852,0
4856,0
4860,0
4866,0
4868,0
4874,0
4876,0
4882,0
4884,0
4890,0
4894,0
4898,0
4902,0
4904,0
4910,0
4914,0
4918,0
4922,0
4924,0
4928,0
4932,0
4936,0
4942,0
4946,0
4950,0
4952,0
4958,0
4962,0
4964,0
4970,0
4974,0
4976,0
4982,0
4986,0
4990,0
4994,0
4996,0
5000,0
5004,0
5008,0
5014,0
5018,0
5022,0
5024,0
5030,0
5032,0
5038,0
5042,0
5044,0
5050,0
5054,0
5056,0
5062,0
5066,0
5070,0
5074,0
5078,0
5082,0
5084,0
5090,0
5092,0
5098,0
5100,0
5106,0
5108,0
5114,0
5116,0
5120,0
5126,0
5130,0
5134,0
5138,0
5140,0
5144,0
5150,0
5152,0
5158,0
5162,0
5166,0
5170,0
5172,0
5176,0
5182,0
5184,0
5190,0
5192,0
5198,0
5202,0
5206,0
5210,0
5212,0
5218,0
5220,0
5224,0
5228,0
5232,0
5236,0
5242,0
5244,0
5250,0
5252,0
5258,0
5260,0
5264,0
5268,0
5272,0
5276,0
5282,0
5286,0
5290,0
5292,0
5298,0
5300,0
5306,0
5310,0
5314,0
5318,0
5320,0
5324,0
5330,0
5334,0
5338,0
5340,0
5346,0
5350,0
5354,0
5358,0
5362,0
5364,0
5368,0
5374,0
5376,0
5382,0
5386,0
5388,0
5394,0
5398,0
5402,0
5404,0
5408,0
5412,0
5416,0
5420,0
5424,0
5430,0
5434,0
5436,0
5442,0
5444,0
5448,0
5452,0
5458,0
5462,0
5464,0
5470,0
5474,0
5478,0
5480,0
5484,0
5490,0
5492,0
5498,0
5502,0
5504,0
5510,0
5512,0
5518,0
5520,0
5526,0
5528,0
5534,0
5538,0
5540,0
5546,0
5548,0
5552,0
5556,0
5560,0
5566,0
5568,0
5572,0
5578,0
5580,0
5584,0
5590,0
5594,0
5598,0
5602,0
5606,0
5610,0
5612,0
5616,0
5622,0
5624,0
5628,0
5632,0
5636,0
5642,0
5644,0
5650,0
5654,0
5658,0
5660,0
5664,0
5668,0
5672,0
5676,0
5682,0
5684,0
5690,0
5694,0
5698,0
5700,0
5706,0
5710,0
5714,0
5716,0
5720,0
5724,0
5728,0
5734,0
5738,0
5740,0
5744,0
5750,0
5752,0
5756,0
5762,0
5766,0
5770,0
5772,0
5778,0
5780,0
5784,0
5790,0
5794,0
5798,0
5802,0
5804,0
5810,0
5812,0
5818,0
5820,0
5824,0
5830,0
5834,0
5838,0
5842,0
5846,0
5848,0
5854,0
5858,0
5862,0
5866,0
5870,0
5872,0
5878,0
5880,0
5886,0
5890,0
5894,0
5898,0
5900,0
5906,0
5910,0
5914,0
5916,0
5920,0
5924,0
5928,0
5932,0
5936,0
5940,0
5944,0
5948,0
5954,0
5956,0
5962,0
5964,0
5970,0
5974,0
5976,0
5980,0
5984,0
5990,0
5992,0
5996,0
6002,0
6004,0
6010,0
6012,0
6018,0
6020,0
6024,0
6028,0
6032,0
6038,0
6042,0
6044,0
6050,0
6054,0
6056,0
6062,0
6066,0
6070,0
6074,0
6076,0
6082,0
6084,0
6090,0
6092,0
6096,0
6102,0
6106,0
6108,0
6112,0
6118,0
6122,0
6126,0
6130,0
6132,0
6138,0
6140,0
6146,0
6150,0
6152,0
6158,0
6160,0
6166,0
6170,0
6174,0
6178,0
6180,0
6184,0
6188,0
6194,0
6198,0
6202,0
6204,0
6208,0
6212,0
6216,0
6220,0
6226,0
6230,0
6232,0
6238,0
6240,0
6246,0
6250,0
6254,0
6256,0
6260,0
6266,0
6270,0
6272,0
6276,0
6280,0
6284,0
6290,0
6294,0
6296,0
6300,0
6306,0
6308,0
6314,0
6316,0
6320,0
6324,0
6328,0
6332,0
6336,0
6342,0
6344,0
6350,0
6352,0
6356,0
6360,0
6366,0
6368,0
6374,0
6376,0
6380,0
6384,0
6388,0
6394,0
6396,0
6400,0
6406,0
6408,0
6414,0
6416,0
6420,0
6424,0
6428,0
6434,0
6438,0
6440,0
6446,0
6450,0
6454,0
6458,0
6462,0
6464,0
6470,0
6472,0
6476,0
6482,0
6484,0
6490,0
6494,0
6496,0
6500,0
6506,0
6508,0
6512,0
6516,0
6520,0
6524,0
6530,0
6532,0
6538,0
6540,0
6546,0
6550,0
6552,0
6556,0
6560,0
6564,0
6570,0
6574,0
6578,0
6580,0
6584,0
6590,0
6594,0
6596,0
6600,0
6604,0
6610,0
6614,0
6616,0
6622,0
6626,0
6630,0
6634,0
6638,0
6640,0
6646,0
6650,0
6654,0
6658,0
6662,0
6666,0
6668,0
6672,0
6678,0
6680,0
6686,0
6688,0
6694,0
6696,0
6702,0
6706,0
6710,0
6714,0
6716,0
6722,0
6726,0
6730,0
6732,0
6736,0
6742,0
6746,0
6748,0
6752,0
6756,0
6762,0
6764,0
6770,0
6774,0
6776,0
6782,0
6784,0
6790,0
6794,0
6796,0
6802,0
6804,0
6810,0
6814,0
6818,0
6820,0
6824,0
6830,0
6834,0
6838,0
6842,0
6844,0
6848,0
6852,0
6858,0
6862,0
6866,0
6868,0
6874,0
6876,0
6882,0
6884,0
6888,0
6892,0
6898,0
6900,0
6906,0
6910,0
6912,0
6918,0
6920,0
6926,0
6930,0
6934,0
6936,0
6940,0
6946,0
6948,0
6954,0
6956,0
6960,0
6966,0
6970,0
6972,0
6978,0
6980,0
6986,0
6990,0
6992,0
6996,0
7002,0
7006,0
7010,0
7014,0
7016,0
7020,0
7024,0
7030,0
7032,0
7036,0
7040,0
7044,0
7050,0
7054,0
7058,0
7062,0
7064,0
7070,0
7074,0
7078,0
7082,0
7086,0
7088,0
7092,0
7096,0
7100,0
7104,0
7110,0
7114,0
7118,0
7120,0
7124,0
7128,0
7134,0
7138,0
7140,0
7146,0
7150,0
7152,0
7158,0
7162,0
7164,0
7170,0
7172,0
7176,0
7182,0
7186,0
7188,0
7192,0
7198,0
7202,0
7206,0
7208,0
7212,0
7216,0
7220,0
7224,0
7228,0
7232,0
7238,0
7242,0
7244,0
7250,0
7252,0
7258,0
7260,0
7264,0
7268,0
7272,0
7276,0
7280,0
7286,0
7290,0
7294,0
7296,0
7302,0
7304,0
7310,0
7314,0
7316,0
7320,0
7324,0
7328,0
7334,0
7336,0
7340,0
7346,0
7348,0
7352,0
7358,0
7362,0
7364,0
7370,0
7372,0
7376,0
7380,0
7386,0
7388,0
7394,0
7398,0
7402,0
7406,0
7408,0
7412,0
7416,0
7420,0
7426,0
7430,0
7432,0
7436,0
7442,0
7444,0
7448,0
7454,0
7458,0
7462,0
7466,0
7470,0
7474,0
7476,0
7480,0
7486,0
7488,0
7492,0
7498,0
7500,0
7504,0
7508,0
7512,0
7518,0
7522,0
7526,0
7528,0
7532,0
7538,0
7542,0
7544,0
7548,0
7552,0
7556,0
7560,0
7566,0
7570,0
7574,0
7578,0
7580,0
7584,0
7588,0
7594,0
7598,0
7600,0
7604,0
7608,0
7612,0
7616,0
7620,0
7624,0
7628,0
7632,0
7638,0
7640,0
7644,0
7648,0
7652,0
7656,0
7660,0
7666,0
7668,0
7672,0
7678,0
7682,0
7686,0
7690,0
7692,0
7696,0
7700,0
7704,0
7708,0
7712,0
7716,0
7722,0
7726,0
7728,0
7732,0
7738,0
7740,0
7744,0
7748,0
7752,0
7756,0
7762,0
7764,0
7768,0
7774,0
7778,0
7780,0
7786,0
7788,0
7794,0
7796,0
7800,0
7804,0
7810,0
7814,0
7816,0
7822,0
7826,0
7828,0
7834,0
7838,0
7840,0
7844,0
7848,0
7852,0
7856,0
7860,0
7864,0
7868,0
7872,0
7878,0
7882,0
7886,0
7890,0
7894,0
7896,0
7900,0
7904,0
7908,0
7914,0
7918,0
7920,0
7926,0
7930,0
7934,0
7936,0
7942,0
7944,0
7950,0
7954,0
7958,0
7960,0
7964,0
7970,0
7974,0
7976,0
7980,0
7986,0
7990,0
7992,0
7998,0
8000,0
8006,0
8008,0
8014,0
8018,0
8020,0
8024,0
8030,0
8032,0
8038,0
8040,0
8044,0
8048,0
8054,0
8058,0
8060,0
8064,0
8070,0
8074,0
8078,0
8080,0
8086,0
8090,0
8092,0
8096,0
8100,0
8104,0
8110,0
8114,0
8116,0
8120,0
8126,0
8128,0
8132,0
8136,0
8142,0
8146,0
8148,0
8152,0
8158,0
8162,0
8164,0
8168,0
8174,0
8178,0
8182,0
8186,0
8190,0
8194,0
8196,0
8200,0
8206,0
8208,0
8212,0
8218,0
8220,0
8224,0
8230,0
8232,0
8238,0
8240,0
8244,0
8248,0
8252,0
8258,0
8260,0
8266,0
8268,0
8274,0
8278,0
8282,0
8284,0
8290,0
8294,0
8296,0
8300,0
8306,0
8310,0
8314,0
8316,0
8320,0
8326,0
8330,0
8332,0
8338,0
8342,0
8344,0
8350,0
8352,0
8356,0
8360,0
8364,0
8370,0
8372,0
8376,0
8380,0
8386,0
8390,0
8392,0
8396,0
8400,0
8406,0
8408,0
8414,0
8418,0
8420,0
8426,0
8428,0
8432,0
8436,0
8440,0
8444,0
8448,0
8454,0
8456,0
8462,0
8464,0
8468,0
8474,0
8478,0
8482,0
8486,0
8490,0
8492,0
8496,0
8500,0
8504,0
8510,0
8514,0
8516,0
8522,0
8524,0
8530,0
8534,0
8538,0
8540,0
8544,0
8550,0
8552,0
8556,0
8562,0
8564,0
8568,0
8574,0
8576,0
8580,0
8586,0
8588,0
8592,0
8596,0
8602,0
8606,0
8610,0
8614,0
8618,0
8622,0
8626,0
8630,0
8632,0
8636,0
8642,0
8646,0
8648,0
8654,0
8658,0
8660,0
8666,0
8670,0
8674,0
8676,0
8682,0
8684,0
8688,0
8694,0
8696,0
8700,0
8706,0
8710,0
8714,0
8718,0
8722,0
8724,0
8730,0
8732,0
8738,0
8740,0
8744,0
8748,0
8752,0
8756,0
8762,0
8766,0
8768,0
8774,0
8776,0
8782,0
8786,0
8788,0
8792,0
8796,0
8800,0
8806,0
8810,0
8812,0
8816,0
8822,0
8826,0
8830,0
8832,0
8836,0
8840,0
8846,0
8848,0
8854,0
8858,0
8860,0
8864,0
8870,0
8872,0
8876,0
8880,0
8886,0
8890,0
8892,0
8898,0
8900,0
8906,0
8908,0
8912,0
8918,0
8922,0
8924,0
8928,0
8932,0
8936,0
8940,0
8946,0
8950,0
8954,0
8958,0
8962,0
8966,0
8968,0
8972,0
8978,0
8982,0
8984,0
8990,0
8994,0
8996,0
9002,0
9006,0
9008,0
9012,0
9018,0
9022,0
9024,0
9028,0
9034,0
9036,0
9042,0
9044,0
9048,0
9054,0
9056,0
9062,0
9066,0
9070,0
9072,0
9076,0
9080,0
9084,0
9090,0
9092,0
9096,0
9100,0
9104,0
9108,0
9114,0
9118,0
9120,0
9124,0
9128,0
9132,0
9138,0
9142,0
9146,0
9150,0
9154,0
9158,0
9160,0
9164,0
9170,0
9172,0
9178,0
9180,0
9186,0
9188,0
9194,0
9196,0
9200,0
9204,0
9208,0
9214,0
9216,0
9220,0
9224,0
9228,0
9232,0
9238,0
9242,0
9244,0
9248,0
9254,0
9258,0
9262,0
9264,0
9268,0
9272,0
9278,0
9282,0
9284,0
9290,0
9294,0
9298,0
9300,0
9306,0
9308,0
9312,0
9316,0
9320,0
9324,0
9328,0
9332,0
9336,0
9342,0
9344,0
9348,0
9354,0
9356,0
9362,0
9366,0
9370,0
9374,0
9376,0
9380,0
9384,0
9390,0
9392,0
9398,0
9400,0
9404,0
9410,0
9412,0
9418,0
9420,0
9424,0
9428,0
9434,0
9438,0
9440,0
9446,0
9450,0
9454,0
9456,0
9462,0
9464,0
9468,0
9474,0
9478,0
9482,0
9486,0
9488,0
9492,0
9496,0
9502,0
9504,0
9510,0
9512,0
9516,0
9520,0
9524,0
9528,0
9534,0
9536,0
9542,0
9544,0
9550,0
9554,0
9558,0
9560,0
9564,0
9568,0
9574,0
9578,0
9580,0
9586,0
9590,0
9594,0
9596,0
9600,0
9604,0
9610,0
9614,0
9616,0
9620,0
9624,0
9628,0
9634,0
9636,0
9640,0
9646,0
9648,0
9654,0
9656,0
9662,0
9664,0
9668,0
9672,0
9676,0
9682,0
9684,0
9688,0
9692,0
9698,0
9702,0
9704,0
9708,0
9712,0
9718,0
9722,0
9724,0
9730,0
9732,0
9738,0
9742,0
9744,0
9750,0
9754,0
9758,0
9762,0
9764,0
9768,0
9772,0
9778,0
9782,0
9786,0
9790,0
9794,0
9798,0
9802,0
9806,0
9810,0
9814,0
9818,0
9820,0
9824,0
9830,0
9834,0
9836,0
9842,0
9844,0
9850,0
9852,0
9856,0
9860,0
9864,0
9870,0
9872,0
9878,0
9880,0
9886,0
9890,0
9894,0
9898,0
9900,0
9904,0
9908,0
9912,0
9918,0
9922,0
9926,0
9928,0
9932,0
9938,0
9942,0
9946,0
9950,0
9954,0
9956,0
9960,0
9964,0
9968,0
9974,0
9976,0
9980,0
9986,0
9988,0
9994,0
9998,0
10000,0
10004,0
10010,0
10014,0
10018,0
10020,0
10024,0
10030,0
10034,0
10036,0
10040,0
10044,0
10050,0
10054,0
10058,0
10060,0
10064,0
10068,0
10072,0
10078,0
10080,0
10084,0
10090,0
10092,0
10098,0
10100,0
10104,0
10108,0
10112,0
10116,0
10120,0
10124,0
10128,0
10134,0
10136,0
10142,0
10146,0
10148,0
10152,0
10156,0
10160,0
10164,0
10170,0
10174,0
10178,0
10180,0
10184,0
10188,0
10192,0
10196,0
10202,0
10204,0
10208,0
10214,0
10216,0
10222,0
10226,0
10228,0
10234,0
10238,0
10240,0
10246,0
10248,0
10252,0
10256,0
10260,0
10266,0
10268,0
10272,0
10278,0
10280,0
10284,0
10288,0
10294,0
10298,0
10302,0
10306,0
10310,0
10314,0
10318,0
10322,0
10326,0
10330,0
10334,0
10336,0
10342,0
10344,0
10350,0
10352,0
10356,0
10360,0
10364,0
10370,0
10372,0
10378,0
10380,0
10384,0
10388,0
10392,0
10396,0
10400,0
10404,0
10408,0
10412,0
10416,0
10420,0
10426,0
10430,0
10434,0
10438,0
10442,0
10446,0
10448,0
10452,0
10456,0
10460,0
10464,0
10470,0
10474,0
10476,0
10482,0
10486,0
10488,0
10492,0
10496,0
10502,0
10504,0
10508,0
10512,0
10516,0
10522,0
10524,0
10530,0
10534,0
10536,0
10542,0
10546,0
10550,0
10552,0
10558,0
10560,0
10566,0
10568,0
10572,0
10576,0
10580,0
10584,0
10588,0
10594,0
10598,0
10600,0
10604,0
10610,0
10612,0
10618,0
10622,0
10624,0
10630,0
10634,0
10636,0
10640,0
10644,0
10648,0
10654,0
10656,0
10660,0
10664,0
10670,0
10674,0
10676,0
10680,0
10684,0
10688,0
10692,0
10696,0
10700,0
10706,0
10710,0
10712,0
10716,0
10720,0
10724,0
10730,0
10734,0
10736,0
10740,0
10744,0
10748,0
10754,0
10756,0
10760,0
10766,0
10768,0
10772,0
10776,0
10780,0
10784,0
10788,0
10792,0
10796,0
10802,0
10804,0
10808,0
10814,0
10818,0
10820,0
10826,0
10828,0
10834,0
10838,0
10840,0
10844,0
10850,0
10854,0
10858,0
10862,0
10866,0
10868,0
10872,0
10878,0
10880,0
10884,0
10888,0
10892,0
10898,0
10902,0
10906,0
10910,0
10914,0
10918,0
10922,0
10924,0
10930,0
10934,0
10938,0
10940,0
10944,0
10948,0
10952,0
10958,0
10962,0
10966,0
10970,0
10972,0
10976,0
10982,0
10984,0
10988,0
10994,0
10996,0
11002,0
11006,0
11008,0
11014,0
11018,0
11022,0
11024,0
11028,0
11034,0
11036,0
11042,0
11044,0
11048,0
11054,0
11056,0
11060,0
11066,0
11068,0
11072,0
11076,0
11082,0
11084,0
11090,0
11094,0
11096,0
11102,0
11104,0
11108,0
11114,0
11118,0
11120,0
11124,0
11128,0
11134,0
11136,0
11142,0
11144,0
11148,0
11152,0
11158,0
11160,0
11166,0
11168,0
11174,0
11176,0
11180,0
11186,0
11188,0
11192,0
11198,0
11200,0
11206,0
11210,0
11214,0
11216,0
11220,0
11224,0
11228,0
11232,0
11236,0
11242,0
11246,0
11248,0
11254,0
11256,0
11260,0
11266,0
11268,0
11274,0
11278,0
11280,0
11286,0
11288,0
11292,0
11296,0
11302,0
11304,0
11310,0
11314,0
11316,0
11322,0
11326,0
11330,0
11332,0
11336,0
11340,0
11344,0
11348,0
11352,0
11358,0
11360,0
11364,0
11368,0
11374,0
11378,0
11380,0
11386,0
11388,0
11392,0
11396,0
11402,0
11404,0
11408,0
11412,0
11416,0
11420,0
11426,0
11428,0
11432,0
11436,0
11440,0
11446,0
11450,0
11452,0
11458,0
11462,0
11464,0
11468,0
11474,0
11476,0
11482,0
11484,0
11488,0
11494,0
11498,0
11500,0
11506,0
11508,0
11512,0
11518,0
11522,0
11524,0
11528,0
11534,0
11536,0
11540,0
11546,0
11550,0
11554,0
11558,0
11562,0
11566,0
11568,0
11572,0
11578,0
11580,0
11586,0
11590,0
11592,0
11596,0
11600,0
11606,0
11608,0
11612,0
11616,0
11622,0
11624,0
11630,0
11632,0
11638,0
11640,0
11646,0
11650,0
11652,0
11656,0
11662,0
11666,0
11670,0
11672,0
11676,0
11682,0
11686,0
11690,0
11694,0
11698,0
11702,0
11706,0
11708,0
11712,0
11718,0
11720,0
11724,0
11728,0
11734,0
11738,0
11740,0
11744,0
11750,0
11754,0
11756,0
11760,0
11764,0
11770,0
11774,0
11776,0
11782,0
11784,0
11790,0
11794,0
11796,0
11802,0
11804,0
11810,0
11814,0
11818,0
11820,0
11824,0
11830,0
11832,0
11836,0
11840,0
11846,0
11850,0
11854,0
11856,0
11860,0
11866,0
11868,0
11874,0
11878,0
11882,0
11884,0
11890,0
11892,0
11898,0
11902,0
11904,0
11908,0
11914,0
11918,0
11920,0
11924,0
11930,0
11932,0
11938,0
11940,0
11944,0
11950,0
11954,0
11958,0
11960,0
11964,0
11968,0
11974,0
11978,0
11980,0
11986,0
11988,0
11992,0
11996,0
12002,0
12006,0
12008,0
12012,0
12016,0
12020,0
12024,0
12028,0
12032,0
12038,0
12042,0
12044,0
12050,0
12052,0
12056,0
12062,0
12064,0
12070,0
12072,0
12076,0
12080,0
12084,0
12088,0
12092,0
12098,0
12102,0
12104,0
12108,0
12114,0
12116,0
12122,0
12126,0
12128,0
12134,0
12138,0
12140,0
12146,0
12150,0
12152,0
12158,0
12160,0
12166,0
12168,0
12172,0
12178,0
12180,0
12186,0
12190,0
12194,0
12198,0
12202,0
12206,0
12208,0
12214,0
12218,0
12222,0
12224,0
12230,0
12232,0
12236,0
12240,0
12246,0
12250,0
12252,0
12256,0
12260,0
12264,0
12268,0
12272,0
12276,0
12282,0
12284,0
12290,0
12294,0
12296,0
12300,0
12304,0
12310,0
12314,0
12318,0
12322,0
12326,0
12330,0
12334,0
12336,0
12340,0
12344,0
12350,0
12352,0
12356,0
12362,0
12364,0
12370,0
12372,0
12376,0
12380,0
12384,0
12388,0
12392,0
12396,0
12400,0
12406,0
12410,0
12414,0
12418,0
12422,0
12426,0
12430,0
12434,0
12436,0
12440,0
12444,0
12450,0
12454,0
12458,0
12460,0
12464,0
12470,0
12474,0
12476,0
12480,0
12484,0
12488,0
12494,0
12496,0
12500,0
12506,0
12508,0
12512,0
12518,0
12522,0
12524,0
12530,0
12532,0
12538,0
12540,0
12546,0
12548,0
12554,0
12556,0
12560,0
12566,0
12568,0
12572,0
12578,0
12582,0
12584,0
12590,0
12594,0
12598,0
12602,0
12606,0
12610,0
12614,0
12616,0
12622,0
12626,0
12628,0
12634,0
12638,0
12642,0
12644,0
12650,0
12652,0
12656,0
12660,0
12664,0
12668,0
12672,0
12678,0
12680,0
12684,0
12690,0
12694,0
12696,0
12700,0
12704,0
12708,0
12714,0
12718,0
12722,0
12724,0
12728,0
12732,0
12738,0
12742,0
12746,0
12748,0
12754,0
12758,0
12762,0
12764,0
12770,0
12772,0
12778,0
12780,0
12784,0
12790,0
12792,0
12796,0
12802,0
12804,0
12808,0
12812,0
12818,0
12822,0
12824,0
12828,0
12834,0
12838,0
12842,0
12846,0
12850,0
12852,0
12858,0
12860,0
12866,0
12870,0
12872,0
12876,0
12880,0
12886,0
12888,0
12894,0
12898,0
12902,0
12906,0
12910,0
12914,0
12918,0
12922,0
12924,0
12928,0
12934,0
12936,0
12942,0
12944,0
12948,0
12954,0
12956,0
12962,0
12966,0
12970,0
12972,0
12978,0
12980,0
12984,0
12988,0
12994,0
12996,0
13000,0
13006,0
13010,0
13012,0
13018,0
13020,0
13024,0
13028,0
13034,0
13038,0
13040,0
13044,0
13050,0
13052,0
13058,0
13062,0
13066,0
13068,0
13074,0
13078,0
13080,0
13084,0
13088,0
13094,0
13096,0
13102,0
13106,0
13108,0
13114,0
13118,0
13120,0
13126,0
13128,0
13134,0
13138,0
13142,0
13146,0
13150,0
13152,0
13156,0
13160,0
13164,0
13168,0
13174,0
13176,0
13182,0
13184,0
13190,0
13194,0
13198,0
13200,0
13206,0
13210,0
13212,0
13216,0
13222,0
13226,0
13228,0
13234,0
13236,0
13242,0
13246,0
13250,0
13254,0
13256,0
13262,0
13266,0
13270,0
13272,0
13278,0
13282,0
13286,0
13290,0
13294,0
13296,0
13302,0
13306,0
13310,0
13312,0
13316,0
13320,0
13326,0
13328,0
13332,0
13338,0
13340,0
13346,0
13350,0
13352,0
13358,0
13362,0
13366,0
13368,0
13374,0
13378,0
13382,0
13384,0
13388,0
13392,0
13396,0
13402,0
13404,0
13410,0
13412,0
13418,0
13420,0
13426,0
13428,0
13434,0
13438,0
13442,0
13446,0
13448,0
13454,0
13458,0
13460,0
13466,0
13470,0
13474,0
13476,0
13480,0
13484,0
13490,0
13492,0
13498,0
13500,0
13506,0
13510,0
13512,0
13516,0
13520,0
13526,0
13528,0
13534,0
13538,0
13542,0
13546,0
13548,0
13552,0
13556,0
13560,0
13566,0
13568,0
13572,0
13576,0
13582,0
13584,0
13590,0
13592,0
13598,0
13602,0
13604,0
13608,0
13614,0
13618,0
13622,0
13626,0
13628,0
13634,0
13636,0
13640,0
13646,0
13650,0
13652,0
13656,0
13662,0
13664,0
13668,0
13674,0
13676,0
13680,0
13686,0
13690,0
13692,0
13696,0
13702,0
13704,0
13708,0
13712,0
13716,0
13720,0
13724,0
13730,0
13732,0
13738,0
13740,0
13746,0
13748,0
13752,0
13756,0
13760,0
13766,0
13770,0
13772,0
13778,0
13780,0
13786,0
13790,0
13792,0
13796,0
13802,0
13804,0
13808,0
13812,0
13818,0
13820,0
13826,0
13830,0
13832,0
13836,0
13842,0
13844,0
13848,0
13852,0
13856,0
13862,0
13864,0
13868,0
13874,0
13878,0
13880,0
13884,0
13888,0
13892,0
13896,0
13902,0
13904,0
13910,0
13914,0
13916,0
13922,0
13924,0
13928,0
13934,0
13938,0
13942,0
13946,0
13948,0
13952,0
13956,0
13960,0
13964,0
13968,0
13972,0
13976,0
13982,0
13986,0
13990,0
13994,0
13998,0
14000,0
14006,0
14010,0
14012,0
14018,0
14022,0
14026,0
14030,0
14032,0
14036,0
14042,0
14046,0
14050,0
14052,0
14058,0
14060,0
14066,0
14068,0
14072,0
14076,0
14080,0
14086,0
14088,0
14094,0
14098,0
14100,0
14104,0
14110,0
14114,0
14118,0
14120,0
14126,0
14128,0
14134,0
14138,0
14140,0
14144,0
14150,0
14154,0
14156,0
14162,0
14166,0
14170,0
14172,0
14178,0
14180,0
14184,0
14188,0
14194,0
14198,0
14200,0
14206,0
14208,0
14212,0
14216,0
14222,0
14226,0
14228,0
14232,0
14236,0
14242,0
14244,0
14248,0
14252,0
14258,0
14262,0
14264,0
14270,0
14272,0
14278,0
14282,0
14284,0
14288,0
14294,0
14296,0
14302,0
14306,0
14310,0
14312,0
14316,0
14320,0
14324,0
14328,0
14332,0
14338,0
14340,0
14346,0
14348,0
14354,0
14356,0
14360,0
14364,0
14368,0
14372,0
14376,0
14380,0
14384,0
14388,0
14394,0
14396,0
14400,0
14406,0
14408,0
14412,0
14416,0
14422,0
14424,0
14430,0
14432,0
14436,0
14440,0
14444,0
14448,0
14452,0
14456,0
14462,0
14464,0
14470,0
14474,0
14478,0
14482,0
14484,0
14488,0
14492,0
14496,0
14500,0
14504,0
14508,0
14514,0
14518,0
14522,0
14526,0
14528,0
14534,0
14538,0
14540,0
14544,0
14550,0
14552,0
14556,0
14562,0
14564,0
14568,0
14572,0
14576,0
14580,0
14586,0
14588,0
14592,0
14598,0
14600,0
14606,0
14610,0
14612,0
14618,0
14622,0
14624,0
14630,0
14632,0
14638,0
14642,0
14646,0
14648,0
14654,0
14656,0
14660,0
14664,0
14670,0
14674,0
14676,0
14682,0
14686,0
14688,0
14692,0
14698,0
14700,0
14704,0
14708,0
14712,0
14716,0
14722,0
14724,0
14728,0
14732,0
14736,0
14742,0
14744,0
14750,0
14754,0
14756,0
14760,0
14764,0
14770,0
14774,0
14778,0
14782,0
14786,0
14790,0
14792,0
14796,0
14802,0
14804,0
14810,0
14814,0
14816,0
14820,0
14826,0
14828,0
14834,0
14836,0
14842,0
14844,0
14848,0
14854,0
14858,0
14862,0
14864,0
14870,0
14872,0
14878,0
14882,0
14884,0
14890,0
14892,0
14898,0
14902,0
14906,0
14908,0
14912,0
14916,0
14922,0
14924,0
14928,0
14932,0
14938,0
14940,0
14946,0
14950,0
14952,0
14956,0
14962,0
14966,0
14968,0
14974,0
14976,0
14982,0
14984,0
14990,0
14992,0
14996,0
15000,0
15006,0
15010,0
15012,0
15018,0
15020,0
15026,0
15030,0
15034,0
15038,0
15042,0
15044,0
15050,0
15054,0
15056,0
15062,0
15066,0
15070,0
15072,0
15078,0
15082,0
15086,0
15090,0
15092,0
15096,0
15102,0
15106,0
15110,0
15112,0
15116,0
15122,0
15126,0
15130,0
15132,0
15138,0
15142,0
15146,0
15148,0
15152,0
15156,0
15162,0
15166,0
15168,0
15174,0
15176,0
15180,0
15184,0
15190,0
15192,0
15196,0
15200,0
15206,0
15210,0
15214,0
15218,0
15222,0
15226,0
15230,0
15232,0
15238,0
15242,0
15244,0
15248,0
15252,0
15256,0
15262,0
15266,0
15270,0
15274,0
15278,0
15282,0
15286,0
15288,0
15294,0
15296,0
15300,0
15304,0
15308,0
15314,0
15316,0
15320,0
15324,0
15330,0
15334,0
15338,0
15342,0
15344,0
15348,0
15352,0
15358,0
15360,0
15366,0
15370,0
15372,0
15378,0
15382,0
15384,0
15390,0
15394,0
15398,0
15400,0
15404,0
15408,0
15414,0
15416,0
15420,0
15426,0
15428,0
15432,0
15438,0
15440,0
15444,0
15450,0
15454,0
15458,0
15460,0
15464,0
15468,0
15474,0
15476,0
15482,0
15486,0
15490,0
15492,0
15498,0
15502,0
15506,0
15510,0
15512,0
15516,0
15522,0
15524,0
15530,0
15534,0
15538,0
15542,0
15544,0
15550,0
15554,0
15556,0
15560,0
15566,0
15570,0
15574,0
15576,0
15580,0
15586,0
15590,0
15592,0
15596,0
15602,0
15606,0
15610,0
15614,0
15618,0
15622,0
15624,0
15630,0
15632,0
15636,0
15642,0
15646,0
15648,0
15652,0
15658,0
15660,0
15666,0
15670,0
15674,0
15676,0
15682,0
15686,0
15690,0
15692,0
15696,0
15700,0
15706,0
15710,0
15714,0
15718,0
15720,0
15724,0
15730,0
15734,0
15738,0
15740,0
15744,0
15750,0
15754,0
15758,0
15762,0
15766,0
15768,0
15772,0
15778,0
15782,0
15784,0
15790,0
15792,0
15798,0
15802,0
15804,0
15808,0
15814,0
15816,0
15820,0
15826,0
15830,0
15834,0
15836,0
15842,0
15846,0
15848,0
15852,0
15858,0
15860,0
15864,0
15870,0
15874,0
15876,0
15880,0
15886,0
15890,0
15894,0
15898,0
15900,0
15904,0
15910,0
15914,0
15918,0
15920,0
15926,0
15930,0
15932,0
15936,0
15942,0
15944,0
15950,0
15954,0
15958,0
15962,0
15964,0
15970,0
15974,0
15976,0
15980,0
15986,0
15988,0
15994,0
15998,0
16000,0
16004,0
16008,0
16014,0
16018,0
16022,0
16024,0
16030,0
16032,0
16038,0
16040,0
16044,0
16048,0
16054,0
16056,0
16060,0
16066,0
16068,0
16074,0
16076,0
16082,0
16084,0
16088,0
16092,0
16096,0
16100,0
16104,0
16110,0
16112,0
16116,0
16120,0
16126,0
16128,0
16132,0
16136,0
16142,0
16146,0
16148,0
16152,0
16158,0
16160,0
16166,0
16170,0
16172,0
16176,0
16182,0
16186,0
16190,0
16194,0
16196,0
16202,0
16206,0
16210,0
16214,0
16218,0
16222,0
16226,0
16228,0
16232,0
16236,0
16240,0
16246,0
16250,0
16252,0
16258,0
16262,0
16266,0
16270,0
16272,0
16278,0
16280,0
16284,0
16288,0
16292,0
16296,0
16302,0
16306,0
16310,0
16312,0
16318,0
16320,0
16324,0
16328,0
16334,0
16338,0
16342,0
16344,0
16350,0
16354,0
16356,0
16362,0
16366,0
16370,0
16372,0
16378,0
16382,0
16386,0
16388,0
16392,0
16398,0
16400,0
16404,0
16410,0
16412,0
16416,0
16420,0
16426,0
16428,0
16434,0
16436,0
16442,0
16446,0
16448,0
16454,0
16456,0
16462,0
16464,0
16468,0
16472,0
16476,0
16482,0
16486,0
16490,0
16492,0
16498,0
16502,0
16506,0
16510,0
16514,0
16518,0
16520,0
16526,0
16528,0
16532,0
16536,0
16540,0
16544,0
16550,0
16552,0
16558,0
16562,0
16566,0
16570,0
16574,0
16576,0
16582,0
16586,0
16590,0
16592,0
16598,0
16602,0
16606,0
16610,0
16612,0
16618,0
16620,0
16626,0
16630,0
16634,0
16638,0
16640,0
16644,0
16648,0
16652,0
16656,0
16660,0
16666,0
16668,0
16672,0
16678,0
16682,0
16686,0
16690,0
16692,0
16698,0
16702,0
16704,0
16708,0
16712,0
16716,0
16722,0
16726,0
16730,0
16732,0
16736,0
16740,0
16746,0
16750,0
16754,0
16756,0
16760,0
16764,0
16768,0
16774,0
16776,0
16780,0
16786,0
16790,0
16792,0
16798,0
16802,0
16804,0
16810,0
16812,0
16816,0
16820,0
16826,0
16828,0
16832,0
16836,0
16840,0
16846,0
16850,0
16854,0
16856,0
16862,0
16864,0
16870,0
16874,0
16878,0
16882,0
16886,0
16890,0
16892,0
16896,0
16900,0
16904,0
16908,0
16914,0
16918,0
16922,0
16924,0
16930,0
16932,0
16936,0
16942,0
16944,0
16948,0
16952,0
16956,0
16960,0
16964,0
16968,0
16974,0
16976,0
16980,0
16986,0
16988,0
16994,0
16996,0
17002,0
17004,0
17010,0
17014,0
17016,0
17020,0
17026,0
17030,0
17032,0
17036,0
17040,0
17046,0
17050,0
17054,0
17056,0
17062,0
17064,0
17068,0
17074,0
17076,0
17082,0
17086,0
17090,0
17094,0
17098,0
17102,0
17106,0
17108,0
17114,0
17116,0
17120,0
17124,0
17128,0
17134,0
17138,0
17142,0
17146,0
17148,0
17152,0
17158,0
17162,0
17164,0
17170,0
17172,0
17178,0
17182,0
17186,0
17190,0
17194,0
17198,0
17200,0
17204,0
17208,0
17214,0
17218,0
17222,0
17224,0
17228,0
17234,0
17238,0
17240,0
17246,0
17250,0
17254,0
17258,0
17262,0
17264,0
17268,0
17274,0
17276,0
17280,0
17284,0
17288,0
17294,0
17296,0
17302,0
17304,0
17308,0
17312,0
17318,0
17322,0
17324,0
17328,0
17334,0
17338,0
17342,0
17346,0
17350,0
17352,0
17356,0
17360,0
17364,0
17368,0
17372,0
17378,0
17382,0
17386,0
17390,0
17394,0
17396,0
17402,0
17406,0
17410,0
17414,0
17416,0
17422,0
17424,0
17428,0
17434,0
17438,0
17440,0
17444,0
17450,0
17452,0
17456,0
17462,0
17466,0
17470,0
17472,0
17478,0
17482,0
17486,0
17488,0
17494,0
17498,0
17502,0
17504,0
17508,0
17514,0
17516,0
17520,0
17524,0
17530,0
17534,0
17536,0
17540,0
17546,0
17548,0
17552,0
17556,0
17562,0
17564,0
17570,0
17574,0
17576,0
17582,0
17584,0
17588,0
17592,0
17596,0
17602,0
17606,0
17610,0
17614,0
17618,0
17620,0
17626,0
17630,0
17632,0
17636,0
17642,0
17646,0
17648,0
17654,0
17656,0
17660,0
17666,0
17670,0
17674,0
17678,0
17680,0
17684,0
17688,0
17694,0
17698,0
17700,0
17704,0
17710,0
17712,0
17716,0
17720,0
17724,0
17730,0
17734,0
17738,0
17740,0
17744,0
17748,0
17752,0
17756,0
17760,0
17766,0
17770,0
17774,0
17776,0
17780,0
17786,0
17790,0
17794,0
17796,0
17802,0
17806,0
17810,0
17814,0
17816,0
17820,0
17826,0
17828,0
17832,0
17836,0
17840,0
17844,0
17848,0
17852,0
17858,0
17862,0
17864,0
17870,0
17872,0
17876,0
17880,0
17884,0
17888,0
17894,0
17898,0
17900,0
17906,0
17910,0
17912,0
17918,0
17922,0
17926,0
17928,0
17932,0
17936,0
17942,0
17946,0
17950,0
17954,0
17958,0
17962,0
17964,0
17970,0
17974,0
17976,0
17980,0
17986,0
17988,0
17992,0
17998,0
18002,0
18004,0
18010,0
18014,0
18018,0
18022,0
18026,0
18030,0
18032,0
18038,0
18040,0
18046,0
18048,0
18052,0
18056,0
18060,0
18066,0
18070,0
18072,0
18078,0
18080,0
18086,0
18090,0
18094,0
18098,0
18102,0
18106,0
18108,0
18114,0
18118,0
18122,0
18124,0
18130,0
18132,0
18138,0
18142,0
18146,0
18150,0
18152,0
18158,0
18160,0
18164,0
18170,0
18174,0
18176,0
18182,0
18186,0
18188,0
18192,0
18198,0
18202,0
18204,0
18210,0
18212,0
18218,0
18220,0
18226,0
18228,0
18232,0
18236,0
18240,0
18246,0
18250,0
18254,0
18258,0
18260,0
18264,0
18285,0
18291,0
18293,0
18299,0
18301,0
18307,0
18309,0
18315,0
18317,0
18323,0
18325,0
18331,0
18333,0
18339,0
18341,0
18347,0
18349,0
18355,0
18357,0
18363,0
18365,0
18371,0
18375,0
18377,0
18383,0
18385,0
18391,0
18393,0
18399,0
18401,0
18407,0
18409,0
18415,0
18417,0
18423,0
18425,0
18431,0
18433,0
18439,0
18441,0
18447,0
18449,0
18455,0
18457,0
18463,0
18465,0
18471,0
18473,0
18479,0
18481,0
18487,0
18489,0
18495,0
18497,0
18503,0
18505,0
18511,0
18513,0
18519,0
18521,0
18527,0
18529,0
18535,0
18537,0
18543,0
18545,0
18551,0
18553,0
18559,0
18561,0
18567,0
18569,0
18575,0
18577,0
18583,0
18585,0
18591,0
18593,0
18599,0
18601,0
18607,0
18609,0
18615,0
18617,0
18623,0
18625,0
18631,0
18633,0
18639,0
18641,0
18647,0
18649,0
18655,0
18657,0
18663,0
18665,0
18671,0
18673,0
18679,0
18681,0
18687,0
18689,0
18695,0
18697,0
18703,0
18705,0
18711,0
18713,0
18719,0
18721,0
18727,0
18729,0
18735,0
18737,0
18743,0
18745,0
18751,0
18753,0
18759,0
18761,0
18767,0
18769,0
18773,0
18779,0
18781,0
18787,0
18789,0
18795,0
18797,0
18803,0
18805,0
18811,0
18813,0
18819,0
18821,0
18825,0
18831,0
18833,0
18839,0
18841,0
18847,0
18849,0
18855,0
18857,0
18863,0
18865,0
18871,0
18873,0
18879,0
18881,0
18887,0
18889,0
18895,0
18897,0
18903,0
18905,0
18911,0
18913,0
18919,0
18921,0
18927,0
18929,0
18935,0
18937,0
18943,0
18945,0
18951,0
18953,0
18957,0
18963,0
18965,0
18971,0
18973,0
18979,0
18981,0
18987,0
18989,0
18995,0
18997,0
19003,0
19005,0
19011,0
19013,0
19019,0
19021,0
19027,0
19029,0
19035,0
19037,0
19043,0
19045,0
19051,0
19053,0
19059,0
19061,0
19067,0
19069,0
19075,0
19077,0
19083,0
19085,0
19091,0
19093,0
19099,0
19101,0
19107,0
19109,0
19115,0
19117,0
19123,0
19125,0
19131,0
19133,0
19139,0
19141,0
19147,0
19149,0
19155,0
19157,0
19163,0
19165,0
19171,0
19173,0
19179,0
19181,0
19187,0
19189,0
19195,0
19197,0
19203,0
19205,0
19211,0
19215,0
19217,0
19223,0
19225,0
19231,0
19233,0
19239,0
19241,0
19247,0
19249,0
19255,0
19257,0
19263,0
19265,0
19271,0
19273,0
19279,0
19281,0
19287,0
19289,0
19295,0
19297,0
19303,0
19305,0
19311,0
19313,0
19319,0
19321,0
19327,0
19329,0
19335,0
19337,0
19343,0
19345,0
19351,0
19353,0
19359,0
19361,0
19367,0
19369,0
19375,0
19377,0
19383,0
19385,0
19391,0
19393,0
19399,0
19401,0
19407,0
19409,0
19415,0
19417,0
19423,0
19425,0
19431,0
19433,0
19439,0
19441,0
19447,0
19449,0
19455,0
19457,0
19463,0
19465,0
19471,0
19473,0
19479,0
19481,0
19487,0
19489,0
19495,0
19497,0
19503,0
19505,0
19511,0
19513,0
19519,0
19521,0
19527,0
19529,0
19535,0
19537,0
19543,0
19545,0
19551,0
19553,0
19559,0
19561,0
19567,0
19569,0
19575,0
19577,0
19583,0
19585,0
19591,0
19593,0
19599,0
19601,0
19607,0
19609,0
19615,0
19617,0
19623,0
19625,0
19631,0
19633,0
19637,0
19643,0
19645,0
19651,0
19653,0
19659,0
19661,0
19667,0
19669,0
19675,0
19677,0
19683,0
19685,0
19691,0
19693,0
19699,0
19701,0
19707,0
19709,0
19715,0
19717,0
19723,0
19725,0
19731,0
19733,0
19739,0
19741,0
19747,0
19749,0
19755,0
19757,0
19763,0
19765,0
19771,0
19773,0
19779,0
19783,0
19785,0
19791,0
19793,0
19799,0
19801,0
19807,0
19809,0
19815,0
19817,0
19823,0
19825,0
19831,0
19833,0
19839,0
19841,0
19847,0
19849,0
19855,0
19857,0
19863,0
19865,0
19871,0
19873,0
19879,0
19881,0
19887,0
19889,0
19895,0
19897,0
19903,0
19905,0
19909,0
19915,0
19917,0
19923,0
19925,0
19931,0
19933,0
19939,0
19941,0
19947,0
19949,0
19955,0
19957,0
19963,0
19965,0
19971,0
19973,0
19979,0
19981,0
19987,0
19989,0
19995,0
19997,0
20003,0
20005,0
20011,0
20013,0
20019,0
20021,0
20027,0
20029,0
20035,0
20037,0
20043,0
20045,0
20051,0
20053,0
20059,0
20061,0
20067,0
20069,0
20075,0
20079,0
20081,0
20087,0
20089,0
20095,0
20097,0
20103,0
20105,0
20111,0
20113,0
20119,0
20121,0
20127,0
20129,0
20135,0
20137,0
20143,0
20145,0
20151,0
20153,0
20159,0
20161,0
20167,0
20169,0
20175,0
20177,0
20183,0
20185,0
20191,0
20193,0
20199,0
20201,0
20207,0
20209,0
20215,0
20217,0
20223,0
20225,0
20231,0
20235,0
20237,0
20243,0
20245,0
20251,0
20253,0
20259,0
20261,0
20267,0
20269,0
20275,0
20277,0
20281,0
20285,0
20291,0
20293,0
20299,0
20301,0
20307,0
20309,0
20315,0
20317,0
20323,0
20325,0
20331,0
20333,0
20339,0
20341,0
20347,0
20349,0
20355,0
20357,0
20363,0
20365,0
20371,0
20373,0
20379,0
20381,0
20387,0
20389,0
20395,0
20397,0
20403,0
20405,0
20411,0
20413,0
20419,0
20421,0
20427,0
20429,0
20435,0
20437,0
20443,0
20445,0
20451,0
20453,0
20459,0
20461,0
20467,0
20469,0
20475,0
20477,0
20483,0
20485,0
20491,0
20493,0
20499,0
20501,0
20507,0
20509,0
20513,0
20519,0
20521,0
20527,0
20529,0
20535,0
20537,0
20543,0
20545,0
20551,0
20553,0
20559,0
20561,0
20567,0
20569,0
20575,0
20577,0
20583,0
20585,0
20591,0
20593,0
20599,0
20601,0
20607,0
20609,0
20613,0
20619,0
20621,0
20627,0
20629,0
20635,0
20637,0
20643,0
20645,0
20651,0
20653,0
20659,0
20661,0
20667,0
20669,0
20675,0
20677,0
20683,0
20685,0
20691,0
20693,0
20699,0
20701,0
20707,0
20709,0
20715,0
20717,0
20723,0
20725,0
20731,0
20733,0
20739,0
20741,0
20747,0
20749,0
20755,0
20757,0
20763,0
20765,0
20771,0
20773,0
20779,0
20781,0
20785,0
20791,0
20793,0
20799,0
20801,0
20807,0
20809,0
20815,0
20817,0
20823,0
20825,0
20831,0
20833,0
20839,0
20841,0
20847,0
20849,0
20855,0
20857,0
20863,0
20865,0
20871,0
20873,0
20879,0
20881,0
20887,0
20889,0
20895,0
20897,0
20903,0
20905,0
20911,0
20913,0
20919,0
20921,0
20927,0
20929,0
20935,0
20937,0
20943,0
20945,0
20951,0
20953,0
20959,0
20961,0
20967,0
20969,0
20975,0
20977,0
20983,0
20985,0
20991,0
20993,0
20999,0
21001,0
21007,0
21009,0
21015,0
21017,0
21023,0
21025,0
21031,0
21033,0
21039,0
21041,0
21047,0
21049,0
21055,0
21057,0
21063,0
21065,0
21071,0
21073,0
21079,0
21081,0
21087,0
21089,0
21095,0
21097,0
21103,0
21105,0
21111,0
21113,0
21119,0
21121,0
21127,0
21129,0
21135,0
21137,0
21143,0
21145,0
21151,0
21153,0
21159,0
21161,0
21167,0
21169,0
21175,0
21177,0
21183,0
21185,0
21191,0
21195,0
21197,0
21203,0
21205,0
21211,0
21213,0
21219,0
21221,0
21227,0
21229,0
21235,0
21237,0
21243,0
21245,0
21251,0
21253,0
21259,0
21261,0
21267,0
21269,0
21275,0
21277,0
21283,0
21285,0
21291,0
21293,0
21299,0
21301,0
21307,0
21309,0
21315,0
21317,0
21323,0
21325,0
21331,0
21333,0
21339,0
21341,0
21347,0
21349,0
21355,0
21357,0
21363,0
21365,0
21371,0
21373,0
21379,0
21381,0
21387,0
21389,0
21395,0
21397,0
21403,0
21405,0
21411,0
21413,0
21419,0
21421,0
21427,0
21429,0
21435,0
21437,0
21443,0
21445,0
21451,0
21453,0
21459,0
21461,0
21467,0
21469,0
21475,0
21477,0
21483,0
21485,0
21491,0
21493,0
21499,0
21501,0
21507,0
21509,0
21515,0
21517,0
21523,0
21525,0
21531,0
21533,0
21539,0
21541,0
21547,0
21551,0
21553,0
21559,0
21561,0
21567,0
21569,0
21573,0
21579,0
21581,0
21587,0
21589,0
21595,0
21597,0
21603,0
21605,0
21611,0
21613,0
21619,0
21621,0
21627,0
21629,0
21635,0
21637,0
21643,0
21645,0
21651,0
21653,0
21659,0
21661,0
21667,0
21671,0
21673,0
21679,0
21681,0
21687,0
21689,0
21695,0
21697,0
21703,0
21705,0
21711,0
21713,0
21719,0
21721,0
21727,0
21729,0
21735,0
21737,0
21743,0
21745,0
21751,0
21753,0
21759,0
21761,0
21767,0
21769,0
21775,0
21777,0
21783,0
21785,0
21791,0
21793,0
21799,0
21801,0
21807,0
21809,0
21815,0
21817,0
21823,0
21825,0
21831,0
21833,0
21839,0
21841,0
21847,0
21849,0
21855,0
21857,0
21863,0
21865,0
21871,0
21873,0
21879,0
21883,0
21885,0
21891,0
21893,0
21899,0
21901,0
21907,0
21909,0
21915,0
21917,0
21923,0
21925,0
21931,0
21933,0
21939,0
21941,0
21947,0
21949,0
21955,0
21957,0
21963,0
21965,0
21971,0
21973,0
21979,0
21981,0
21987,0
21989,0
21995,0
21997,0
22003,0
22005,0
22011,0
22013,0
22019,0
22021,0
22027,0
22029,0
22035,0
22037,0
22043,0
22045,0
22051,0
22053,0
22059,0
22061,0
22067,0
22069,0
22075,0
22077,0
22083,0
22085,0
22091,0
22093,0
22099,0
22101,0
22107,0
22109,0
22115,0
22117,0
22123,0
22125,0
22131,0
22133,0
22139,0
22141,0
22147,0
22149,0
22155,0
22157,0
22163,0
22165,0
22171,0
22173,0
22179,0
22181,0
22185,0
22191,0
22193,0
22199,0
22201,0
22207,0
22209,0
22215,0
22217,0
22223,0
22225,0
22231,0
22233,0
22239,0
22241,0
22247,0
22249,0
22255,0
22257,0
22263,0
22265,0
22271,0
22273,0
22279,0
22281,0
22287,0
22289,0
22295,0
22297,0
22303,0
22305,0
22311,0
22313,0
22319,0
22321,0
22327,0
22329,0
22335,0
22337,0
22343,0
22345,0
22351,0
22353,0
22359,0
22361,0
22367,0
22369,0
22375,0
22377,0
22383,0
22385,0
22391,0
22393,0
22399,0
22401,0
22407,0
22409,0
22415,0
22417,0
22423,0
22425,0
22431,0
22433,0
22439,0
22441,0
22447,0
22449,0
22455,0
22457,0
22463,0
22465,0
22471,0
22473,0
22479,0
22481,0
22487,0
22489,0
22495,0
22497,0
22503,0
22505,0
22511,0
22513,0
22519,0
22521,0
22527,0
22529,0
22535,0
22537,0
22543,0
22545,0
22551,0
22553,0
22559,0
22561,0
22567,0
22569,0
22575,0
22577,0
22583,0
22585,0
22591,0
22593,0
22599,0
22601,0
22607,0
22609,0
22615,0
22617,0
22623,0
22625,0
22631,0
22633,0
22639,0
22641,0
22647,0
22649,0
22655,0
22657,0
22663,0
22665,0
22671,0
22673,0
22679,0
22681,0
22687,0
22689,0
22695,0
22697,0
22703,0
22705,0
22711,0
22713,0
22719,0
22721,0
22727,0
22729,0
22735,0
22737,0
22743,0
22745,0
22751,0
22753,0
22759,0
22761,0
22767,0
22769,0
22775,0
22777,0
22783,0
22785,0
22791,0
22793,0
22799,0
22801,0
22807,0
22809,0
22815,0
22817,0
22823,0
22825,0
22831,0
22833,0
22837,0
22843,0
22845,0
22851,0
22853,0
22859,0
22861,0
22867,0
22869,0
22875,0
22877,0
22883,0
22885,0
22889,0
22895,0
22897,0
22903,0
22905,0
22911,0
22913,0
22919,0
22921,0
22927,0
22929,0
22935,0
22937,0
22943,0
22945,0
22951,0
22953,0
22959,0
22961,0
22967,0
22969,0
22975,0
22977,0
22983,0
22985,0
22991,0
22993,0
22999,0
23001,0
23007,0
23009,0
23015,0
23017,0
23023,0
23025,0
23031,0
23033,0
23039,0
23041,0
23047,0
23049,0
23055,0
23057,0
23063,0
23065,0
23071,0
23073,0
23079,0
23081,0
23087,0
23089,0
23095,0
23097,0
23103,0
23105,0
23111,0
23113,0
23119,0
23121,0
23127,0
23129,0
23135,0
23139,0
23141,0
23147,0
23149,0
23155,0
23157,0
23163,0
23165,0
23171,0
23173,0
23179,0
23181,0
23187,0
23189,0
23195,0
23197,0
23203,0
23205,0
23211,0
23213,0
23219,0
23221,0
23227,0
23229,0
23235,0
23237,0
23243,0
23245,0
23251,0
23253,0
23259,0
23263,0
23265,0
23269,0
23275,0
23277,0
23283,0
23285,0
23291,0
23293,0
23299,0
23301,0
23307,0
23309,0
23315,0
23317,0
23323,0
23325,0
23331,0
23333,0
23337,0
23341,0
23345,0
23351,0
23353,0
23359,0
23361,0
23367,0
23369,0
23375,0
23377,0
23383,0
23385,0
23389,0
23395,0
23397,0
23403,0
23405,0
23411,0
23413,0
23419,0
23421,0
23427,0
23429,0
23435,0
23437,0
23443,0
23445,0
23451,0
23453,0
23459,0
23461,0
23465,0
23471,0
23473,0
23479,0
23481,0
23487,0
23489,0
23493,0
23499,0
23501,0
23507,0
23509,0
23515,0
23517,0
23523,0
23525,0
23531,0
23533,0
23539,0
23541,0
23547,0
23549,0
23555,0
23557,0
23563,0
23565,0
23571,0
23573,0
23579,0
23581,0
23587,0
23589,0
23595,0
23597,0
23603,0
23605,0
23611,0
23613,0
23619,0
23621,0
23627,0
23629,0
23635,0
23637,0
23641,0
23647,0
23649,0
23655,0
23657,0
23663,0
23665,0
23671,0
23673,0
23679,0
23681,0
23687,0
23689,0
23695,0
23697,0
23703,0
23707,0
23709,0
23715,0
23717,0
23723,0
23725,0
23731,0
23733,0
23739,0
23741,0
23747,0
23749,0
23755,0
23759,0
23761,0
23767,0
23769,0
23775,0
23779,0
23783,0
23787,0
23789,0
23795,0
23797,0
23803,0
23807,0
23811,0
23815,0
23819,0
23823,0
23825,0
23831,0
23833,0
23839,0
23841,0
23847,0
23849,0
23855,0
23857,0
23863,0
23865,0
23871,0
23873,0
23879,0
23881,0
23887,0
23889,0
23895,0
23897,0
23901,0
23907,0
23909,0
23915,0
23917,0
23923,0
23925,0
23931,0
23933,0
23939,0
23941,0
23947,0
23949,0
23955,0
23957,0
23963,0
23965,0
23971,0
23973,0
23979,0
23983,0
23985,0
23991,0
23993,0
23999,0
24001,0
24007,0
24009,0
24015,0
24017,0
24023,0
24025,0
24031,0
24033,0
24037,0
24043,0
24045,0
24051,0
24053,0
24059,0
24061,0
24067,0
24069,0
24075,0
24077,0
24083,0
24085,0
24091,0
24093,0
24099,0
24101,0
24107,0
24109,0
24115,0
24117,0
24123,0
24125,0
24131,0
24133,0
24139,0
24141,0
24147,0
24149,0
24155,0
24157,0
24163,0
24165,0
24171,0
24173,0
24179,0
24181,0
24187,0
24189,0
24193,0
24199,0
24201,0
24207,0
24209,0
24215,0
24217,0
24223,0
24225,0
24231,0
24233,0
24239,0
24241,0
24247,0
24249,0
24255,0
24257,0
24263,0
24265,0
24271,0
24273,0
24279,0
24281,0
24287,0
24289,0
24295,0
24297,0
24303,0
24307,0
24309,0
24315,0
24317,0
24323,0
24325,0
24331,0
24333,0
24339,0
24341,0
24347,0
24349,0
24355,0
24357,0
24363,0
24365,0
24371,0
24373,0
24379,0
24381,0
24387,0
24389,0
24395,0
24397,0
24403,0
24405,0
24411,0
24413,0
24419,0
24421,0
24427,0
24429,0
24435,0
24437,0
24443,0
24445,0
24451,0
24453,0
24459,0
24461,0
24467,0
24469,0
24475,0
24477,0
24483,0
24485,0
24491,0
24493,0
24499,0
24501,0
24507,0
24509,0
24515,0
24517,0
24523,0
24525,0
24531,0
24533,0
24539,0
24541,0
24547,0
24551,0
24553,0
24559,0
24561,0
24567,0
24569,0
24575,0
24577,0
24583,0
24585,0
24591,0
24593,0
24599,0
24601,0
24607,0
24609,0
24615,0
24617,0
24623,0
24625,0
24631,0
24633,0
24639,0
24641,0
24647,0
24649,0
24655,0
24657,0
24663,0
24665,0
24671,0
24673,0
24679,0
24681,0
24687,0
24689,0
24695,0
24697,0
24703,0
24705,0
24711,0
24713,0
24719,0
24721,0
24727,0
24729,0
24735,0
24737,0
24743,0
24745,0
24751,0
24753,0
24759,0
24761,0
24767,0
24769,0
24775,0
24777,0
24783,0
24785,0
24791,0
24795,0
24797,0
24803,0
24805,0
24811,0
24813,0
24819,0
24821,0
24827,0
24829,0
24835,0
24837,0
24843,0
24845,0
24851,0
24853,0
24859,0
24861,0
24867,0
24869,0
24875,0
24877,0
24883,0
24885,0
24891,0
24893,0
24899,0
24901,0
24907,0
24909,0
24915,0
24917,0
24923,0
24927,0
24929,0
24935,0
24937,0
24943,0
24945,0
24951,0
24953,0
24959,0
24961,0
24965,0
24971,0
24973,0
24979,0
24983,0
24987,0
24989,0
24995,0
24997,0
25001,0
25007,0
25009,0
25015,0
25017,0
25023,0
25025,0
25031,0
25033,0
25039,0
25041,0
25047,0
25051,0
25053,0
25059,0
25061,0
25067,0
25069,0
25075,0
25077,0
25083,0
25085,0
25091,0
25093,0
25099,0
25101,0
25107,0
25109,0
25115,0
25117,0
25123,0
25125,0
25129,0
25135,0
25137,0
25143,0
25145,0
25151,0
25153,0
25159,0
25161,0
25167,0
25171,0
25173,0
25179,0
25181,0
25187,0
25189,0
25195,0
25197,0
25203,0
25205,0
25211,0
25213,0
25217,0
25223,0
25225,0
25231,0
25235,0
25237,0
25241,0
25247,0
25251,0
25255,0
25257,0
25263,0
25265,0
25271,0
25273,0
25279,0
25281,0
25287,0
25289,0
25295,0
25297,0
25303,0
25305,0
25311,0
25313,0
25319,0
25321,0
25327,0
25329,0
25335,0
25337,0
25343,0
25345,0
25351,0
25353,0
25359,0
25361,0
25367,0
25371,0
25373,0
25379,0
25381,0
25387,0
25389,0
25393,0
25399,0
25403,0
25405,0
25411,0
25413,0
25419,0
25421,0
25427,0
25429,0
25435,0
25437,0
25443,0
25445,0
25449,0
25455,0
25457,0
25463,0
25467,0
25469,0
25475,0
25479,0
25481,0
25487,0
25489,0
25495,0
25497,0
25503,0
25505,0
25511,0
25513,0
25517,0
25523,0
25525,0
25531,0
25533,0
25539,0
25541,0
25547,0
25549,0
25555,0
25557,0
25563,0
25565,0
25571,0
25573,0
25579,0
25581,0
25587,0
25589,0
25595,0
25599,0
25601,0
25607,0
25609,0
25615,0
25617,0
25623,0
25625,0
25631,0
25633,0
25639,0
25641,0
25647,0
25649,0
25655,0
25657,0
25663,0
25665,0
25671,0
25673,0
25679,0
25681,0
25687,0
25689,0
25695,0
25697,0
25703,0
25705,0
25711,0
25713,0
25719,0
25721,0
25727,0
25729,0
25735,0
25737,0
25743,0
25745,0
25749,0
25755,0
25757,0
25763,0
25765,0
25771,0
25773,0
25779,0
25783,0
25785,0
25791,0
25793,0
25799,0
25801,0
25807,0
25809,0
25815,0
25817,0
25821,0
25827,0
25829,0
25835,0
25837,0
25843,0
25845,0
25851,0
25853,0
25859,0
25861,0
25867,0
25869,0
25873,0
25879,0
25881,0
25887,0
25889,0
25895,0
25897,0
25903,0
25905,0
25911,0
25913,0
25919,0
25921,0
25927,0
25931,0
25933,0
25939,0
25941,0
25947,0
25949,0
25955,0
25957,0
25963,0
25965,0
25971,0
25973,0
25979,0
25981,0
25985,0
25991,0
25993,0
25999,0
26001,0
26007,0
26011,0
26013,0
26019,0
26021,0
26027,0
26029,0
26035,0
26037,0
26043,0
26045,0
26051,0
26053,0
26059,0
26061,0
26065,0
26071,0
26073,0
26079,0
26081,0
26087,0
26089,0
26095,0
26097,0
26103,0
26105,0
26111,0
26113,0
26119,0
26121,0
26127,0
26129,0
26135,0
26137,0
26143,0
26145,0
26151,0
26153,0
26159,0
26161,0
26167,0
26169,0
26175,0
26177,0
26183,0
26187,0
26189,0
26195,0
26197,0
26203,0
26205,0
26211,0
26213,0
26219,0
26221,0
26227,0
26229,0
26235,0
26237,0
26243,0
26245,0
26251,0
26253,0
26259,0
26261,0
26267,0
26269,0
26275,0
26277,0
26281,0
26287,0
26289,0
26295,0
26297,0
26303,0
26305,0
26311,0
26313,0
26319,0
26321,0
26327,0
26329,0
26335,0
26337,0
26343,0
26345,0
26351,0
26353,0
26359,0
26361,0
26367,0
26369,0
26375,0
26377,0
26383,0
26385,0
26391,0
26393,0
26399,0
26401,0
26407,0
26409,0
26415,0
26417,0
26423,0
26425,0
26431,0
26433,0
26439,0
26441,0
26447,0
26451,0
26453,0
26459,0
26461,0
26467,0
26469,0
26475,0
26477,0
26483,0
26485,0
26491,0
26493,0
26499,0
26501,0
26507,0
26511,0
26513,0
26519,0
26521,0
26527,0
26529,0
26535,0
26537,0
26541,0
26547,0
26549,0
26555,0
26557,0
26563,0
26565,0
26571,0
26573,0
26579,0
26581,0
26587,0
26589,0
26595,0
26597,0
26601,0
26607,0
26609,0
26615,0
26617,0
26623,0
26625,0
26631,0
26633,0
26639,0
26641,0
26647,0
26649,0
26655,0
26657,0
26663,0
26665,0
26671,0
26673,0
26679,0
26681,0
26687,0
26689,0
26695,0
26697,0
26701,0
26707,0
26709,0
26715,0
26717,0
26723,0
26725,0
26731,0
26733,0
26739,0
26741,0
26747,0
26749,0
26755,0
26757,0
26763,0
26765,0
26771,0
26773,0
26779,0
26781,0
26787,0
26789,0
26795,0
26797,0
26803,0
26805,0
26811,0
26813,0
26819,0
26821,0
26827,0
26831,0
26833,0
26839,0
26841,0
26847,0
26849,0
26855,0
26857,0
26863,0
26865,0
26871,0
26875,0
26877,0
26883,0
26885,0
26891,0
26893,0
26899,0
26901,0
26907,0
26909,0
26915,0
26917,0
26923,0
26925,0
26931,0
26933,0
26939,0
26941,0
26947,0
26949,0
26955,0
26957,0
26963,0
26965,0
26971,0
26973,0
26979,0
26981,0
26987,0
26989,0
26995,0
26997,0
27003,0
27005,0
27011,0
27013,0
27019,0
27021,0
27027,0
27029,0
27035,0
27037,0
27043,0
27045,0
27051,0
27053,0
27059,0
27061,0
27067,0
27069,0
27075,0
27077,0
27083,0
27085,0
27091,0
27093,0
27099,0
27101,0
27107,0
27109,0
27115,0
27117,0
27123,0
27125,0
27131,0
27133,0
27139,0
27141,0
27147,0
27149,0
27155,0
27157,0
27163,0
27167,0
27169,0
27175,0
27177,0
27183,0
27185,0
27191,0
27193,0
27199,0
27201,0
27207,0
27209,0
27215,0
27217,0
27223,0
27225,0
27231,0
27233,0
27239,0
27241,0
27247,0
27249,0
27255,0
27257,0
27263,0
27265,0
27271,0
27273,0
27279,0
27281,0
27287,0
27289,0
27295,0
27297,0
27303,0
27305,0
27311,0
27313,0
27319,0
27321,0
27327,0
27329,0
27335,0
27337,0
27343,0
27345,0
27351,0
27353,0
27359,0
27361,0
27367,0
27369,0
27375,0
27377,0
27383,0
27385,0
27389,0
27395,0
27397,0
27403,0
27405,0
27411,0
27413,0
27419,0
27421,0
27427,0
27429,0
27435,0
27437,0
27443,0
27445,0
27451,0
27453,0
27459,0
27461,0
27467,0
27469,0
27475,0
27477,0
27483,0
27487,0
27489,0
27495,0
27497,0
27503,0
27505,0
27511,0
27513,0
27519,0
27521,0
27527,0
27529,0
27533,0
27539,0
27541,0
27547,0
27549,0
27555,0
27557,0
27561,0
27567,0
27569,0
27575,0
27577,0
27583,0
27585,0
27591,0
27593,0
27599,0
27601,0
27607,0
27609,0
27615,0
27617,0
27623,0
27625,0
27631,0
27633,0
27639,0
27641,0
27647,0
27649,0
27655,0
27657,0
27663,0
27665,0
27671,0
27673,0
27679,0
27681,0
27687,0
27689,0
27695,0
27697,0
27703,0
27705,0
27711,0
27713,0
27719,0
27721,0
27727,0
27731,0
27733,0
27739,0
27741,0
27745,0
27751,0
27753,0
27759,0
27761,0
27767,0
27769,0
27775,0
27777,0
27783,0
27785,0
27791,0
27793,0
27799,0
27801,0
27807,0
27809,0
27815,0
27817,0
27823,0
27825,0
27831,0
27833,0
27839,0
27841,0
27847,0
27849,0
27855,0
27857,0
27863,0
27865,0
27871,0
27873,0
27879,0
27881,0
27887,0
27889,0
27895,0
27899,0
27901,0
27907,0
27909,0
27915,0
27917,0
27923,0
27925,0
27931,0
27933,0
27939,0
27941,0
27947,0
27949,0
27955,0
27957,0
27963,0
27965,0
27971,0
27973,0
27977,0
27983,0
27985,0
27991,0
27993,0
27999,0
28001,0
28007,0
28009,0
28015,0
28017,0
28023,0
28025,0
28031,0
28033,0
28039,0
28041,0
28047,0
28049,0
28055,0
28057,0
28063,0
28065,0
28071,0
28073,0
28079,0
28081,0
28087,0
28089,0
28095,0
28097,0
28103,0
28105,0
28111,0
28113,0
28119,0
28121,0
28127,0
28129,0
28135,0
28137,0
28143,0
28145,0
28151,0
28153,0
28159,0
28163,0
28165,0
28171,0
28175,0
28177,0
28183,0
28185,0
28191,0
28193,0
28199,0
28201,0
28207,0
28209,0
28215,0
28217,0
28223,0
28225,0
28231,0
28233,0
28239,0
28241,0
28247,0
28249,0
28255,0
28257,0
28261,0
28267,0
28269,0
28275,0
28277,0
28283,0
28285,0
28291,0
28293,0
28299,0
28301,0
28307,0
28309,0
28315,0
28317,0
28323,0
28325,0
28331,0
28333,0
28339,0
28341,0
28347,0
28351,0
28353,0
28357,0
28363,0
28365,0
28371,0
28373,0
28379,0
28381,0
28387,0
28389,0
28395,0
28397,0
28403,0
28405,0
28411,0
28413,0
28419,0
28421,0
28427,0
28429,0
28435,0
28439,0
28441,0
28447,0
28449,0
28455,0
28457,0
28463,0
28465,0
28471,0
28473,0
28479,0
28481,0
28487,0
28489,0
28495,0
28497,0
28503,0
28505,0
28511,0
28513,0
28519,0
28521,0
28527,0
28529,0
28535,0
28537,0
28543,0
28545,0
28551,0
28553,0
28559,0
28561,0
28567,0
28569,0
28575,0
28577,0
28583,0
28585,0
28591,0
28593,0
28599,0
28601,0
28607,0
28609,0
28615,0
28617,0
28623,0
28625,0
28631,0
28633,0
28639,0
28641,0
28647,0
28649,0
28655,0
28657,0
28663,0
28665,0
28671,0
28673,0
28679,0
28681,0
28687,0
28689,0
28695,0
28697,0
28703,0
28705,0
28711,0
28713,0
28719,0
28721,0
28727,0
28729,0
28735,0
28737,0
28743,0
28745,0
28751,0
28753,0
28759,0
28761,0
28767,0
28769,0
28775,0
28777,0
28783,0
28785,0
28791,0
28793,0
28799,0
28803,0
28805,0
28811,0
28813,0
28819,0
28821,0
28827,0
28829,0
28835,0
28837,0
28843,0
28845,0
28851,0
28853,0
28859,0
28861,0
28867,0
28871,0
28873,0
28879,0
28881,0
28887,0
28889,0
28895,0
28897,0
28903,0
28905,0
28911,0
28913,0
28919,0
28923,0
28925,0
28931,0
28933,0
28939,0
28941,0
28947,0
28949,0
28955,0
28957,0
28963,0
28965,0
28971,0
28973,0
28979,0
28981,0
28987,0
28989,0
28995,0
28997,0
29003,0
29005,0
29011,0
29015,0
29017,0
29023,0
29025,0
29031,0
29033,0
29039,0
29041,0
29047,0
29049,0
29055,0
29057,0
29063,0
29065,0
29071,0
29073,0
29079,0
29081,0
29087,0
29089,0
29095,0
29097,0
29103,0
29105,0
29111,0
29113,0
29119,0
29121,0
29127,0
29129,0
29135,0
29137,0
29143,0
29145,0
29151,0
29153,0
29159,0
29161,0
29167,0
29169,0
29175,0
29177,0
29183,0
29185,0
29191,0
29193,0
29199,0
29201,0
29207,0
29209,0
29215,0
29217,0
29223,0
29225,0
29231,0
29233,0
29239,0
29241,0
29247,0
29249,0
29255,0
29257,0
29263,0
29265,0
29271,0
29273,0
29279,0
29281,0
29287,0
29289,0
29295,0
29297,0
29303,0
29305,0
29311,0
29313,0
29319,0
29321,0
29327,0
29329,0
29335,0
29337,0
29343,0
29347,0
29349,0
29355,0
29359,0
29361,0
29367,0
29369,0
29375,0
29377,0
29383,0
29385,0
29391,0
29393,0
29399,0
29401,0
29407,0
29409,0
29415,0
29417,0
29423,0
29425,0
29431,0
29433,0
29439,0
29441,0
29447,0
29449,0
29455,0
29457,0
29463,0
29465,0
29471,0
29473,0
29479,0
29481,0
29487,0
29489,0
29495,0
29497,0
29503,0
29505,0
29511,0
29513,0
29519,0
29521,0
29527,0
29529,0
29535,0
29537,0
29543,0
29545,0
29551,0
29553,0
29559,0
29561,0
29567,0
29569,0
29575,0
29577,0
29583,0
29585,0
29591,0
29593,0
29599,0
29601,0
29607,0
29609,0
29615,0
29619,0
29621,0
29627,0
29629,0
29635,0
29637,0
29643,0
29645,0
29651,0
29653,0
29659,0
29661,0
29667,0
29669,0
29675,0
29677,0
29683,0
29685,0
29691,0
29693,0
29699,0
29701,0
29707,0
29709,0
29715,0
29717,0
29723,0
29725,0
29731,0
29733,0
29739,0
29741,0
29747,0
29749,0
29753,0
29759,0
29761,0
29767,0
29769,0
29775,0
29777,0
29783,0
29785,0
29791,0
29795,0
29797,0
29803,0
29805,0
29811,0
29813,0
29819,0
29821,0
29825,0
29831,0
29833,0
29839,0
29841,0
29847,0
29851,0
29853,0
29859,0
29861,0
29867,0
29871,0
29875,0
29877,0
29883,0
29885,0
29891,0
29893,0
29899,0
29901,0
29907,0
29909,0
29915,0
29917,0
29923,0
29925,0
29929,0
29935,0
29937,0
29941,0
29945,0
29949,0
29955,0
29957,0
29963,0
29967,0
29969,0
29973,0
29979,0
29983,0
29985,0
29991,0
29993,0
29999,0
30001,0
30007,0
30009,0
30015,0
30017,0
30023,0
30025,0
30031,0
30033,0
30039,0
30041,0
30047,0
30049,0
30053,0
30059,0
30061,0
30067,0
30069,0
30075,0
30077,0
30083,0
30085,0
30091,0
30093,0
30099,0
30101,0
30107,0
30109,0
30115,0
30117,0
30123,0
30125,0
30131,0
30133,0
30139,0
30141,0
30147,0
30151,0
30153,0
30159,0
30161,0
30167,0
30169,0
30173,0
30179,0
30181,0
30187,0
30189,0
30195,0
30197,0
30203,0
30205,0
30211,0
30213,0
30219,0
30221,0
30227,0
30229,0
30235,0
30237,0
30243,0
30245,0
30251,0
30253,0
30259,0
30261,0
30267,0
30269,0
30275,0
30277,0
30283,0
30285,0
30291,0
30293,0
30299,0
30301,0
30307,0
30309,0
30315,0
30317,0
30323,0
30325,0
30331,0
30333,0
30339,0
30343,0
30345,0
30351,0
30353,0
30359,0
30361,0
30367,0
30369,0
30373,0
30379,0
30381,0
30387,0
30389,0
30395,0
30397,0
30403,0
30405,0
30411,0
30413,0
30419,0
30421,0
30427,0
30431,0
30433,0
30439,0
30441,0
30447,0
30449,0
30455,0
30457,0
30461,0
30467,0
30469,0
30475,0
30477,0
30483,0
30485,0
30491,0
30495,0
30497,0
30503,0
30505,0
30511,0
30513,0
30519,0
30521,0
30525,0
30531,0
30533,0
30539,0
30543,0
30547,0
30549,0
30555,0
30557,0
30563,0
30565,0
30571,0
30575,0
30577,0
30583,0
30585,0
30591,0
30593,0
30599,0
30601,0
30607,0
30609,0
30613,0
30617,0
30623,0
30625,0
30629,0
30635,0
30637,0
30643,0
30645,0
30651,0
30653,0
30659,0
30663,0
30665,0
30671,0
30673,0
30679,0
30683,0
30685,0
30691,0
30695,0
30697,0
30703,0
30705,0
30709,0
30715,0
30717,0
30723,0
30725,0
30731,0
30733,0
30739,0
30741,0
30747,0
30749,0
30755,0
30757,0
30763,0
30765,0
30771,0
30773,0
30779,0
30783,0
30785,0
30791,0
30793,0
30799,0
30801,0
30807,0
30809,0
30815,0
30817,0
30823,0
30825,0
30831,0
30833,0
30839,0
30841,0
30847,0
30849,0
30855,0
30857,0
30863,0
30865,0
30871,0
30873,0
30879,0
30881,0
30887,0
30889,0
30895,0
30897,0
30903,0
30905,0
30911,0
30913,0
30919,0
30921,0
30927,0
30929,0
30933,0
30939,0
30941,0
30947,0
30949,0
30955,0
30957,0
30963,0
30965,0
30971,0
30973,0
30979,0
30981,0
30987,0
30989,0
30995,0
30997,0
31003,0
31005,0
31011,0
31013,0
31019,0
31021,0
31027,0
31029,0
31035,0
31037,0
31041,0
31047,0
31049,0
31055,0
31057,0
31063,0
31065,0
31071,0
31073,0
31079,0
31081,0
31087,0
31089,0
31095,0
31097,0
31103,0
31105,0
31111,0
31113,0
31119,0
31121,0
31127,0
31129,0
31135,0
31137,0
31143,0
31145,0
31151,0
31153,0
31159,0
31161,0
31167,0
31169,0
31175,0
31177,0
31183,0
31185,0
31191,0
31193,0
31199,0
31201,0
31207,0
31209,0
31215,0
31217,0
31223,0
31225,0
31231,0
31233,0
31239,0
31241,0
31247,0
31249,0
31255,0
31257,0
31263,0
31265,0
31271,0
31273,0
31279,0
31281,0
31287,0
31289,0
31295,0
31297,0
31303,0
31305,0
31311,0
31313,0
31319,0
31321,0
31327,0
31329,0
31335,0
31337,0
31343,0
31345,0
31351,0
31355,0
31359,0
31361,0
31367,0
31369,0
31375,0
31377,0
31381,0
31387,0
31389,0
31395,0
31397,0
31403,0
31405,0
31411,0
31413,0
31419,0
31421,0
31427,0
31431,0
31433,0
31439,0
31441,0
31447,0
31449,0
31455,0
31457,0
31463,0
31465,0
31471,0
31473,0
31479,0
31481,0
31487,0
31489,0
31495,0
31497,0
31503,0
31505,0
31511,0
31513,0
31519,0
31521,0
31527,0
31529,0
31535,0
31537,0
31543,0
31545,0
31551,0
31553,0
31559,0
31561,0
31567,0
31569,0
31575,0
31577,0
31583,0
31585,0
31591,0
31593,0
31599,0
31601,0
31607,0
31609,0
31615,0
31617,0
31623,0
31625,0
31631,0
31633,0
31639,0
31641,0
31647,0
31649,0
31655,0
31657,0
31663,0
31665,0
31671,0
31673,0
31679,0
31681,0
31687,0
31689,0
31695,0
31697,0
31703,0
31705,0
31711,0
31713,0
31719,0
31721,0
31725,0
31731,0
31733,0
31739,0
31741,0
31747,0
31749,0
31755,0
31757,0
31763,0
31765,0
31771,0
31773,0
31779,0
31781,0
31785,0
31791,0
31793,0
31799,0
31801,0
31807,0
31811,0
31813,0
31819,0
31821,0
31827,0
31829,0
31835,0
31837,0
31843,0
31845,0
31851,0
31853,0
31859,0
31861,0
31867,0
31869,0
31875,0
31877,0
31883,0
31885,0
31891,0
31893,0
31899,0
31901,0
31905,0
31911,0
31913,0
31919,0
31921,0
31927,0
31929,0
31935,0
31937,0
31943,0
31947,0
31949,0
31955,0
31957,0
31963,0
31965,0
31971,0
31973,0
31979,0
31981,0
31987,0
31989,0
31995,0
31997,0
32003,0
32005,0
32011,0
32013,0
32019,0
32021,0
32027,0
32029,0
32033,0
32037,0
32043,0
32045,0
32051,0
32053,0
32059,0
32063,0
32065,0
32071,0
32073,0
32079,0
32081,0
32087,0
32089,0
32095,0
32097,0
32103,0
32105,0
32111,0
32113,0
32119,0
32121,0
32127,0
32129,0
32135,0
32139,0
32141,0
32145,0
32151,0
32153,0
32157,0
32163,0
32165,0
32171,0
32173,0
32179,0
32181,0
32187,0
32189,0
32193,0
32197,0
32203,0
32205,0
32211,0
32213,0
32219,0
32221,0
32227,0
32231,0
32235,0
32237,0
32243,0
32245,0
32251,0
32255,0
32257,0
32261,0
32267,0
32269,0
32275,0
32277,0
32283,0
32285,0
32291,0
32293,0
32299,0
32301,0
32307,0
32309,0
32315,0
32319,0
32321,0
32327,0
32329,0
32335,0
32337,0
32343,0
32345,0
32351,0
32353,0
32359,0
32361,0
32367,0
32369,0
32375,0
32377,0
32383,0
32385,0
32391,0
32393,0
32399,0
32401,0
32407,0
32409,0
32413,0
32419,0
32421,0
32427,0
32429,0
32435,0
32437,0
32443,0
32445,0
32451,0
32453,0
32459,0
32461,0
32467,0
32469,0
32475,0
32477,0
32483,0
32485,0
32491,0
32493,0
32499,0
32501,0
32507,0
32509,0
32515,0
32517,0
32523,0
32525,0
32531,0
32533,0
32539,0
32541,0
32547,0
32549,0
32555,0
32557,0
32563,0
32565,0
32571,0
32573,0
32579,0
32581,0
32587,0
32589,0
32595,0
32597,0
32603,0
32605,0
32611,0
32613,0
32619,0
32621,0
32627,0
32629,0
32635,0
32637,0
32643,0
32645,0
32651,0
32653,0
32659,0
32661,0
32667,0
32669,0
32675,0
32677,0
32683,0
32685,0
32691,0
32693,0
32699,0
32701,0
32707,0
32709,0
32715,0
32719,0
32721,0
32727,0
32729,0
32735,0
32737,0
32743,0
32745,0
32751,0
32753,0
32759,0
32761,0
32767,0
32769,0
32775,0
32777,0
32783,0
32785,0
32791,0
32793,0
32799,0
32801,0
32807,0
32809,0
32815,0
32817,0
32823,0
32825,0
32831,0
32833,0
32839,0
32841,0
32847,0
32851,0
32853,0
32859,0
32861,0
32867,0
32869,0
32875,0
32877,0
32883,0
32885,0
32889,0
32895,0
32899,0
32901,0
32907,0
32909,0
32915,0
32917,0
32923,0
32925,0
32931,0
32933,0
32939,0
32941,0
32947,0
32949,0
32953,0
32959,0
32961,0
32967,0
32969,0
32975,0
32977,0
32983,0
32985,0
32991,0
32993,0
32999,0
33003,0
33005,0
33011,0
33013,0
33019,0
33021,0
33027,0
33029,0
33035,0
33037,0
33043,0
33045,0
33051,0
33053,0
33059,0
33061,0
33067,0
33069,0
33075,0
33079,0
33081,0
33087,0
33089,0
33095,0
33099,0
33101,0
33107,0
33109,0
33115,0
33119,0
33121,0
33127,0
33129,0
33135,0
33137,0
33143,0
33147,0
33149,0
33155,0
33157,0
33163,0
33165,0
33171,0
33173,0
33179,0
33181,0
33187,0
33189,0
33195,0
33197,0
33203,0
33205,0
33211,0
33213,0
33219,0
33221,0
33227,0
33229,0
33235,0
33237,0
33243,0
33245,0
33249,0
33255,0
33257,0
33263,0
33265,0
33271,0
33273,0
33279,0
33281,0
33287,0
33289,0
33295,0
33297,0
33303,0
33305,0
33311,0
33313,0
33319,0
33321,0
33327,0
33329,0
33335,0
33337,0
33343,0
33345,0
33351,0
33353,0
33359,0
33361,0
33367,0
33369,0
33375,0
33379,0
33381,0
33387,0
33389,0
33395,0
33397,0
33403,0
33405,0
33409,0
33415,0
33417,0
33423,0
33425,0
33431,0
33433,0
33439,0
33441,0
33447,0
33449,0
33455,0
33457,0
33461,0
33467,0
33469,0
33475,0
33477,0
33483,0
33485,0
33491,0
33495,0
33499,0
33501,0
33507,0
33509,0
33515,0
33517,0
33523,0
33525,0
33531,0
33533,0
33539,0
33541,0
33547,0
33549,0
33555,0
33559,0
33563,0
33567,0
33569,0
33575,0
33577,0
33583,0
33585,0
33591,0
33593,0
33599,0
33601,0
33607,0
33611,0
33613,0
33619,0
33621,0
33627,0
33629,0
33635,0
33637,0
33641,0
33647,0
33649,0
33655,0
33657,0
33663,0
33665,0
33671,0
33673,0
33679,0
33681,0
33687,0
33689,0
33695,0
33697,0
33703,0
33705,0
33711,0
33713,0
33719,0
33721,0
33727,0
33731,0
33733,0
33739,0
33741,0
33745,0
33751,0
33753,0
33759,0
33761,0
33767,0
33769,0
33775,0
33777,0
33783,0
33785,0
33791,0
33793,0
33799,0
33801,0
33807,0
33809,0
33815,0
33817,0
33823,0
33825,0
33831,0
33835,0
33837,0
33843,0
33845,0
33851,0
33853,0
33859,0
33861,0
33867,0
33869,0
33875,0
33877,0
33883,0
33885,0
33891,0
33893,0
33899,0
33901,0
33907,0
33909,0
33915,0
33917,0
33923,0
33925,0
33931,0
33933,0
33939,0
33941,0
33947,0
33949,0
33955,0
33957,0
33963,0
33965,0
33971,0
33973,0
33979,0
33981,0
33987,0
33989,0
33995,0
33997,0
34003,0
34005,0
34011,0
34013,0
34019,0
34021,0
34027,0
34029,0
34035,0
34037,0
34043,0
34045,0
34049,0
34055,0
34057,0
34063,0
34065,0
34071,0
34073,0
34079,0
34081,0
34087,0
34089,0
34095,0
34097,0
34103,0
34105,0
34111,0
34113,0
34119,0
34121,0
34127,0
34129,0
34135,0
34137,0
34143,0
34145,0
34149,0
34155,0
34157,0
34163,0
34165,0
34171,0
34173,0
34179,0
34183,0
34187,0
34189,0
34195,0
34197,0
34201,0
34207,0
34209,0
34215,0
34217,0
34223,0
34227,0
34229,0
34235,0
34237,0
34243,0
34245,0
34251,0
34253,0
34259,0
34261,0
34267,0
34269,0
34273,0
34279,0
34281,0
34287,0
34289,0
34295,0
34297,0
34303,0
34305,0
34311,0
34313,0
34319,0
34321,0
34327,0
34329,0
34335,0
34337,0
34343,0
34345,0
34349,0
34355,0
34357,0
34361,0
34367,0
34369,0
34375,0
34377,0
34383,0
34385,0
34389,0
34395,0
34397,0
34403,0
34405,0
34411,0
34413,0
34419,0
34421,0
34427,0
34429,0
34435,0
34437,0
34443,0
34445,0
34451,0
34453,0
34459,0
34461,0
34465,0
34471,0
34473,0
34479,0
34481,0
34487,0
34489,0
34495,0
34497,0
34503,0
34505,0
34511,0
34513,0
34517,0
34521,0
34525,0
34531,0
34533,0
34539,0
34541,0
34547,0
34549,0
34555,0
34557,0
34563,0
34565,0
34571,0
34573,0
34579,0
34581,0
34585,0
34591,0
34593,0
34599,0
34601,0
34607,0
34609,0
34615,0
34617,0
34623,0
34625,0
34631,0
34633,0
34639,0
34641,0
34645,0
34651,0
34653,0
34659,0
34661,0
34667,0
34669,0
34675,0
34677,0
34683,0
34685,0
34691,0
34693,0
34699,0
34701,0
34707,0
34709,0
34715,0
34719,0
34721,0
34727,0
34729,0
34735,0
34737,0
34743,0
34745,0
34751,0
34753,0
34759,0
34761,0
34765,0
34771,0
34773,0
34779,0
34781,0
34787,0
34789,0
34795,0
34797,0
34803,0
34805,0
34811,0
34813,0
34819,0
34821,0
34827,0
34829,0
34835,0
34837,0
34843,0
34845,0
34851,0
34855,0
34857,0
34863,0
34865,0
34871,0
34873,0
34879,0
34881,0
34887,0
34889,0
34895,0
34897,0
34903,0
34905,0
34911,0
34913,0
34919,0
34923,0
34925,0
34931,0
34933,0
34939,0
34941,0
34945,0
34951,0
34955,0
34957,0
34961,0
34967,0
34969,0
34975,0
34977,0
34983,0
34985,0
34991,0
34993,0
34999,0
35001,0
35007,0
35009,0
35015,0
35017,0
35021,0
35027,0
35029,0
35035,0
35037,0
35043,0
35045,0
35049,0
35055,0
35057,0
35063,0
35065,0
35071,0
35075,0
35077,0
35083,0
35085,0
35091,0
35095,0
35099,0
35103,0
35107,0
35109,0
35115,0
35117,0
35123,0
35125,0
35131,0
35133,0
35137,0
35143,0
35145,0
35151,0
35155,0
35157,0
35163,0
35165,0
35171,0
35173,0
35179,0
35181,0
35187,0
35189,0
35195,0
35197,0
35203,0
35205,0
35209,0
35215,0
35217,0
35223,0
35225,0
35231,0
35233,0
35239,0
35241,0
35247,0
35249,0
35255,0
35257,0
35263,0
35265,0
35271,0
35273,0
35279,0
35281,0
35287,0
35289,0
35295,0
35297,0
35303,0
35305,0
35311,0
35313,0
35319,0
35321,0
35327,0
35329,0
35335,0
35337,0
35343,0
35345,0
35351,0
35353,0
35359,0
35361,0
35365,0
35371,0
35373,0
35379,0
35381,0
35387,0
35389,0
35393,0
35399,0
35403,0
35405,0
35411,0
35413,0
35419,0
35421,0
35427,0
35429,0
35435,0
35437,0
35443,0
35447,0
35449,0
35455,0
35457,0
35463,0
35465,0
35471,0
35473,0
35477,0
35483,0
35485,0
35491,0
35495,0
35497,0
35503,0
35505,0
35511,0
35513,0
35519,0
35521,0
35527,0
35529,0
35535,0
35537,0
35543,0
35545,0
35551,0
35553,0
35559,0
35561,0
35567,0
35569,0
35575,0
35579,0
35581,0
35587,0
35589,0
35593,0
35599,0
35601,0
35607,0
35609,0
35615,0
35617,0
35623,0
35625,0
35631,0
35635,0
35637,0
35641,0
35647,0
35649,0
35655,0
35657,0
35663,0
35665,0
35671,0
35673,0
35679,0
35683,0
35687,0
35689,0
35695,0
35697,0
35703,0
35705,0
35709,0
35715,0
35717,0
35723,0
35727,0
35729,0
35735,0
35737,0
35741,0
35747,0
35749,0
35755,0
35757,0
35763,0
35767,0
35769,0
35775,0
35777,0
35783,0
35785,0
35791,0
35793,0
35799,0
35803,0
35805,0
35811,0
35815,0
35817,0
35823,0
35825,0
35831,0
35835,0
35837,0
35843,0
35845,0
35851,0
35853,0
35859,0
35861,0
35867,0
35869,0
35873,0
35879,0
35881,0
35887,0
35889,0
35895,0
35897,0
35903,0
35907,0
35909,0
35915,0
35917,0
35921,0
35927,0
35929,0
35935,0
35937,0
35943,0
35945,0
35951,0
35953,0
35959,0
35961,0
35967,0
35969,0
35975,0
35977,0
35983,0
35985,0
35991,0
35993,0
35999,0
36001,0
36007,0
36009,0
36015,0
36017,0
36023,0
36025,0
36031,0
36033,0
36039,0
36043,0
36045,0
36051,0
36053,0
36059,0
36061,0
36067,0
36069,0
36075,0
36079,0
36081,0
36085,0
36091,0
36093,0
36099,0
36101,0
36107,0
36109,0
36113,0
36119,0
36121,0
36127,0
36129,0
36135,0
36137,0
36143,0
36145,0
36151,0
36153,0
36159,0
36161,0
36167,0
36169,0
36175,0
36177,0
36181,0
36187,0
36189,0
36195,0
36197,0
36203,0
36205,0
36211,0
36213,0
36219,0
36223,0
36225,0
36229,0
36235,0
36237,0
36243,0
36245,0
36251,0
36253,0
36259,0
36261,0
36267,0
36269,0
36275,0
36277,0
36283,0
36285,0
36291,0
36293,0
36299,0
36301,0
36307,0
36309,0
36315,0
36317,0
36323,0
36325,0
36331,0
36333,0
36339,0
36341,0
36347,0
36349,0
36355,0
36357,0
36363,0
36365,0
36371,0
36373,0
36379,0
36381,0
36385,0
36391,0
36393,0
36399,0
36401,0
36407,0
36411,0
36413,0
36419,0
36421,0
36427,0
36429,0
36435,0
36437,0
36443,0
36445,0
36451,0
36453,0
36457,0
36463,0
36467,0
36469,0
36473,0
36479,0
36481,0
36485,0
36491,0
36493,0
36499,0
36501,0
36507,0
36509,0
36515,0
36517,0
36523,0
36525,0
36531,0
36533,0
36539,0
36541,0
36547,0
36549,0
36555,0
36557,0
36563,0
36565,0
36571,0
36573,0
36579,0
36581,0
36587,0
36589,0
36595,0
36597,0
36603,0
36605,0
36611,0
36613,0
36619,0
36621,0
36627,0
36629,0
36635,0
36637,0
36643,0
36645,0
36651,0
36653,0
36659,0
36661,0
36667,0
36669,0
36675,0
36679,0
36681,0
36687,0
36689,0
36695,0
36697,0
36701,0
36707,0
36709,0
36715,0
36717,0
36723,0
36725,0
36731,0
36733,0
36737,0
36743,0
36745,0
36751,0
36753,0
36759,0
36761,0
36765,0
36771,0
36773,0
36779,0
36781,0
36787,0
36789,0
36795,0
36797,0
36803,0
36805,0
36811,0
36813,0
36819,0
36821,0
36827,0
36829,0
36835,0
36837,0
36843,0
36845,0
36851,0
36853,0
36859,0
36863,0
36865,0
36871,0
36873,0
36879,0
36881,0
36887,0
36891,0
36893,0
36899,0
36901,0
36907,0
36909,0
36915,0
36917,0
36921,0
36927,0
36929,0
36935,0
36937,0
36943,0
36945,0
36951,0
36953,0
36959,0
36961,0
36967,0
36969,0
36975,0
36977,0
36983,0
36985,0
36991,0
36993,0
36999,0
37001,0
37007,0
37009,0
37015,0
37017,0
37023,0
37025,0
37031,0
37035,0
37037,0
37043,0
37045,0
37049,0
37055,0
37057,0
37061,0
37067,0
37071,0
37073,0
37079,0
37081,0
37087,0
37089,0
37095,0
37097,0
37103,0
37105,0
37111,0
37113,0
37119,0
37121,0
37127,0
37129,0
37135,0
37137,0
37143,0
37145,0
37151,0
37153,0
37157,0
37163,0
37167,0
37169,0
37175,0
37177,0
37181,0
37187,0
37189,0
37193,0
37197,0
37203,0
37205,0
37209,0
37215,0
37217,0
37223,0
37225,0
37231,0
37233,0
37239,0
37243,0
37245,0
37251,0
37253,0
37257,0
37263,0
37265,0
37271,0
37273,0
37279,0
37281,0
37287,0
37289,0
37295,0
37297,0
37303,0
37305,0
37309,0
37315,0
37317,0
37321,0
37327,0
37329,0
37335,0
37337,0
37343,0
37345,0
37351,0
37353,0
37359,0
37361,0
37367,0
37369,0
37375,0
37377,0
37383,0
37385,0
37389,0
37393,0
37399,0
37403,0
37405,0
37411,0
37413,0
37417,0
37423,0
37425,0
37431,0
37433,0
37439,0
37441,0
37447,0
37449,0
37455,0
37457,0
37463,0
37465,0
37471,0
37475,0
37477,0
37483,0
37485,0
37489,0
37495,0
37497,0
37503,0
37505,0
37511,0
37513,0
37519,0
37521,0
37527,0
37529,0
37535,0
37537,0
37543,0
37545,0
37551,0
37553,0
37559,0
37561,0
37567,0
37571,0
37573,0
37579,0
37583,0
37587,0
37589,0
37595,0
37597,0
37603,0
37605,0
37609,0
37615,0
37617,0
37623,0
37625,0
37631,0
37635,0
37637,0
37643,0
37645,0
37651,0
37653,0
37659,0
37661,0
37667,0
37669,0
37675,0
37677,0
37683,0
37685,0
37689,0
37695,0
37697,0
37703,0
37705,0
37711,0
37715,0
37717,0
37723,0
37727,0
37729,0
37733,0
37739,0
37741,0
37747,0
37749,0
37755,0
37757,0
37763,0
37765,0
37771,0
37773,0
37779,0
37783,0
37785,0
37791,0
37793,0
37799,0
37801,0
37807,0
37809,0
37815,0
37817,0
37823,0
37825,0
37831,0
37833,0
37839,0
37841,0
37847,0
37849,0
37855,0
37857,0
37863,0
37865,0
37869,0
37875,0
37877,0
37883,0
37885,0
37891,0
37893,0
37899,0
37901,0
37907,0
37909,0
37915,0
37917,0
37923,0
37925,0
37931,0
37935,0
37937,0
37943,0
37945,0
37949,0
37955,0
37957,0
37963,0
37967,0
37969,0
37975,0
37977,0
37983,0
37985,0
37991,0
37993,0
37999,0
38001,0
38005,0
38011,0
38013,0
38019,0
38021,0
38027,0
38029,0
38035,0
38037,0
38043,0
38045,0
38051,0
38055,0
38057,0
38063,0
38065,0
38071,0
38073,0
38079,0
38081,0
38085,0
38091,0
38093,0
38099,0
38101,0
38107,0
38109,0
38115,0
38117,0
38123,0
38127,0
38129,0
38135,0
38137,0
38143,0
38145,0
38151,0
38153,0
38159,0
38161,0
38167,0
38169,0
38175,0
38177,0
38183,0
38185,0
38191,0
38193,0
38199,0
38201,0
38207,0
38209,0
38215,0
38217,0
38223,0
38225,0
38231,0
38235,0
38237,0
38243,0
38245,0
38251,0
38253,0
38259,0
38261,0
38267,0
38269,0
38273,0
38279,0
38283,0
38285,0
38291,0
38293,0
38299,0
38301,0
38307,0
38309,0
38315,0
38317,0
38323,0
38325,0
38329,0
38335,0
38337,0
38343,0
38345,0
38351,0
38353,0
38359,0
38363,0
38365,0
38369,0
38375,0
38379,0
38381,0
38387,0
38389,0
38393,0
38399,0
38403,0
38405,0
38411,0
38413,0
38419,0
38423,0
38425,0
38431,0
38435,0
38437,0
38443,0
38445,0
38449,0
38455,0
38457,0
38463,0
38465,0
38471,0
38475,0
38477,0
38483,0
38485,0
38491,0
38493,0
38499,0
38503,0
38507,0
38509,0
38515,0
38517,0
38523,0
38525,0
38531,0
38533,0
38539,0
38541,0
38545,0
38551,0
38553,0
38559,0
38561,0
38567,0
38569,0
38575,0
38577,0
38583,0
38585,0
38591,0
38593,0
38599,0
38601,0
38607,0
38609,0
38615,0
38619,0
38623,0
38625,0
38629,0
38635,0
38637,0
38643,0
38645,0
38651,0
38653,0
38659,0
38661,0
38667,0
38669,0
38675,0
38677,0
38681,0
38687,0
38691,0
38693,0
38699,0
38701,0
38707,0
38709,0
38715,0
38717,0
38723,0
38725,0
38729,0
38735,0
38739,0
38741,0
38747,0
38751,0
38753,0
38759,0
38761,0
38767,0
38771,0
38775,0
38777,0
38781,0
38787,0
38791,0
38793,0
38797,0
38803,0
38805,0
38811,0
38815,0
38817,0
38823,0
38825,0
38829,0
38833,0
38839,0
38841,0
38847,0
38849,0
38855,0
38857,0
38863,0
38865,0
38869,0
38873,0
38879,0
38881,0
38887,0
38889,0
38895,0
38897,0
38903,0
38905,0
38911,0
38913,0
38919,0
38921,0
38927,0
38929,0
38935,0
38939,0
38941,0
38947,0
38951,0
38953,0
38957,0
38963,0
38965,0
38971,0
38975,0
38977,0
38981,0
38987,0
38989,0
38995,0
38997,0
39003,0
39007,0
39009,0
39015,0
39017,0
39021,0
39027,0
39029,0
39035,0
39037,0
39043,0
39045,0
39051,0
39053,0
39059,0
39061,0
39067,0
39069,0
39073,0
39079,0
39081,0
39085,0
39091,0
39093,0
39099,0
39101,0
39107,0
39109,0
39115,0
39117,0
39123,0
39125,0
39131,0
39133,0
39137,0
39143,0
39147,0
39149,0
39155,0
39157,0
39161,0
39167,0
39171,0
39173,0
39177,0
39183,0
39185,0
39191,0
39193,0
39199,0
39201,0
39207,0
39209,0
39213,0
39219,0
39221,0
39227,0
39229,0
39235,0
39239,0
39243,0
39245,0
39249,0
39255,0
39257,0
39263,0
39265,0
39269,0
39275,0
39277,0
39283,0
39285,0
39291,0
39293,0
39299,0
39301,0
39307,0
39309,0
39315,0
39317,0
39323,0
39325,0
39331,0
39333,0
39339,0
39341,0
39347,0
39349,0
39355,0
39357,0
39363,0
39367,0
39369,0
39375,0
39377,0
39383,0
39387,0
39391,0
39393,0
39399,0
39403,0
39405,0
39411,0
39413,0
39419,0
39421,0
39427,0
39429,0
39435,0
39437,0
39443,0
39445,0
39451,0
39453,0
39459,0
39461,0
39467,0
39469,0
39475,0
39477,0
39483,0
39485,0
39491,0
39495,0
39497,0
39503,0
39507,0
39509,0
39515,0
39517,0
39523,0
39525,0
39529,0
39535,0
39537,0
39543,0
39545,0
39551,0
39555,0
39557,0
39563,0
39565,0
39569,0
39575,0
39577,0
39583,0
39585,0
39591,0
39593,0
39599,0
39603,0
39605,0
39611,0
39613,0
39619,0
39621,0
39627,0
39629,0
39635,0
39637,0
39643,0
39647,0
39649,0
39655,0
39657,0
39663,0
39665,0
39671,0
39673,0
39679,0
39681,0
39687,0
39689,0
39695,0
39697,0
39703,0
39705,0
39711,0
39713,0
39719,0
39721,0
39727,0
39729,0
39733,0
39739,0
39741,0
39747,0
39749,0
39755,0
39757,0
39761,0
39767,0
39769,0
39773,0
39777,0
39783,0
39785,0
39791,0
39793,0
39797,0
39803,0
39805,0
39811,0
39813,0
39819,0
39821,0
39827,0
39829,0
39835,0
39837,0
39843,0
39845,0
39851,0
39853,0
39859,0
39861,0
39867,0
39869,0
39875,0
39879,0
39883,0
39885,0
39891,0
39893,0
39899,0
39901,0
39907,0
39909,0
39915,0
39917,0
39923,0
39925,0
39929,0
39935,0
39939,0
39943,0
39945,0
39951,0
39953,0
39957,0
39963,0
39965,0
39971,0
39975,0
39977,0
39983,0
39985,0
39991,0
39993,0
39997,0
40003,0
40005,0
40009,0
40015,0
40017,0
40023,0
40025,0
40031,0
40035,0
40037,0
40043,0
40047,0
40049,0
40055,0
40057,0
40063,0
40065,0
40071,0
40073,0
40079,0
40081,0
40087,0
40089,0
40095,0
40099,0
40101,0
40107,0
40111,0
40115,0
40117,0
40123,0
40125,0
40131,0
40135,0
40137,0
40143,0
40145,0
40151,0
40153,0
40159,0
40161,0
40165,0
40171,0
40173,0
40179,0
40181,0
40187,0
40189,0
40195,0
40197,0
40203,0
40205,0
40211,0
40213,0
40219,0
40221,0
40225,0
40231,0
40233,0
40239,0
40241,0
40247,0
40249,0
40255,0
40257,0
40263,0
40265,0
40269,0
40275,0
40277,0
40283,0
40285,0
40291,0
40293,0
40299,0
40301,0
40307,0
40311,0
40313,0
40319,0
40321,0
40327,0
40329,0
40335,0
40339,0
40341,0
40347,0
40351,0
40353,0
40359,0
40361,0
40367,0
40369,0
40375,0
40377,0
40383,0
40385,0
40391,0
40393,0
40399,0
40401,0
40407,0
40409,0
40415,0
40417,0
40423,0
40425,0
40431,0
40433,0
40439,0
40441,0
40447,0
40449,0
40455,0
40457,0
40463,0
40465,0
40471,0
40473,0
40479,0
40481,0
40487,0
40489,0
40495,0
40497,0
40501,0
40505,0
40509,0
40515,0
40519,0
40523,0
40527,0
40529,0
40535,0
40537,0
40543,0
40545,0
40551,0
40553,0
40557,0
40563,0
40565,0
40571,0
40573,0
40579,0
40581,0
40587,0
40591,0
40593,0
40599,0
40601,0
40607,0
40609,0
40615,0
40619,0
40621,0
40627,0
40629,0
40635,0
40637,0
40643,0
40645,0
40649,0
40655,0
40657,0
40663,0
40667,0
40669,0
40675,0
40679,0
40681,0
40687,0
40689,0
40695,0
40697,0
40703,0
40705,0
40711,0
40713,0
40719,0
40721,0
40727,0
40729,0
40733,0
40739,0
40741,0
40747,0
40749,0
40755,0
40757,0
40763,0
40765,0
40771,0
40773,0
40779,0
40781,0
40787,0
40791,0
40793,0
40799,0
40801,0
40807,0
40809,0
40815,0
40817,0
40823,0
40827,0
40829,0
40833,0
40839,0
40843,0
40845,0
40851,0
40855,0
40859,0
40861,0
40867,0
40869,0
40875,0
40877,0
40881,0
40887,0
40889,0
40895,0
40897,0
40903,0
40907,0
40909,0
40915,0
40917,0
40923,0
40925,0
40931,0
40933,0
40939,0
40941,0
40947,0
40949,0
40955,0
40957,0
40963,0
40965,0
40971,0
40973,0
40977,0
40981,0
40987,0
40989,0
40993,0
40999,0
41001,0
41007,0
41009,0
41015,0
41019,0
41021,0
41027,0
41029,0
41035,0
41037,0
41043,0
41045,0
41051,0
41053,0
41059,0
41061,0
41067,0
41069,0
41075,0
41077,0
41083,0
41085,0
41091,0
41093,0
41099,0
41101,0
41107,0
41109,0
41115,0
41117,0
41123,0
41125,0
41131,0
41133,0
41137,0
41143,0
41145,0
41151,0
41153,0
41159,0
41163,0
41165,0
41171,0
41173,0
41179,0
41183,0
41185,0
41191,0
41193,0
41199,0
41203,0
41205,0
41211,0
41213,0
41219,0
41221,0
41227,0
41229,0
41235,0
41237,0
41243,0
41245,0
41251,0
41255,0
41259,0
41261,0
41267,0
41269,0
41275,0
41279,0
41281,0
41287,0
41289,0
41295,0
41297,0
41301,0
41307,0
41311,0
41313,0
41317,0
41323,0
41327,0
41329,0
41335,0
41337,0
41343,0
41345,0
41349,0
41353,0
41359,0
41363,0
41365,0
41371,0
41373,0
41377,0
41383,0
41387,0
41389,0
41395,0
41397,0
41403,0
41405,0
41411,0
41413,0
41419,0
41421,0
41427,0
41429,0
41433,0
41439,0
41441,0
41447,0
41449,0
41453,0
41459,0
41461,0
41467,0
41469,0
41475,0
41477,0
41483,0
41485,0
41491,0
41493,0
41499,0
41501,0
41507,0
41509,0
41515,0
41519,0
41521,0
41527,0
41529,0
41533,0
41539,0
41543,0
41545,0
41551,0
41553,0
41557,0
41563,0
41565,0
41571,0
41573,0
41579,0
41583,0
41587,0
41589,0
41595,0
41599,0
41601,0
41607,0
41609,0
41613,0
41617,0
41623,0
41627,0
41629,0
41635,0
41637,0
41643,0
41645,0
41651,0
41653,0
41657,0
41663,0
41667,0
41669,0
41675,0
41677,0
41683,0
41685,0
41689,0
41695,0
41697,0
41703,0
41705,0
41711,0
41713,0
41719,0
41721,0
41725,0
41731,0
41733,0
41739,0
41741,0
41747,0
41749,0
41755,0
41757,0
41763,0
41765,0
41771,0
41773,0
41777,0
41781,0
41787,0
41791,0
41795,0
41797,0
41803,0
41805,0
41811,0
41813,0
41817,0
41823,0
41825,0
41831,0
41833,0
41839,0
41841,0
41847,0
41851,0
41853,0
41859,0
41861,0
41867,0
41869,0
41875,0
41877,0
41883,0
41885,0
41891,0
41893,0
41899,0
41903,0
41905,0
41911,0
41913,0
41919,0
41921,0
41927,0
41929,0
41935,0
41937,0
41943,0
41947,0
41949,0
41955,0
41957,0
41961,0
41967,0
41969,0
41975,0
41979,0
41981,0
41987,0
41989,0
41995,0
41997,0
42001,0
42007,0
42009,0
42015,0
42017,0
42023,0
42027,0
42029,0
42035,0
42037,0
42043,0
42045,0
42049,0
42053,0
42059,0
42061,0
42067,0
42071,0
42073,0
42079,0
42083,0
42085,0
42089,0
42093,0
42097,0
42103,0
42107,0
42109,0
42115,0
42117,0
42123,0
42125,0
42131,0
42133,0
42139,0
42141,0
42147,0
42149,0
42155,0
42157,0
42163,0
42165,0
42171,0
42173,0
42179,0
42181,0
42187,0
42189,0
42195,0
42197,0
42203,0
42207,0
42209,0
42215,0
42217,0
42223,0
42225,0
42229,0
42235,0
42239,0
42241,0
42247,0
42249,0
42255,0
42257,0
42263,0
42265,0
42271,0
42275,0
42277,0
42283,0
42285,0
42291,0
42293,0
42299,0
42301,0
42307,0
42309,0
42313,0
42317,0
42321,0
42327,0
42329,0
42335,0
42337,0
42343,0
42347,0
42349,0
42355,0
42359,0
42361,0
42367,0
42369,0
42373,0
42379,0
42381,0
42387,0
42389,0
42395,0
42397,0
42403,0
42405,0
42409,0
42415,0
42417,0
42423,0
42425,0
42431,0
42433,0
42437,0
42443,0
42445,0
42451,0
42453,0
42459,0
42463,0
42465,0
42471,0
42473,0
42479,0
42481,0
42487,0
42489,0
42495,0
42497,0
42503,0
42505,0
42511,0
42515,0
42517,0
42523,0
42525,0
42529,0
42535,0
42539,0
42541,0
42547,0
42549,0
42555,0
42557,0
42563,0
42565,0
42571,0
42573,0
42579,0
42583,0
42585,0
42591,0
42593,0
42599,0
42601,0
42607,0
42609,0
42615,0
42617,0
42623,0
42625,0
42631,0
42635,0
42637,0
42643,0
42645,0
42651,0
42653,0
42659,0
42661,0
42667,0
42669,0
42673,0
42679,0
42683,0
42685,0
42691,0
42693,0
42697,0
42701,0
42705,0
42711,0
42715,0
42717,0
42721,0
42727,0
42729,0
42735,0
42737,0
42743,0
42745,0
42749,0
42755,0
42759,0
42763,0
42765,0
42769,0
42775,0
42779,0
42781,0
42787,0
42789,0
42795,0
42799,0
42801,0
42807,0
42809,0
42815,0
42817,0
42821,0
42827,0
42831,0
42833,0
42839,0
42841,0
42847,0
42849,0
42853,0
42859,0
42861,0
42865,0
42871,0
42873,0
42877,0
42883,0
42887,0
42889,0
42895,0
42897,0
42901,0
42907,0
42911,0
42913,0
42919,0
42921,0
42927,0
42929,0
42933,0
42939,0
42941,0
42947,0
42949,0
42955,0
42959,0
42961,0
42965,0
42971,0
42973,0
42979,0
42981,0
42987,0
42989,0
42995,0
42997,0
43003,0
43007,0
43009,0
43015,0
43019,0
43021,0
43027,0
43031,0
43033,0
43039,0
43041,0
43047,0
43049,0
43055,0
43057,0
43063,0
43065,0
43069,0
43075,0
43077,0
43081,0
43087,0
43091,0
43095,0
43097,0
43103,0
43105,0
43111,0
43113,0
43119,0
43121,0
43127,0
43129,0
43133,0
43139,0
43141,0
43147,0
43149,0
43155,0
43157,0
43163,0
43167,0
43171,0
43175,0
43179,0
43181,0
43187,0
43189,0
43195,0
43197,0
43203,0
43207,0
43209,0
43213,0
43219,0
43221,0
43227,0
43229,0
43233,0
43239,0
43241,0
43247,0
43249,0
43253,0
43259,0
43261,0
43267,0
43269,0
43273,0
43279,0
43281,0
43287,0
43289,0
43295,0
43297,0
43303,0
43305,0
43309,0
43313,0
43319,0
43321,0
43325,0
43331,0
43333,0
43339,0
43343,0
43345,0
43351,0
43353,0
43359,0
43361,0
43365,0
43369,0
43375,0
43379,0
43381,0
43385,0
43391,0
43393,0
43399,0
43403,0
43405,0
43411,0
43415,0
43419,0
43421,0
43427,0
43429,0
43435,0
43437,0
43443,0
43445,0
43451,0
43455,0
43459,0
43461,0
43467,0
43471,0
43473,0
43477,0
43483,0
43485,0
43491,0
43495,0
43497,0
43503,0
43505,0
43511,0
43515,0
43517,0
43523,0
43525,0
43531,0
43533,0
43539,0
43541,0
43547,0
43549,0
43553,0
43559,0
43561,0
43567,0
43569,0
43575,0
43579,0
43581,0
43587,0
43591,0
43593,0
43599,0
43601,0
43607,0
43609,0
43615,0
43617,0
43621,0
43627,0
43629,0
43635,0
43637,0
43643,0
43645,0
43651,0
43653,0
43659,0
43661,0
43667,0
43669,0
43675,0
43677,0
43683,0
43685,0
43691,0
43693,0
43697,0
43703,0
43707,0
43709,0
43715,0
43719,0
43721,0
43727,0
43729,0
43733,0
43739,0
43743,0
43747,0
43749,0
43755,0
43757,0
43761,0
43765,0
43771,0
43775,0
43777,0
43781,0
43787,0
43789,0
43795,0
43797,0
43803,0
43805,0
43811,0
43813,0
43819,0
43823,0
43825,0
43831,0
43833,0
43839,0
43841,0
43847,0
43849,0
43853,0
43859,0
43863,0
43865,0
43871,0
43875,0
43877,0
43883,0
43885,0
43891,0
43893,0
43899,0
43901,0
43907,0
43911,0
43913,0
43919,0
43923,0
43925,0
43931,0
43933,0
43939,0
43941,0
43947,0
43949,0
43955,0
43957,0
43963,0
43967,0
43969,0
43975,0
43979,0
43981,0
43987,0
43989,0
43993,0
43999,0
44001,0
44007,0
44009,0
44013,0
44017,0
44023,0
44027,0
44029,0
44035,0
44037,0
44041,0
44047,0
44049,0
44055,0
44057,0
44063,0
44065,0
44071,0
44073,0
44079,0
44081,0
44087,0
44089,0
44095,0
44099,0
44101,0
44107,0
44111,0
44113,0
44119,0
44123,0
44125,0
44129,0
44133,0
44139,0
44143,0
44147,0
44149,0
44155,0
44157,0
44161,0
44165,0
44171,0
44173,0
44179,0
44181,0
44187,0
44191,0
44193,0
44199,0
44201,0
44205,0
44211,0
44213,0
44219,0
44223,0
44225,0
44231,0
44235,0
44237,0
44243,0
44245,0
44251,0
44255,0
44257,0
44263,0
44265,0
44271,0
44273,0
44277,0
44283,0
44287,0
44289,0
44295,0
44299,0
44301,0
44307,0
44309,0
44313,0
44319,0
44323,0
44325,0
44331,0
44333,0
44339,0
44343,0
44345,0
44351,0
44353,0
44357,0
44363,0
44365,0
44371,0
44373,0
44379,0
44381,0
44387,0
44389,0
44395,0
44397,0
44401,0
44407,0
44409,0
44415,0
44419,0
44421,0
44427,0
44429,0
44433,0
44439,0
44441,0
44447,0
44449,0
44455,0
44457,0
44461,0
44467,0
44471,0
44475,0
44479,0
44481,0
44485,0
44491,0
44495,0
44497,0
44503,0
44505,0
44511,0
44515,0
44519,0
44521,0
44527,0
44529,0
44533,0
44539,0
44543,0
44545,0
44549,0
44555,0
44559,0
44561,0
44567,0
44569,0
44573,0
44579,0
44581,0
44587,0
44591,0
44593,0
44599,0
44601,0
44607,0
44609,0
44615,0
44617,0
44623,0
44625,0
44629,0
44635,0
44637,0
44643,0
44645,0
44649,0
44655,0
44657,0
44663,0
44665,0
44671,0
44673,0
44679,0
44681,0
44687,0
44691,0
44693,0
44699,0
44701,0
44705,0
44711,0
44713,0
44717,0
44721,0
44727,0
44729,0
44735,0
44737,0
44743,0
44747,0
44749,0
44755,0
44759,0
44761,0
44765,0
44769,0
44775,0
44777,0
44783,0
44785,0
44789,0
44795,0
44797,0
44801,0
44807,0
44809,0
44813,0
44819,0
44821,0
44827,0
44829,0
44833,0
44839,0
44843,0
44845,0
44849,0
44855,0
44857,0
44863,0
44865,0
44871,0
44873,0
44879,0
44881,0
44887,0
44889,0
44895,0
44897,0
44903,0
44905,0
44911,0
44915,0
44919,0
44923,0
44925,0
44931,0
44933,0
44939,0
44941,0
44947,0
44951,0
44953,0
44959,0
44961,0
44967,0
44971,0
44973,0
44979,0
44981,0
44985,0
44991,0
44993,0
44999,0
45001,0
45007,0
45009,0
45013,0
45019,0
45021,0
45025,0
45031,0
45035,0
45037,0
45043,0
45047,0
45051,0
45055,0
45059,0
45061,0
45067,0
45069,0
45075,0
45079,0
45081,0
45085,0
45091,0
45093,0
45097,0
45103,0
45107,0
45109,0
45113,0
45119,0
45123,0
45125,0
45129,0
45135,0
45137,0
45141,0
45147,0
45149,0
45155,0
45157,0
45163,0
45165,0
45171,0
45175,0
45177,0
45181,0
45187,0
45191,0
45195,0
45197,0
45203,0
45205,0
45211,0
45213,0
45219,0
45221,0
45225,0
45231,0
45233,0
45239,0
45241,0
45247,0
45251,0
45253,0
45259,0
45261,0
45265,0
45269,0
45273,0
45277,0
45283,0
45285,0
45289,0
45293,0
45299,0
45301,0
45307,0
45311,0
45313,0
45319,0
45321,0
45327,0
45329,0
45333,0
45337,0
45343,0
45345,0
45349,0
45353,0
45357,0
45363,0
45365,0
45371,0
45373,0
45379,0
45381,0
45387,0
45389,0
45393,0
45399,0
45403,0
45405,0
45409,0
45415,0
45417,0
45423,0
45425,0
45431,0
45433,0
45439,0
45441,0
45445,0
45451,0
45453,0
45457,0
45463,0
45465,0
45471,0
45473,0
45477,0
45483,0
45487,0
45489,0
45495,0
45497,0
45503,0
45505,0
45511,0
45513,0
45517,0
45523,0
45525,0
45531,0
45535,0
45537,0
45541,0
45545,0
45551,0
45553,0
45559,0
45561,0
45565,0
45571,0
45573,0
45577,0
45583,0
45587,0
45589,0
45595,0
45599,0
45603,0
45607,0
45609,0
45613,0
45619,0
45621,0
45625,0
45631,0
45633,0
45639,0
45643,0
45645,0
45649,0
45655,0
45659,0
45663,0
45665,0
45669,0
45675,0
45679,0
45683,0
45687,0
45689,0
45695,0
45699,0
45703,0
45705,0
45711,0
45713,0
45719,0
45721,0
45727,0
45729,0
45735,0
45739,0
45741,0
45747,0
45749,0
45753,0
45757,0
45763,0
45765,0
45771,0
45773,0
45779,0
45781,0
45787,0
45791,0
45793,0
45797,0
45803,0
45807,0
45809,0
45813,0
45819,0
45823,0
45825,0
45831,0
45833,0
45839,0
45843,0
45845,0
45849,0
45853,0
45859,0
45861,0
45865,0
45871,0
45873,0
45879,0
45883,0
45885,0
45889,0
45893,0
45897,0
45903,0
45907,0
45909,0
45913,0
45919,0
45923,0
45925,0
45931,0
45933,0
45937,0
45943,0
45945,0
45951,0
45953,0
45959,0
45961,0
45967,0
45969,0
45973,0
45979,0
45983,0
45985,0
45989,0
45995,0
45997,0
46001,0
46007,0
46009,0
46015,0
46019,0
46021,0
46027,0
46029,0
46035,0
46037,0
46043,0
46047,0
46049,0
46055,0
46057,0
46061,0
46067,0
46071,0
46073,0
46077,0
46083,0
46087,0
46091,0
46095,0
46099,0
46103,0
46107,0
46109,0
46115,0
46117,0
46123,0
46125,0
46129,0
46133,0
46139,0
46141,0
46145,0
46149,0
46155,0
46157,0
46161,0
46167,0
46169,0
46175,0
46177,0
46183,0
46187,0
46189,0
46195,0
46199,0
46201,0
46205,0
46209,0
46215,0
46217,0
46221,0
46225,0
46231,0
46235,0
46237,0
46243,0
46247,0
46249,0
46255,0
46259,0
46261,0
46267,0
46269,0
46273,0
46277,0
46281,0
46285,0
46289,0
46295,0
46297,0
46303,0
46305,0
46311,0
46313,0
46319,0
46321,0
46327,0
46329,0
46335,0
46337,0
46341,0
46347,0
46349,0
46353,0
46359,0
46363,0
46365,0
46371,0
46373,0
46379,0
46381,0
46387,0
46389,0
46393,0
46399,0
46401,0
46407,0
46411,0
46413,0
46417,0
46423,0
46427,0
46429,0
46433,0
46439,0
46441,0
46445,0
46451,0
46455,0
46459,0
46461,0
46465,0
46471,0
46475,0
46477,0
46483,0
46487,0
46489,0
46493,0
46499,0
46501,0
46507,0
46509,0
46515,0
46517,0
46523,0
46525,0
46531,0
46535,0
46537,0
46543,0
46547,0
46549,0
46553,0
46557,0
46563,0
46567,0
46569,0
46575,0
46577,0
46581,0
46585,0
46591,0
46595,0
46597,0
46601,0
46607,0
46609,0
46615,0
46619,0
46623,0
46627,0
46629,0
46633,0
46637,0
46643,0
46645,0
46651,0
46653,0
46659,0
46663,0
46665,0
46671,0
46675,0
46677,0
46681,0
46685,0
46691,0
46695,0
46697,0
46703,0
46705,0
46709,0
46715,0
46717,0
46723,0
46725,0
46731,0
46733,0
46737,0
46743,0
46745,0
46749,0
46753,0
46759,0
46763,0
46765,0
46769,0
46773,0
46779,0
46781,0
46787,0
46791,0
46793,0
46797,0
46801,0
46807,0
46811,0
46813,0
46819,0
46821,0
46825,0
46831,0
46833,0
46837,0
46843,0
46847,0
46849,0
46853,0
46857,0
46863,0
46867,0
46869,0
46875,0
46877,0
46883,0
46885,0
46891,0
46893,0
46899,0
46901,0
46905,0
46911,0
46913,0
46919,0
46921,0
46927,0
46929,0
46935,0
46937,0
46943,0
46947,0
46951,0
46953,0
46957,0
46963,0
46965,0
46969,0
46975,0
46979,0
46981,0
46985,0
46991,0
46993,0
46999,0
47001,0
47007,0
47009,0
47015,0
47017,0
47023,0
47025,0
47031,0
47033,0
47037,0
47043,0
47047,0
47051,0
47055,0
47057,0
47063,0
47065,0
47069,0
47075,0
47077,0
47083,0
47085,0
47091,0
47093,0
47099,0
47101,0
47107,0
47111,0
47115,0
47117,0
47121,0
47127,0
47129,0
47133,0
47137,0
47143,0
47145,0
47149,0
47153,0
47157,0
47161,0
47167,0
47169,0
47173,0
47177,0
47183,0
47185,0
47191,0
47193,0
47199,0
47201,0
47207,0
47209,0
47215,0
47219,0
47223,0
47225,0
47231,0
47233,0
47237,0
47243,0
47245,0
47251,0
47255,0
47257,0
47261,0
47265,0
47271,0
47273,0
47277,0
47281,0
47287,0
47289,0
47293,0
47297,0
47301,0
47305,0
47309,0
47313,0
47319,0
47323,0
47327,0
47329,0
47335,0
47339,0
47343,0
47345,0
47351,0
47353,0
47357,0
47361,0
47365,0
47369,0
47375,0
47377,0
47383,0
47387,0
47391,0
47393,0
47397,0
47401,0
47407,0
47409,0
47415,0
47419,0
47421,0
47427,0
47429,0
47435,0
47439,0
47441,0
47445,0
47451,0
47453,0
47459,0
47463,0
47467,0
47469,0
47475,0
47477,0
47483,0
47485,0
47491,0
47495,0
47499,0
47501,0
47507,0
47509,0
47513,0
47519,0
47521,0
47525,0
47529,0
47533,0
47537,0
47541,0
47547,0
47551,0
47553,0
47559,0
47561,0
47567,0
47571,0
47575,0
47579,0
47581,0
47587,0
47589,0
47595,0
47599,0
47601,0
47605,0
47611,0
47615,0
47617,0
47621,0
47625,0
47631,0
47633,0
47637,0
47643,0
47645,0
47649,0
47653,0
47659,0
47661,0
47665,0
47671,0
47673,0
47679,0
47681,0
47687,0
47691,0
47693,0
47699,0
47701,0
47707,0
47711,0
47715,0
47719,0
47723,0
47725,0
47731,0
47733,0
47739,0
47743,0
47747,0
47749,0
47755,0
47759,0
47763,0
47765,0
47771,0
47775,0
47779,0
47781,0
47787,0
47791,0
47795,0
47799,0
47801,0
47805,0
47811,0
47815,0
47817,0
47823,0
47827,0
47829,0
47833,0
47839,0
47843,0
47845,0
47851,0
47853,0
47857,0
47863,0
47865,0
47871,0
47875,0
47879,0
47883,0
47887,0
47891,0
47893,0
47899,0
47901,0
47905,0
47909,0
47915,0
47917,0
47921,0
47925,0
47929,0
47935,0
47939,0
47941,0
47947,0
47949,0
47955,0
47957,0
47963,0
47965,0
47969,0
47973,0
47979,0
47983,0
47985,0
47989,0
47995,0
47999,0
48001,0
48007,0
48009,0
48015,0
48017,0
48021,0
48027,0
48029,0
48035,0
48037,0
48043,0
48045,0
48051,0
48053,0
48057,0
48063,0
48067,0
48069,0
48075,0
48079,0
48083,0
48087,0
48089,0
48095,0
48099,0
48103,0
48105,0
48111,0
48115,0
48117,0
48121,0
48127,0
48129,0
48135,0
48137,0
48143,0
48145,0
48151,0
48155,0
48157,0
48163,0
48165,0
48171,0
48173,0
48177,0
48183,0
48187,0
48189,0
48195,0
48197,0
48203,0
48205,0
48209,0
48213,0
48219,0
48223,0
48227,0
48229,0
48235,0
48239,0
48241,0
48247,0
48249,0
48253,0
48259,0
48263,0
48265,0
48271,0
48273,0
48279,0
48283,0
48285,0
48291,0
48293,0
48299,0
48303,0
48307,0
48311,0
48315,0
48319,0
48321,0
48325,0
48331,0
48333,0
48337,0
48341,0
48345,0
48351,0
48355,0
48357,0
48363,0
48367,0
48371,0
48373,0
48379,0
48383,0
48387,0
48389,0
48395,0
48397,0
48403,0
48407,0
48411,0
48415,0
48417,0
48423,0
48427,0
48429,0
48435,0
48439,0
48441,0
48447,0
48449,0
48453,0
48459,0
48461,0
48467,0
48469,0
48473,0
48479,0
48481,0
48487,0
48489,0
48493,0
48497,0
