(4,3.0)
(744,3.0)
(1060,3.0)
(2052,3.0)
(2944,3.0)
(5520,3.0)
(5548,3.0)
(7764,3.0)
(10840,3.0)
(12092,3.0)
(12364,3.0)
(12672,3.0)
(12728,3.0)
(12956,3.0)
(14572,3.0)
(18291,3.0)
(18291,3.0)
(4,3.0)
(40,3.0)
(1780,3.0)
(2792,3.0)
(3660,3.0)
(3984,3.0)
(4140,3.0)
(6540,3.0)
(7224,3.0)
(7336,3.0)
(7408,3.0)
(7508,3.0)
(8456,3.0)
(8576,3.0)
(8588,3.0)
(8592,3.0)
(8928,3.0)
(9536,3.0)
(9988,3.0)
(10092,3.0)
(11228,3.0)
(11316,3.0)
(14572,3.0)
(14576,3.0)
(16232,3.0)
(17120,3.0)
(18331,3.0)
(18331,3.0)
(4,3.0)
(360,3.0)
(2792,3.0)
(5848,3.0)
(7508,3.0)
(7764,3.0)
(8456,3.0)
(9768,3.0)
(12956,3.0)
(14572,3.0)
(14576,3.0)
(14580,3.0)
(14816,3.0)
(17120,3.0)
(18347,3.0)
(18347,3.0)
(4,3.0)
(28,3.0)
(40,3.0)
(72,3.0)
(264,3.0)
(360,3.0)
(472,3.0)
(584,3.0)
(668,3.0)
(836,3.0)
(1056,3.0)
(1104,3.0)
(1252,3.0)
(1612,3.0)
(1628,3.0)
(1684,3.0)
(1832,3.0)
(2112,3.0)
(2128,3.0)
(2192,3.0)
(2268,3.0)
(2292,3.0)
(2560,3.0)
(2740,3.0)
(2772,3.0)
(2776,3.0)
(2928,3.0)
(3200,3.0)
(3360,3.0)
(3364,3.0)
(3384,3.0)
(3440,3.0)
(3504,3.0)
(3660,3.0)
(3692,3.0)
(3696,3.0)
(3880,3.0)
(3968,3.0)
(3984,3.0)
(4040,3.0)
(4080,3.0)
(4224,3.0)
(4320,3.0)
(4476,3.0)
(4536,3.0)
(4592,3.0)
(4620,3.0)
(4708,3.0)
(5272,3.0)
(5276,3.0)
(5444,3.0)
(5504,3.0)
(5520,3.0)
(5548,3.0)
(5848,3.0)
(5924,3.0)
(6216,3.0)
(6220,3.0)
(6308,3.0)
(6328,3.0)
(6332,3.0)
(6668,3.0)
(6688,3.0)
(6756,3.0)
(6824,3.0)
(6892,3.0)
(6960,3.0)
(7088,3.0)
(7276,3.0)
(7336,3.0)
(7352,3.0)
(7376,3.0)
(7432,3.0)
(7508,3.0)
(7584,3.0)
(7624,3.0)
(7764,3.0)
(7872,3.0)
(8300,3.0)
(8356,3.0)
(8456,3.0)
(8576,3.0)
(8588,3.0)
(8592,3.0)
(8740,3.0)
(8812,3.0)
(8816,3.0)
(8836,3.0)
(8864,3.0)
(9072,3.0)
(9084,3.0)
(9108,3.0)
(9336,3.0)
(9768,3.0)
(9964,3.0)
(10020,3.0)
(10100,3.0)
(10188,3.0)
(10248,3.0)
(10380,3.0)
(10572,3.0)
(10636,3.0)
(10680,3.0)
(10688,3.0)
(10696,3.0)
(10700,3.0)
(11180,3.0)
(11228,3.0)
(11292,3.0)
(11524,3.0)
(11596,3.0)
(11824,3.0)
(11836,3.0)
(12024,3.0)
(12032,3.0)
(12056,3.0)
(12072,3.0)
(12180,3.0)
(12208,3.0)
(12240,3.0)
(12560,3.0)
(12616,3.0)
(12668,3.0)
(12828,3.0)
(12956,3.0)
(13020,3.0)
(13080,3.0)
(13096,3.0)
(13160,3.0)
(13272,3.0)
(13548,3.0)
(13576,3.0)
(13664,3.0)
(13856,3.0)
(13928,3.0)
(14036,3.0)
(14072,3.0)
(14128,3.0)
(14180,3.0)
(14544,3.0)
(14568,3.0)
(14576,3.0)
(14580,3.0)
(14588,3.0)
(14592,3.0)
(14600,3.0)
(14816,3.0)
(15300,3.0)
(15544,3.0)
(15580,3.0)
(15976,3.0)
(16068,3.0)
(16092,3.0)
(16172,3.0)
(16592,3.0)
(16704,3.0)
(16968,3.0)
(17108,3.0)
(17120,3.0)
(17124,3.0)
(17536,3.0)
(17576,3.0)
(17596,3.0)
(17820,3.0)
(17848,3.0)
(17872,3.0)
(17900,3.0)
(17932,3.0)
(17964,3.0)
(18363,3.0)
(18363,3.0)
