(4,1.0)
(10,4.0)
(14,4.0)
(18,2.0)
(22,2.0)
(24,3.0)
(28,3.0)
(34,4.0)
(38,2.0)
(40,3.0)
(46,4.0)
(48,3.0)
(54,4.0)
(58,4.0)
(60,3.0)
(64,3.0)
(68,3.0)
(72,3.0)
(76,3.0)
(82,2.0)
(84,3.0)
(90,4.0)
(94,4.0)
(96,3.0)
(100,3.0)
(104,3.0)
(110,4.0)
(114,4.0)
(118,4.0)
(122,4.0)
(124,3.0)
(128,3.0)
(132,3.0)
(138,4.0)
(142,4.0)
(146,4.0)
(148,3.0)
(154,4.0)
(156,3.0)
(162,4.0)
(166,2.0)
(170,4.0)
(174,4.0)
(176,3.0)
(182,2.0)
(184,3.0)
(188,3.0)
(194,4.0)
(196,3.0)
(202,4.0)
(204,3.0)
(210,4.0)
(212,3.0)
(216,3.0)
(222,4.0)
(224,3.0)
(228,3.0)
(232,3.0)
(238,2.0)
(242,4.0)
(246,2.0)
(248,3.0)
(254,4.0)
(256,3.0)
(262,2.0)
(264,3.0)
(270,4.0)
(274,4.0)
(278,4.0)
(280,3.0)
(286,4.0)
(288,3.0)
(294,4.0)
(296,3.0)
(302,4.0)
(304,3.0)
(308,3.0)
(314,4.0)
(316,3.0)
(322,4.0)
(324,3.0)
(328,3.0)
(332,3.0)
(336,3.0)
(340,3.0)
(346,4.0)
(350,2.0)
(352,3.0)
(358,4.0)
(360,3.0)
(364,3.0)
(368,3.0)
(372,3.0)
(378,4.0)
(380,3.0)
(384,3.0)
(388,3.0)
(392,3.0)
(398,4.0)
(402,4.0)
(404,3.0)
(408,3.0)
(412,3.0)
(418,4.0)
(422,4.0)
(426,2.0)
(428,3.0)
(434,4.0)
(436,3.0)
(440,3.0)
(444,3.0)
(450,2.0)
(452,3.0)
(456,3.0)
(462,4.0)
(466,2.0)
(470,2.0)
(472,3.0)
(478,4.0)
(480,3.0)
(486,4.0)
(490,4.0)
(494,4.0)
(498,4.0)
(502,4.0)
(506,4.0)
(510,4.0)
(514,2.0)
(518,4.0)
(522,4.0)
(524,3.0)
(530,4.0)
(534,4.0)
(536,3.0)
(542,4.0)
(544,3.0)
(550,4.0)
(554,4.0)
(556,3.0)
(560,3.0)
(566,4.0)
(568,3.0)
(574,4.0)
(578,2.0)
(582,2.0)
(584,3.0)
(588,3.0)
(592,3.0)
(598,4.0)
(600,3.0)
(606,2.0)
(608,3.0)
(614,4.0)
(616,3.0)
(622,4.0)
(624,3.0)
(630,4.0)
(634,4.0)
(638,4.0)
(642,4.0)
(644,3.0)
(648,3.0)
(652,3.0)
(658,4.0)
(660,3.0)
(666,4.0)
(668,3.0)
(672,3.0)
(676,3.0)
(680,3.0)
(684,3.0)
(690,4.0)
(692,3.0)
(698,4.0)
(702,4.0)
(706,4.0)
(710,4.0)
(714,4.0)
(716,3.0)
(720,3.0)
(726,2.0)
(730,2.0)
(732,3.0)
(738,4.0)
(742,4.0)
(744,3.0)
(750,4.0)
(752,3.0)
(758,4.0)
(762,2.0)
(766,4.0)
(770,4.0)
(774,4.0)
(776,3.0)
(780,3.0)
(786,2.0)
(790,4.0)
(792,3.0)
(798,4.0)
(800,3.0)
(804,3.0)
(810,4.0)
(814,4.0)
(818,4.0)
(820,3.0)
(824,3.0)
(828,3.0)
(832,3.0)
(836,3.0)
(840,3.0)
(844,3.0)
(850,4.0)
(854,4.0)
(858,4.0)
(860,3.0)
(864,3.0)
(870,4.0)
(872,3.0)
(878,4.0)
(880,3.0)
(886,4.0)
(888,3.0)
(894,2.0)
(896,3.0)
(900,3.0)
(906,4.0)
(910,4.0)
(912,3.0)
(916,3.0)
(922,4.0)
(924,3.0)
(928,3.0)
(932,3.0)
(938,4.0)
(942,4.0)
(946,4.0)
(948,3.0)
(952,3.0)
(958,4.0)
(960,3.0)
(964,3.0)
(970,4.0)
(974,2.0)
(976,3.0)
(980,3.0)
(984,3.0)
(988,3.0)
(994,2.0)
(996,3.0)
(1002,4.0)
(1006,2.0)
(1010,2.0)
(1012,3.0)
(1016,3.0)
(1022,4.0)
(1024,3.0)
(1028,3.0)
(1032,3.0)
(1036,3.0)
(1040,3.0)
(1046,4.0)
(1048,3.0)
(1052,3.0)
(1056,3.0)
(1060,3.0)
(1064,3.0)
(1070,2.0)
(1072,3.0)
(1076,3.0)
(1080,3.0)
(1084,3.0)
(1088,3.0)
(1094,4.0)
(1098,4.0)
(1100,3.0)
(1104,3.0)
(1110,4.0)
(1114,2.0)
(1118,4.0)
(1122,4.0)
(1124,3.0)
(1130,4.0)
(1132,3.0)
(1136,3.0)
(1142,4.0)
(1146,4.0)
(1150,4.0)
(1154,4.0)
(1156,3.0)
(1162,2.0)
(1166,4.0)
(1170,4.0)
(1172,3.0)
(1176,3.0)
(1182,4.0)
(1184,3.0)
(1188,3.0)
(1192,3.0)
(1196,3.0)
(1200,3.0)
(1204,3.0)
(1208,3.0)
(1212,3.0)
(1216,3.0)
(1222,4.0)
(1226,2.0)
(1228,3.0)
(1234,4.0)
(1236,3.0)
(1242,4.0)
(1244,3.0)
(1248,3.0)
(1252,3.0)
(1258,4.0)
(1262,4.0)
(1264,3.0)
(1268,3.0)
(1272,3.0)
(1278,4.0)
(1280,3.0)
(1286,4.0)
(1290,4.0)
(1292,3.0)
(1298,4.0)
(1302,4.0)
(1306,4.0)
(1310,2.0)
(1314,4.0)
(1316,3.0)
(1322,4.0)
(1326,4.0)
(1328,3.0)
(1334,4.0)
(1338,4.0)
(1340,3.0)
(1346,4.0)
(1348,3.0)
(1352,3.0)
(1356,3.0)
(1360,3.0)
(1364,3.0)
(1368,3.0)
(1374,4.0)
(1376,3.0)
(1382,4.0)
(1384,3.0)
(1388,3.0)
(1392,3.0)
(1396,3.0)
(1400,3.0)
(1404,3.0)
(1410,4.0)
(1414,2.0)
(1416,3.0)
(1422,4.0)
(1424,3.0)
(1428,3.0)
(1432,3.0)
(1438,4.0)
(1440,3.0)
(1444,3.0)
(1448,3.0)
(1452,3.0)
(1458,4.0)
(1462,4.0)
(1466,4.0)
(1468,3.0)
(1472,3.0)
(1478,4.0)
(1480,3.0)
(1484,3.0)
(1490,4.0)
(1494,4.0)
(1498,4.0)
(1500,3.0)
(1504,3.0)
(1510,4.0)
(1512,3.0)
(1516,3.0)
(1522,2.0)
(1524,3.0)
(1530,4.0)
(1534,4.0)
(1538,4.0)
(1542,4.0)
(1544,3.0)
(1550,4.0)
(1554,4.0)
(1556,3.0)
(1560,3.0)
(1566,4.0)
(1568,3.0)
(1572,3.0)
(1576,3.0)
(1580,3.0)
(1584,3.0)
(1590,4.0)
(1592,3.0)
(1596,3.0)
(1600,3.0)
(1606,4.0)
(1608,3.0)
(1612,3.0)
(1616,3.0)
(1620,3.0)
(1624,3.0)
(1628,3.0)
(1634,4.0)
(1636,3.0)
(1642,4.0)
(1646,4.0)
(1650,4.0)
(1652,3.0)
(1656,3.0)
(1660,3.0)
(1666,4.0)
(1668,3.0)
(1672,3.0)
(1678,4.0)
(1680,3.0)
(1684,3.0)
(1688,3.0)
(1694,4.0)
(1698,4.0)
(1700,3.0)
(1706,4.0)
(1710,4.0)
(1714,2.0)
(1718,4.0)
(1722,4.0)
(1724,3.0)
(1728,3.0)
(1734,4.0)
(1736,3.0)
(1740,3.0)
(1746,4.0)
(1748,3.0)
(1754,4.0)
(1758,4.0)
(1760,3.0)
(1764,3.0)
(1768,3.0)
(1774,4.0)
(1776,3.0)
(1780,3.0)
(1784,3.0)
(1790,2.0)
(1792,3.0)
(1796,3.0)
(1800,3.0)
(1804,3.0)
(1808,3.0)
(1814,4.0)
(1818,4.0)
(1822,4.0)
(1826,4.0)
(1828,3.0)
(1832,3.0)
(1838,4.0)
(1840,3.0)
(1846,4.0)
(1850,2.0)
(1852,3.0)
(1858,4.0)
(1862,4.0)
(1866,2.0)
(1868,3.0)
(1874,4.0)
(1876,3.0)
(1882,4.0)
(1886,4.0)
(1888,3.0)
(1894,4.0)
(1898,4.0)
(1900,3.0)
(1906,4.0)
(1910,4.0)
(1914,4.0)
(1918,4.0)
(1922,4.0)
(1924,3.0)
(1928,3.0)
(1934,4.0)
(1938,4.0)
(1942,4.0)
(1946,4.0)
(1948,3.0)
(1952,3.0)
(1958,4.0)
(1962,2.0)
(1964,3.0)
(1970,4.0)
(1972,3.0)
(1976,3.0)
(1980,3.0)
(1986,2.0)
(1990,4.0)
(1992,3.0)
(1996,3.0)
(2002,4.0)
(2004,3.0)
(2008,3.0)
(2014,4.0)
(2018,4.0)
(2022,4.0)
(2026,4.0)
(2030,4.0)
(2032,3.0)
(2038,4.0)
(2040,3.0)
(2046,4.0)
(2050,4.0)
(2052,3.0)
(2056,3.0)
(2060,3.0)
(2064,3.0)
(2070,4.0)
(2072,3.0)
(2076,3.0)
(2082,4.0)
(2084,3.0)
(2088,3.0)
(2092,3.0)
(2096,3.0)
(2100,3.0)
(2104,3.0)
(2108,3.0)
(2112,3.0)
(2116,3.0)
(2120,3.0)
(2126,4.0)
(2128,3.0)
(2132,3.0)
(2138,4.0)
(2140,3.0)
(2146,4.0)
(2148,3.0)
(2154,4.0)
(2158,4.0)
(2162,4.0)
(2166,4.0)
(2168,3.0)
(2172,3.0)
(2176,3.0)
(2182,2.0)
(2184,3.0)
(2188,3.0)
(2192,3.0)
(2198,2.0)
(2200,3.0)
(2206,4.0)
(2210,4.0)
(2212,3.0)
(2218,2.0)
(2222,4.0)
(2224,3.0)
(2230,4.0)
(2234,4.0)
(2236,3.0)
(2240,3.0)
(2244,3.0)
(2248,3.0)
(2252,3.0)
(2256,3.0)
(2262,2.0)
(2264,3.0)
(2268,3.0)
(2274,4.0)
(2278,2.0)
(2282,2.0)
(2286,2.0)
(2290,4.0)
(2292,3.0)
(2298,4.0)
(2302,4.0)
(2306,4.0)
(2308,3.0)
(2314,4.0)
(2318,4.0)
(2322,4.0)
(2326,4.0)
(2330,4.0)
(2332,3.0)
(2338,4.0)
(2340,3.0)
(2346,4.0)
(2350,4.0)
(2352,3.0)
(2358,2.0)
(2360,3.0)
(2364,3.0)
(2370,4.0)
(2372,3.0)
(2376,3.0)
(2382,4.0)
(2386,4.0)
(2390,4.0)
(2394,4.0)
(2396,3.0)
(2400,3.0)
(2406,4.0)
(2410,4.0)
(2414,2.0)
(2418,4.0)
(2422,4.0)
(2424,3.0)
(2428,3.0)
(2434,4.0)
(2438,4.0)
(2442,2.0)
(2444,3.0)
(2448,3.0)
(2452,3.0)
(2456,3.0)
(2462,4.0)
(2466,4.0)
(2470,4.0)
(2474,4.0)
(2478,4.0)
(2480,3.0)
(2486,4.0)
(2490,4.0)
(2494,4.0)
(2498,4.0)
(2502,4.0)
(2506,2.0)
(2508,3.0)
(2512,3.0)
(2516,3.0)
(2520,3.0)
(2526,4.0)
(2530,4.0)
(2532,3.0)
(2536,3.0)
(2540,3.0)
(2546,4.0)
(2550,4.0)
(2552,3.0)
(2556,3.0)
(2560,3.0)
(2564,3.0)
(2568,3.0)
(2574,4.0)
(2576,3.0)
(2580,3.0)
(2584,3.0)
(2590,4.0)
(2594,4.0)
(2598,4.0)
(2600,3.0)
(2604,3.0)
(2608,3.0)
(2614,2.0)
(2618,2.0)
(2622,4.0)
(2626,4.0)
(2628,3.0)
(2634,4.0)
(2638,4.0)
(2642,4.0)
(2644,3.0)
(2648,3.0)
(2652,3.0)
(2656,3.0)
(2662,4.0)
(2666,2.0)
(2670,2.0)
(2672,3.0)
(2678,4.0)
(2682,4.0)
(2684,3.0)
(2690,4.0)
(2694,4.0)
(2698,4.0)
(2700,3.0)
(2706,4.0)
(2708,3.0)
(2714,4.0)
(2716,3.0)
(2722,4.0)
(2724,3.0)
(2728,3.0)
(2732,3.0)
(2738,4.0)
(2740,3.0)
(2746,4.0)
(2748,3.0)
(2752,3.0)
(2758,2.0)
(2760,3.0)
(2766,4.0)
(2770,2.0)
(2772,3.0)
(2776,3.0)
(2782,2.0)
(2786,2.0)
(2790,2.0)
(2792,3.0)
(2798,2.0)
(2800,3.0)
(2806,2.0)
(2808,3.0)
(2812,3.0)
(2816,3.0)
(2822,2.0)
(2824,3.0)
(2830,4.0)
(2834,4.0)
(2838,2.0)
(2842,2.0)
(2846,4.0)
(2850,4.0)
(2852,3.0)
(2858,2.0)
(2862,4.0)
(2864,3.0)
(2868,3.0)
(2874,4.0)
(2876,3.0)
(2882,4.0)
(2886,4.0)
(2888,3.0)
(2892,3.0)
(2896,3.0)
(2900,3.0)
(2906,4.0)
(2910,4.0)
(2914,4.0)
(2918,4.0)
(2922,4.0)
(2926,4.0)
(2928,3.0)
(2934,4.0)
(2938,2.0)
(2940,3.0)
(2944,3.0)
(2950,4.0)
(2954,2.0)
(2956,3.0)
(2962,4.0)
(2966,4.0)
(2970,4.0)
(2972,3.0)
(2978,4.0)
(2980,3.0)
(2986,4.0)
(2990,4.0)
(2992,3.0)
(2998,4.0)
(3002,4.0)
(3004,3.0)
(3008,3.0)
(3014,2.0)
(3016,3.0)
(3020,3.0)
(3026,4.0)
(3028,3.0)
(3032,3.0)
(3036,3.0)
(3042,4.0)
(3046,4.0)
(3048,3.0)
(3052,3.0)
(3056,3.0)
(3062,2.0)
(3064,3.0)
(3068,3.0)
(3074,4.0)
(3076,3.0)
(3080,3.0)
(3084,3.0)
(3090,4.0)
(3094,4.0)
(3096,3.0)
(3100,3.0)
(3106,4.0)
(3108,3.0)
(3114,2.0)
(3116,3.0)
(3122,4.0)
(3124,3.0)
(3128,3.0)
(3134,2.0)
(3136,3.0)
(3140,3.0)
(3144,3.0)
(3150,4.0)
(3152,3.0)
(3156,3.0)
(3160,3.0)
(3164,3.0)
(3170,4.0)
(3172,3.0)
(3176,3.0)
(3182,2.0)
(3186,4.0)
(3188,3.0)
(3194,4.0)
(3196,3.0)
(3200,3.0)
(3204,3.0)
(3208,3.0)
(3214,4.0)
(3218,2.0)
(3222,4.0)
(3226,4.0)
(3230,4.0)
(3234,4.0)
(3236,3.0)
(3242,4.0)
(3244,3.0)
(3250,4.0)
(3254,4.0)
(3258,4.0)
(3262,2.0)
(3266,4.0)
(3270,4.0)
(3272,3.0)
(3276,3.0)
(3282,4.0)
(3284,3.0)
(3288,3.0)
(3292,3.0)
(3296,3.0)
(3300,3.0)
(3306,4.0)
(3308,3.0)
(3312,3.0)
(3318,2.0)
(3320,3.0)
(3326,4.0)
(3330,2.0)
(3334,4.0)
(3336,3.0)
(3340,3.0)
(3344,3.0)
(3348,3.0)
(3354,4.0)
(3358,4.0)
(3360,3.0)
(3364,3.0)
(3370,2.0)
(3374,4.0)
(3378,4.0)
(3380,3.0)
(3384,3.0)
(3390,4.0)
(3392,3.0)
(3398,4.0)
(3402,4.0)
(3406,4.0)
(3410,4.0)
(3414,2.0)
(3416,3.0)
(3420,3.0)
(3426,2.0)
(3430,4.0)
(3432,3.0)
(3438,2.0)
(3440,3.0)
(3444,3.0)
(3448,3.0)
(3454,2.0)
(3458,4.0)
(3462,2.0)
(3464,3.0)
(3470,4.0)
(3474,4.0)
(3478,4.0)
(3480,3.0)
(3486,4.0)
(3488,3.0)
(3494,4.0)
(3498,2.0)
(3502,4.0)
(3504,3.0)
(3510,4.0)
(3512,3.0)
(3516,3.0)
(3520,3.0)
(3526,4.0)
(3530,4.0)
(3532,3.0)
(3536,3.0)
(3542,4.0)
(3544,3.0)
(3550,2.0)
(3554,4.0)
(3556,3.0)
(3562,4.0)
(3566,2.0)
(3568,3.0)
(3574,4.0)
(3578,4.0)
(3580,3.0)
(3584,3.0)
(3590,4.0)
(3594,4.0)
(3598,4.0)
(3600,3.0)
(3604,3.0)
(3610,4.0)
(3612,3.0)
(3618,4.0)
(3620,3.0)
(3624,3.0)
(3630,4.0)
(3634,2.0)
(3636,3.0)
(3642,4.0)
(3644,3.0)
(3648,3.0)
(3654,4.0)
(3656,3.0)
(3660,3.0)
(3664,3.0)
(3668,3.0)
(3672,3.0)
(3678,4.0)
(3680,3.0)
(3686,4.0)
(3690,4.0)
(3692,3.0)
(3696,3.0)
(3700,3.0)
(3704,3.0)
(3710,4.0)
(3714,2.0)
(3716,3.0)
(3720,3.0)
(3726,4.0)
(3728,3.0)
(3734,4.0)
(3736,3.0)
(3742,4.0)
(3746,4.0)
(3748,3.0)
(3754,4.0)
(3758,4.0)
(3760,3.0)
(3764,3.0)
(3770,4.0)
(3772,3.0)
(3778,4.0)
(3782,4.0)
(3786,2.0)
(3788,3.0)
(3794,4.0)
(3798,4.0)
(3802,4.0)
(3806,4.0)
(3808,3.0)
(3812,3.0)
(3818,4.0)
(3820,3.0)
(3824,3.0)
(3828,3.0)
(3834,4.0)
(3838,4.0)
(3840,3.0)
(3844,3.0)
(3850,2.0)
(3852,3.0)
(3858,4.0)
(3862,4.0)
(3866,4.0)
(3870,4.0)
(3874,4.0)
(3876,3.0)
(3880,3.0)
(3886,4.0)
(3890,4.0)
(3894,2.0)
(3896,3.0)
(3900,3.0)
(3904,3.0)
(3910,4.0)
(3912,3.0)
(3918,4.0)
(3920,3.0)
(3924,3.0)
(3928,3.0)
(3932,3.0)
(3936,3.0)
(3942,4.0)
(3944,3.0)
(3950,4.0)
(3954,4.0)
(3956,3.0)
(3960,3.0)
(3966,4.0)
(3968,3.0)
(3974,4.0)
(3978,4.0)
(3982,4.0)
(3984,3.0)
(3990,4.0)
(3992,3.0)
(3998,4.0)
(4002,4.0)
(4004,3.0)
(4010,4.0)
(4012,3.0)
(4018,4.0)
(4022,2.0)
(4026,4.0)
(4030,4.0)
(4032,3.0)
(4038,4.0)
(4040,3.0)
(4044,3.0)
(4050,4.0)
(4052,3.0)
(4056,3.0)
(4060,3.0)
(4064,3.0)
(4068,3.0)
(4074,2.0)
(4078,4.0)
(4080,3.0)
(4086,4.0)
(4090,4.0)
(4092,3.0)
(4098,2.0)
(4100,3.0)
(4104,3.0)
(4110,4.0)
(4114,4.0)
(4116,3.0)
(4122,4.0)
(4126,2.0)
(4130,2.0)
(4132,3.0)
(4138,4.0)
(4140,3.0)
(4146,4.0)
(4148,3.0)
(4152,3.0)
(4158,2.0)
(4160,3.0)
(4164,3.0)
(4170,4.0)
(4174,4.0)
(4178,4.0)
(4182,4.0)
(4186,4.0)
(4190,4.0)
(4194,4.0)
(4196,3.0)
(4200,3.0)
(4204,3.0)
(4208,3.0)
(4214,4.0)
(4216,3.0)
(4222,4.0)
(4224,3.0)
(4228,3.0)
(4232,3.0)
(4238,4.0)
(4242,4.0)
(4246,4.0)
(4248,3.0)
(4252,3.0)
(4258,4.0)
(4260,3.0)
(4264,3.0)
(4268,3.0)
(4272,3.0)
(4276,3.0)
(4282,4.0)
(4284,3.0)
(4290,2.0)
(4292,3.0)
(4296,3.0)
(4300,3.0)
(4306,4.0)
(4310,2.0)
(4314,4.0)
(4318,2.0)
(4320,3.0)
(4326,2.0)
(4330,4.0)
(4332,3.0)
(4338,4.0)
(4342,4.0)
(4346,4.0)
(4350,4.0)
(4352,3.0)
(4358,4.0)
(4360,3.0)
(4366,4.0)
(4370,4.0)
(4374,4.0)
(4378,4.0)
(4380,3.0)
(4386,4.0)
(4390,4.0)
(4394,4.0)
(4398,4.0)
(4400,3.0)
(4404,3.0)
(4408,3.0)
(4414,4.0)
(4418,4.0)
(4420,3.0)
(4426,4.0)
(4428,3.0)
(4434,4.0)
(4436,3.0)
(4442,4.0)
(4446,4.0)
(4450,4.0)
(4452,3.0)
(4458,2.0)
(4460,3.0)
(4464,3.0)
(4468,3.0)
(4474,4.0)
(4476,3.0)
(4480,3.0)
(4484,3.0)
(4490,4.0)
(4494,4.0)
(4498,4.0)
(4500,3.0)
(4506,4.0)
(4508,3.0)
(4514,4.0)
(4516,3.0)
(4522,4.0)
(4526,4.0)
(4530,4.0)
(4534,4.0)
(4536,3.0)
(4540,3.0)
(4546,4.0)
(4550,4.0)
(4552,3.0)
(4558,4.0)
(4562,4.0)
(4564,3.0)
(4568,3.0)
(4574,4.0)
(4576,3.0)
(4580,3.0)
(4586,4.0)
(4588,3.0)
(4592,3.0)
(4598,4.0)
(4600,3.0)
(4604,3.0)
(4610,4.0)
(4614,2.0)
(4618,4.0)
(4620,3.0)
(4626,2.0)
(4630,2.0)
(4632,3.0)
(4638,4.0)
(4642,4.0)
(4646,4.0)
(4648,3.0)
(4652,3.0)
(4658,4.0)
(4662,4.0)
(4664,3.0)
(4668,3.0)
(4672,3.0)
(4678,4.0)
(4682,4.0)
(4684,3.0)
(4690,4.0)
(4692,3.0)
(4698,4.0)
(4702,4.0)
(4704,3.0)
(4708,3.0)
(4712,3.0)
(4716,3.0)
(4722,4.0)
(4724,3.0)
(4730,4.0)
(4732,3.0)
(4736,3.0)
(4740,3.0)
(4744,3.0)
(4750,2.0)
(4754,4.0)
(4756,3.0)
(4760,3.0)
(4766,4.0)
(4768,3.0)
(4774,4.0)
(4778,4.0)
(4782,4.0)
(4784,3.0)
(4788,3.0)
(4794,4.0)
(4796,3.0)
(4802,4.0)
(4806,4.0)
(4808,3.0)
(4812,3.0)
(4818,4.0)
(4822,4.0)
(4826,4.0)
(4830,2.0)
(4832,3.0)
(4838,2.0)
(4842,4.0)
(4846,4.0)
(4848,3.0)
(4852,3.0)
(4856,3.0)
(4860,3.0)
(4866,4.0)
(4868,3.0)
(4874,4.0)
(4876,3.0)
(4882,2.0)
(4884,3.0)
(4890,2.0)
(4894,4.0)
(4898,4.0)
(4902,4.0)
(4904,3.0)
(4910,4.0)
(4914,4.0)
(4918,4.0)
(4922,2.0)
(4924,3.0)
(4928,3.0)
(4932,3.0)
(4936,3.0)
(4942,4.0)
(4946,4.0)
(4950,4.0)
(4952,3.0)
(4958,4.0)
(4962,4.0)
(4964,3.0)
(4970,4.0)
(4974,2.0)
(4976,3.0)
(4982,4.0)
(4986,4.0)
(4990,4.0)
(4994,4.0)
(4996,3.0)
(5000,3.0)
(5004,3.0)
(5008,3.0)
(5014,2.0)
(5018,2.0)
(5022,2.0)
(5024,3.0)
(5030,4.0)
(5032,3.0)
(5038,2.0)
(5042,4.0)
(5044,3.0)
(5050,4.0)
(5054,4.0)
(5056,3.0)
(5062,4.0)
(5066,2.0)
(5070,4.0)
(5074,2.0)
(5078,4.0)
(5082,4.0)
(5084,3.0)
(5090,2.0)
(5092,3.0)
(5098,4.0)
(5100,3.0)
(5106,4.0)
(5108,3.0)
(5114,4.0)
(5116,3.0)
(5120,3.0)
(5126,2.0)
(5130,4.0)
(5134,4.0)
(5138,4.0)
(5140,3.0)
(5144,3.0)
(5150,4.0)
(5152,3.0)
(5158,4.0)
(5162,4.0)
(5166,4.0)
(5170,4.0)
(5172,3.0)
(5176,3.0)
(5182,2.0)
(5184,3.0)
(5190,4.0)
(5192,3.0)
(5198,4.0)
(5202,2.0)
(5206,4.0)
(5210,2.0)
(5212,3.0)
(5218,4.0)
(5220,3.0)
(5224,3.0)
(5228,3.0)
(5232,3.0)
(5236,3.0)
(5242,4.0)
(5244,3.0)
(5250,2.0)
(5252,3.0)
(5258,2.0)
(5260,3.0)
(5264,3.0)
(5268,3.0)
(5272,3.0)
(5276,3.0)
(5282,2.0)
(5286,2.0)
(5290,2.0)
(5292,3.0)
(5298,4.0)
(5300,3.0)
(5306,4.0)
(5310,4.0)
(5314,4.0)
(5318,4.0)
(5320,3.0)
(5324,3.0)
(5330,4.0)
(5334,4.0)
(5338,4.0)
(5340,3.0)
(5346,4.0)
(5350,4.0)
(5354,4.0)
(5358,4.0)
(5362,4.0)
(5364,3.0)
(5368,3.0)
(5374,4.0)
(5376,3.0)
(5382,4.0)
(5386,4.0)
(5388,3.0)
(5394,4.0)
(5398,4.0)
(5402,4.0)
(5404,3.0)
(5408,3.0)
(5412,3.0)
(5416,3.0)
(5420,3.0)
(5424,3.0)
(5430,4.0)
(5434,4.0)
(5436,3.0)
(5442,4.0)
(5444,3.0)
(5448,3.0)
(5452,3.0)
(5458,4.0)
(5462,4.0)
(5464,3.0)
(5470,4.0)
(5474,4.0)
(5478,4.0)
(5480,3.0)
(5484,3.0)
(5490,4.0)
(5492,3.0)
(5498,4.0)
(5502,4.0)
(5504,3.0)
(5510,4.0)
(5512,3.0)
(5518,4.0)
(5520,3.0)
(5526,2.0)
(5528,3.0)
(5534,4.0)
(5538,2.0)
(5540,3.0)
(5546,4.0)
(5548,3.0)
(5552,3.0)
(5556,3.0)
(5560,3.0)
(5566,4.0)
(5568,3.0)
(5572,3.0)
(5578,4.0)
(5580,3.0)
(5584,3.0)
(5590,4.0)
(5594,4.0)
(5598,4.0)
(5602,2.0)
(5606,4.0)
(5610,4.0)
(5612,3.0)
(5616,3.0)
(5622,4.0)
(5624,3.0)
(5628,3.0)
(5632,3.0)
(5636,3.0)
(5642,4.0)
(5644,3.0)
(5650,4.0)
(5654,4.0)
(5658,4.0)
(5660,3.0)
(5664,3.0)
(5668,3.0)
(5672,3.0)
(5676,3.0)
(5682,4.0)
(5684,3.0)
(5690,4.0)
(5694,2.0)
(5698,4.0)
(5700,3.0)
(5706,2.0)
(5710,4.0)
(5714,2.0)
(5716,3.0)
(5720,3.0)
(5724,3.0)
(5728,3.0)
(5734,4.0)
(5738,4.0)
(5740,3.0)
(5744,3.0)
(5750,4.0)
(5752,3.0)
(5756,3.0)
(5762,4.0)
(5766,2.0)
(5770,4.0)
(5772,3.0)
(5778,4.0)
(5780,3.0)
(5784,3.0)
(5790,4.0)
(5794,4.0)
(5798,4.0)
(5802,4.0)
(5804,3.0)
(5810,4.0)
(5812,3.0)
(5818,4.0)
(5820,3.0)
(5824,3.0)
(5830,2.0)
(5834,4.0)
(5838,2.0)
(5842,4.0)
(5846,4.0)
(5848,3.0)
(5854,4.0)
(5858,2.0)
(5862,4.0)
(5866,4.0)
(5870,2.0)
(5872,3.0)
(5878,2.0)
(5880,3.0)
(5886,4.0)
(5890,4.0)
(5894,4.0)
(5898,4.0)
(5900,3.0)
(5906,4.0)
(5910,4.0)
(5914,4.0)
(5916,3.0)
(5920,3.0)
(5924,3.0)
(5928,3.0)
(5932,3.0)
(5936,3.0)
(5940,3.0)
(5944,3.0)
(5948,3.0)
(5954,4.0)
(5956,3.0)
(5962,4.0)
(5964,3.0)
(5970,4.0)
(5974,2.0)
(5976,3.0)
(5980,3.0)
(5984,3.0)
(5990,2.0)
(5992,3.0)
(5996,3.0)
(6002,4.0)
(6004,3.0)
(6010,4.0)
(6012,3.0)
(6018,4.0)
(6020,3.0)
(6024,3.0)
(6028,3.0)
(6032,3.0)
(6038,4.0)
(6042,4.0)
(6044,3.0)
(6050,4.0)
(6054,4.0)
(6056,3.0)
(6062,2.0)
(6066,4.0)
(6070,4.0)
(6074,4.0)
(6076,3.0)
(6082,4.0)
(6084,3.0)
(6090,4.0)
(6092,3.0)
(6096,3.0)
(6102,2.0)
(6106,4.0)
(6108,3.0)
(6112,3.0)
(6118,4.0)
(6122,4.0)
(6126,4.0)
(6130,4.0)
(6132,3.0)
(6138,4.0)
(6140,3.0)
(6146,4.0)
(6150,4.0)
(6152,3.0)
(6158,2.0)
(6160,3.0)
(6166,2.0)
(6170,2.0)
(6174,4.0)
(6178,2.0)
(6180,3.0)
(6184,3.0)
(6188,3.0)
(6194,4.0)
(6198,4.0)
(6202,2.0)
(6204,3.0)
(6208,3.0)
(6212,3.0)
(6216,3.0)
(6220,3.0)
(6226,4.0)
(6230,4.0)
(6232,3.0)
(6238,4.0)
(6240,3.0)
(6246,2.0)
(6250,4.0)
(6254,4.0)
(6256,3.0)
(6260,3.0)
(6266,2.0)
(6270,4.0)
(6272,3.0)
(6276,3.0)
(6280,3.0)
(6284,3.0)
(6290,4.0)
(6294,4.0)
(6296,3.0)
(6300,3.0)
(6306,2.0)
(6308,3.0)
(6314,4.0)
(6316,3.0)
(6320,3.0)
(6324,3.0)
(6328,3.0)
(6332,3.0)
(6336,3.0)
(6342,4.0)
(6344,3.0)
(6350,4.0)
(6352,3.0)
(6356,3.0)
(6360,3.0)
(6366,4.0)
(6368,3.0)
(6374,4.0)
(6376,3.0)
(6380,Infinity)
(6384,3.0)
(6388,3.0)
(6394,4.0)
(6396,3.0)
(6400,3.0)
(6406,4.0)
(6408,3.0)
(6414,4.0)
(6416,3.0)
(6420,3.0)
(6424,3.0)
(6428,3.0)
(6434,4.0)
(6438,4.0)
(6440,3.0)
(6446,4.0)
(6450,4.0)
(6454,4.0)
(6458,4.0)
(6462,4.0)
(6464,3.0)
(6470,4.0)
(6472,3.0)
(6476,3.0)
(6482,4.0)
(6484,3.0)
(6490,4.0)
(6494,4.0)
(6496,3.0)
(6500,3.0)
(6506,4.0)
(6508,3.0)
(6512,3.0)
(6516,3.0)
(6520,3.0)
(6524,3.0)
(6530,4.0)
(6532,3.0)
(6538,4.0)
(6540,3.0)
(6546,4.0)
(6550,4.0)
(6552,3.0)
(6556,3.0)
(6560,3.0)
(6564,3.0)
(6570,4.0)
(6574,4.0)
(6578,4.0)
(6580,3.0)
(6584,3.0)
(6590,4.0)
(6594,4.0)
(6596,3.0)
(6600,3.0)
(6604,3.0)
(6610,4.0)
(6614,4.0)
(6616,3.0)
(6622,4.0)
(6626,4.0)
(6630,4.0)
(6634,2.0)
(6638,4.0)
(6640,3.0)
(6646,4.0)
(6650,4.0)
(6654,4.0)
(6658,2.0)
(6662,4.0)
(6666,4.0)
(6668,3.0)
(6672,3.0)
(6678,2.0)
(6680,3.0)
(6686,2.0)
(6688,3.0)
(6694,2.0)
(6696,3.0)
(6702,2.0)
(6706,4.0)
(6710,4.0)
(6714,2.0)
(6716,3.0)
(6722,4.0)
(6726,4.0)
(6730,4.0)
(6732,3.0)
(6736,3.0)
(6742,4.0)
(6746,4.0)
(6748,3.0)
(6752,3.0)
(6756,3.0)
(6762,4.0)
(6764,3.0)
(6770,4.0)
(6774,2.0)
(6776,3.0)
(6782,4.0)
(6784,3.0)
(6790,4.0)
(6794,4.0)
(6796,3.0)
(6802,4.0)
(6804,3.0)
(6810,4.0)
(6814,4.0)
(6818,4.0)
(6820,3.0)
(6824,3.0)
(6830,4.0)
(6834,4.0)
(6838,4.0)
(6842,2.0)
(6844,3.0)
(6848,3.0)
(6852,3.0)
(6858,4.0)
(6862,4.0)
(6866,4.0)
(6868,3.0)
(6874,2.0)
(6876,3.0)
(6882,4.0)
(6884,3.0)
(6888,3.0)
(6892,3.0)
(6898,4.0)
(6900,3.0)
(6906,4.0)
(6910,4.0)
(6912,3.0)
(6918,4.0)
(6920,3.0)
(6926,4.0)
(6930,4.0)
(6934,2.0)
(6936,3.0)
(6940,3.0)
(6946,4.0)
(6948,3.0)
(6954,4.0)
(6956,3.0)
(6960,3.0)
(6966,4.0)
(6970,4.0)
(6972,3.0)
(6978,4.0)
(6980,3.0)
(6986,4.0)
(6990,4.0)
(6992,3.0)
(6996,3.0)
(7002,4.0)
(7006,4.0)
(7010,4.0)
(7014,2.0)
(7016,3.0)
(7020,3.0)
(7024,3.0)
(7030,4.0)
(7032,3.0)
(7036,3.0)
(7040,3.0)
(7044,3.0)
(7050,4.0)
(7054,4.0)
(7058,2.0)
(7062,4.0)
(7064,3.0)
(7070,2.0)
(7074,4.0)
(7078,4.0)
(7082,4.0)
(7086,4.0)
(7088,3.0)
(7092,3.0)
(7096,3.0)
(7100,3.0)
(7104,3.0)
(7110,4.0)
(7114,4.0)
(7118,4.0)
(7120,3.0)
(7124,3.0)
(7128,3.0)
(7134,4.0)
(7138,4.0)
(7140,3.0)
(7146,4.0)
(7150,4.0)
(7152,3.0)
(7158,4.0)
(7162,4.0)
(7164,3.0)
(7170,4.0)
(7172,3.0)
(7176,3.0)
(7182,4.0)
(7186,4.0)
(7188,3.0)
(7192,3.0)
(7198,4.0)
(7202,4.0)
(7206,4.0)
(7208,3.0)
(7212,3.0)
(7216,3.0)
(7220,3.0)
(7224,3.0)
(7228,3.0)
(7232,3.0)
(7238,4.0)
(7242,4.0)
(7244,3.0)
(7250,4.0)
(7252,3.0)
(7258,4.0)
(7260,3.0)
(7264,3.0)
(7268,3.0)
(7272,3.0)
(7276,3.0)
(7280,3.0)
(7286,2.0)
(7290,4.0)
(7294,4.0)
(7296,3.0)
(7302,4.0)
(7304,3.0)
(7310,4.0)
(7314,4.0)
(7316,3.0)
(7320,3.0)
(7324,3.0)
(7328,3.0)
(7334,4.0)
(7336,3.0)
(7340,3.0)
(7346,4.0)
(7348,3.0)
(7352,3.0)
(7358,4.0)
(7362,4.0)
(7364,3.0)
(7370,4.0)
(7372,3.0)
(7376,3.0)
(7380,3.0)
(7386,4.0)
(7388,3.0)
(7394,4.0)
(7398,4.0)
(7402,4.0)
(7406,4.0)
(7408,3.0)
(7412,3.0)
(7416,3.0)
(7420,3.0)
(7426,4.0)
(7430,4.0)
(7432,3.0)
(7436,3.0)
(7442,4.0)
(7444,3.0)
(7448,3.0)
(7454,4.0)
(7458,4.0)
(7462,4.0)
(7466,4.0)
(7470,4.0)
(7474,4.0)
(7476,3.0)
(7480,3.0)
(7486,4.0)
(7488,3.0)
(7492,3.0)
(7498,4.0)
(7500,3.0)
(7504,3.0)
(7508,3.0)
(7512,3.0)
(7518,4.0)
(7522,4.0)
(7526,4.0)
(7528,3.0)
(7532,3.0)
(7538,4.0)
(7542,4.0)
(7544,3.0)
(7548,3.0)
(7552,3.0)
(7556,3.0)
(7560,3.0)
(7566,4.0)
(7570,4.0)
(7574,2.0)
(7578,2.0)
(7580,3.0)
(7584,3.0)
(7588,3.0)
(7594,4.0)
(7598,4.0)
(7600,3.0)
(7604,3.0)
(7608,3.0)
(7612,3.0)
(7616,3.0)
(7620,3.0)
(7624,3.0)
(7628,3.0)
(7632,3.0)
(7638,2.0)
(7640,3.0)
(7644,3.0)
(7648,3.0)
(7652,3.0)
(7656,3.0)
(7660,3.0)
(7666,4.0)
(7668,3.0)
(7672,3.0)
(7678,4.0)
(7682,4.0)
(7686,4.0)
(7690,4.0)
(7692,3.0)
(7696,3.0)
(7700,3.0)
(7704,3.0)
(7708,3.0)
(7712,3.0)
(7716,3.0)
(7722,4.0)
(7726,4.0)
(7728,3.0)
(7732,3.0)
(7738,2.0)
(7740,3.0)
(7744,3.0)
(7748,3.0)
(7752,3.0)
(7756,3.0)
(7762,4.0)
(7764,3.0)
(7768,3.0)
(7774,4.0)
(7778,2.0)
(7780,3.0)
(7786,2.0)
(7788,3.0)
(7794,4.0)
(7796,3.0)
(7800,3.0)
(7804,3.0)
(7810,4.0)
(7814,4.0)
(7816,3.0)
(7822,4.0)
(7826,4.0)
(7828,3.0)
(7834,4.0)
(7838,4.0)
(7840,3.0)
(7844,3.0)
(7848,3.0)
(7852,3.0)
(7856,3.0)
(7860,3.0)
(7864,3.0)
(7868,3.0)
(7872,3.0)
(7878,4.0)
(7882,4.0)
(7886,4.0)
(7890,4.0)
(7894,4.0)
(7896,3.0)
(7900,3.0)
(7904,3.0)
(7908,3.0)
(7914,4.0)
(7918,4.0)
(7920,3.0)
(7926,4.0)
(7930,2.0)
(7934,4.0)
(7936,3.0)
(7942,4.0)
(7944,3.0)
(7950,4.0)
(7954,4.0)
(7958,4.0)
(7960,3.0)
(7964,3.0)
(7970,4.0)
(7974,4.0)
(7976,3.0)
(7980,3.0)
(7986,4.0)
(7990,4.0)
(7992,3.0)
(7998,4.0)
(8000,3.0)
(8006,4.0)
(8008,3.0)
(8014,4.0)
(8018,4.0)
(8020,3.0)
(8024,3.0)
(8030,4.0)
(8032,3.0)
(8038,4.0)
(8040,3.0)
(8044,3.0)
(8048,3.0)
(8054,4.0)
(8058,4.0)
(8060,3.0)
(8064,3.0)
(8070,4.0)
(8074,4.0)
(8078,4.0)
(8080,3.0)
(8086,4.0)
(8090,4.0)
(8092,3.0)
(8096,3.0)
(8100,3.0)
(8104,3.0)
(8110,4.0)
(8114,4.0)
(8116,3.0)
(8120,3.0)
(8126,2.0)
(8128,3.0)
(8132,3.0)
(8136,3.0)
(8142,4.0)
(8146,4.0)
(8148,3.0)
(8152,3.0)
(8158,4.0)
(8162,4.0)
(8164,3.0)
(8168,3.0)
(8174,4.0)
(8178,2.0)
(8182,4.0)
(8186,4.0)
(8190,4.0)
(8194,4.0)
(8196,3.0)
(8200,3.0)
(8206,4.0)
(8208,3.0)
(8212,3.0)
(8218,2.0)
(8220,3.0)
(8224,3.0)
(8230,4.0)
(8232,3.0)
(8238,4.0)
(8240,3.0)
(8244,3.0)
(8248,3.0)
(8252,3.0)
(8258,4.0)
(8260,3.0)
(8266,4.0)
(8268,3.0)
(8274,4.0)
(8278,4.0)
(8282,4.0)
(8284,3.0)
(8290,4.0)
(8294,4.0)
(8296,3.0)
(8300,3.0)
(8306,4.0)
(8310,2.0)
(8314,4.0)
(8316,3.0)
(8320,3.0)
(8326,4.0)
(8330,4.0)
(8332,3.0)
(8338,4.0)
(8342,4.0)
(8344,3.0)
(8350,4.0)
(8352,3.0)
(8356,3.0)
(8360,3.0)
(8364,3.0)
(8370,4.0)
(8372,3.0)
(8376,3.0)
(8380,3.0)
(8386,4.0)
(8390,4.0)
(8392,3.0)
(8396,3.0)
(8400,3.0)
(8406,2.0)
(8408,3.0)
(8414,4.0)
(8418,2.0)
(8420,3.0)
(8426,4.0)
(8428,3.0)
(8432,3.0)
(8436,3.0)
(8440,3.0)
(8444,3.0)
(8448,3.0)
(8454,4.0)
(8456,3.0)
(8462,4.0)
(8464,3.0)
(8468,3.0)
(8474,4.0)
(8478,4.0)
(8482,4.0)
(8486,4.0)
(8490,2.0)
(8492,3.0)
(8496,3.0)
(8500,3.0)
(8504,3.0)
(8510,4.0)
(8514,4.0)
(8516,3.0)
(8522,4.0)
(8524,3.0)
(8530,4.0)
(8534,4.0)
(8538,4.0)
(8540,3.0)
(8544,3.0)
(8550,4.0)
(8552,3.0)
(8556,3.0)
(8562,4.0)
(8564,3.0)
(8568,3.0)
(8574,4.0)
(8576,3.0)
(8580,3.0)
(8586,4.0)
(8588,3.0)
(8592,3.0)
(8596,3.0)
(8602,2.0)
(8606,4.0)
(8610,4.0)
(8614,2.0)
(8618,4.0)
(8622,4.0)
(8626,4.0)
(8630,4.0)
(8632,3.0)
(8636,3.0)
(8642,4.0)
(8646,4.0)
(8648,3.0)
(8654,4.0)
(8658,4.0)
(8660,3.0)
(8666,2.0)
(8670,4.0)
(8674,2.0)
(8676,3.0)
(8682,2.0)
(8684,3.0)
(8688,3.0)
(8694,4.0)
(8696,3.0)
(8700,3.0)
(8706,2.0)
(8710,4.0)
(8714,2.0)
(8718,4.0)
(8722,4.0)
(8724,3.0)
(8730,4.0)
(8732,3.0)
(8738,2.0)
(8740,3.0)
(8744,3.0)
(8748,3.0)
(8752,3.0)
(8756,3.0)
(8762,4.0)
(8766,4.0)
(8768,3.0)
(8774,4.0)
(8776,3.0)
(8782,2.0)
(8786,4.0)
(8788,3.0)
(8792,3.0)
(8796,3.0)
(8800,3.0)
(8806,2.0)
(8810,2.0)
(8812,3.0)
(8816,3.0)
(8822,2.0)
(8826,4.0)
(8830,4.0)
(8832,3.0)
(8836,3.0)
(8840,3.0)
(8846,2.0)
(8848,3.0)
(8854,4.0)
(8858,4.0)
(8860,3.0)
(8864,3.0)
(8870,4.0)
(8872,3.0)
(8876,3.0)
(8880,3.0)
(8886,4.0)
(8890,4.0)
(8892,3.0)
(8898,4.0)
(8900,3.0)
(8906,4.0)
(8908,3.0)
(8912,3.0)
(8918,4.0)
(8922,4.0)
(8924,3.0)
(8928,3.0)
(8932,3.0)
(8936,3.0)
(8940,3.0)
(8946,2.0)
(8950,4.0)
(8954,4.0)
(8958,4.0)
(8962,4.0)
(8966,4.0)
(8968,3.0)
(8972,3.0)
(8978,4.0)
(8982,2.0)
(8984,3.0)
(8990,4.0)
(8994,4.0)
(8996,3.0)
(9002,4.0)
(9006,4.0)
(9008,3.0)
(9012,3.0)
(9018,4.0)
(9022,4.0)
(9024,3.0)
(9028,3.0)
(9034,4.0)
(9036,3.0)
(9042,2.0)
(9044,3.0)
(9048,3.0)
(9054,4.0)
(9056,3.0)
(9062,4.0)
(9066,2.0)
(9070,2.0)
(9072,3.0)
(9076,3.0)
(9080,3.0)
(9084,3.0)
(9090,4.0)
(9092,3.0)
(9096,3.0)
(9100,3.0)
(9104,3.0)
(9108,3.0)
(9114,4.0)
(9118,4.0)
(9120,3.0)
(9124,3.0)
(9128,3.0)
(9132,3.0)
(9138,4.0)
(9142,2.0)
(9146,2.0)
(9150,4.0)
(9154,4.0)
(9158,2.0)
(9160,3.0)
(9164,3.0)
(9170,4.0)
(9172,3.0)
(9178,4.0)
(9180,3.0)
(9186,2.0)
(9188,3.0)
(9194,4.0)
(9196,3.0)
(9200,3.0)
(9204,3.0)
(9208,3.0)
(9214,4.0)
(9216,3.0)
(9220,3.0)
(9224,3.0)
(9228,3.0)
(9232,3.0)
(9238,4.0)
(9242,4.0)
(9244,3.0)
(9248,3.0)
(9254,4.0)
(9258,4.0)
(9262,4.0)
(9264,3.0)
(9268,3.0)
(9272,3.0)
(9278,4.0)
(9282,4.0)
(9284,3.0)
(9290,4.0)
(9294,4.0)
(9298,4.0)
(9300,3.0)
(9306,4.0)
(9308,3.0)
(9312,3.0)
(9316,3.0)
(9320,3.0)
(9324,3.0)
(9328,3.0)
(9332,3.0)
(9336,3.0)
(9342,4.0)
(9344,3.0)
(9348,3.0)
(9354,2.0)
(9356,3.0)
(9362,4.0)
(9366,4.0)
(9370,4.0)
(9374,2.0)
(9376,3.0)
(9380,3.0)
(9384,3.0)
(9390,4.0)
(9392,3.0)
(9398,4.0)
(9400,3.0)
(9404,3.0)
(9410,4.0)
(9412,3.0)
(9418,4.0)
(9420,3.0)
(9424,3.0)
(9428,3.0)
(9434,4.0)
(9438,4.0)
(9440,3.0)
(9446,2.0)
(9450,4.0)
(9454,4.0)
(9456,3.0)
(9462,4.0)
(9464,3.0)
(9468,3.0)
(9474,4.0)
(9478,2.0)
(9482,4.0)
(9486,4.0)
(9488,3.0)
(9492,3.0)
(9496,3.0)
(9502,4.0)
(9504,3.0)
(9510,4.0)
(9512,3.0)
(9516,3.0)
(9520,3.0)
(9524,3.0)
(9528,3.0)
(9534,4.0)
(9536,3.0)
(9542,4.0)
(9544,3.0)
(9550,4.0)
(9554,4.0)
(9558,4.0)
(9560,3.0)
(9564,3.0)
(9568,3.0)
(9574,4.0)
(9578,4.0)
(9580,3.0)
(9586,4.0)
(9590,4.0)
(9594,4.0)
(9596,3.0)
(9600,3.0)
(9604,3.0)
(9610,4.0)
(9614,4.0)
(9616,3.0)
(9620,3.0)
(9624,3.0)
(9628,3.0)
(9634,4.0)
(9636,3.0)
(9640,3.0)
(9646,2.0)
(9648,3.0)
(9654,4.0)
(9656,3.0)
(9662,2.0)
(9664,3.0)
(9668,3.0)
(9672,3.0)
(9676,3.0)
(9682,4.0)
(9684,3.0)
(9688,3.0)
(9692,3.0)
(9698,4.0)
(9702,4.0)
(9704,3.0)
(9708,3.0)
(9712,3.0)
(9718,4.0)
(9722,4.0)
(9724,3.0)
(9730,4.0)
(9732,3.0)
(9738,4.0)
(9742,4.0)
(9744,3.0)
(9750,4.0)
(9754,4.0)
(9758,4.0)
(9762,4.0)
(9764,3.0)
(9768,3.0)
(9772,3.0)
(9778,4.0)
(9782,4.0)
(9786,4.0)
(9790,4.0)
(9794,2.0)
(9798,2.0)
(9802,2.0)
(9806,4.0)
(9810,4.0)
(9814,4.0)
(9818,4.0)
(9820,3.0)
(9824,3.0)
(9830,2.0)
(9834,2.0)
(9836,3.0)
(9842,4.0)
(9844,3.0)
(9850,4.0)
(9852,3.0)
(9856,3.0)
(9860,3.0)
(9864,3.0)
(9870,4.0)
(9872,3.0)
(9878,4.0)
(9880,3.0)
(9886,4.0)
(9890,4.0)
(9894,4.0)
(9898,4.0)
(9900,3.0)
(9904,3.0)
(9908,3.0)
(9912,3.0)
(9918,4.0)
(9922,4.0)
(9926,4.0)
(9928,3.0)
(9932,3.0)
(9938,4.0)
(9942,4.0)
(9946,2.0)
(9950,2.0)
(9954,4.0)
(9956,3.0)
(9960,3.0)
(9964,3.0)
(9968,3.0)
(9974,4.0)
(9976,3.0)
(9980,3.0)
(9986,4.0)
(9988,3.0)
(9994,2.0)
(9998,2.0)
(10000,3.0)
(10004,3.0)
(10010,2.0)
(10014,4.0)
(10018,4.0)
(10020,3.0)
(10024,3.0)
(10030,2.0)
(10034,4.0)
(10036,3.0)
(10040,3.0)
(10044,3.0)
(10050,4.0)
(10054,2.0)
(10058,4.0)
(10060,3.0)
(10064,3.0)
(10068,3.0)
(10072,3.0)
(10078,2.0)
(10080,3.0)
(10084,3.0)
(10090,2.0)
(10092,3.0)
(10098,2.0)
(10100,3.0)
(10104,3.0)
(10108,3.0)
(10112,3.0)
(10116,3.0)
(10120,3.0)
(10124,3.0)
(10128,3.0)
(10134,2.0)
(10136,3.0)
(10142,4.0)
(10146,4.0)
(10148,3.0)
(10152,3.0)
(10156,3.0)
(10160,3.0)
(10164,3.0)
(10170,4.0)
(10174,4.0)
(10178,4.0)
(10180,3.0)
(10184,3.0)
(10188,3.0)
(10192,3.0)
(10196,3.0)
(10202,4.0)
(10204,3.0)
(10208,3.0)
(10214,4.0)
(10216,3.0)
(10222,4.0)
(10226,4.0)
(10228,3.0)
(10234,4.0)
(10238,4.0)
(10240,3.0)
(10246,4.0)
(10248,3.0)
(10252,3.0)
(10256,3.0)
(10260,3.0)
(10266,4.0)
(10268,3.0)
(10272,3.0)
(10278,4.0)
(10280,3.0)
(10284,3.0)
(10288,3.0)
(10294,4.0)
(10298,4.0)
(10302,4.0)
(10306,2.0)
(10310,4.0)
(10314,4.0)
(10318,2.0)
(10322,2.0)
(10326,2.0)
(10330,4.0)
(10334,4.0)
(10336,3.0)
(10342,4.0)
(10344,3.0)
(10350,4.0)
(10352,3.0)
(10356,3.0)
(10360,3.0)
(10364,3.0)
(10370,4.0)
(10372,3.0)
(10378,2.0)
(10380,3.0)
(10384,3.0)
(10388,3.0)
(10392,3.0)
(10396,3.0)
(10400,3.0)
(10404,3.0)
(10408,3.0)
(10412,3.0)
(10416,3.0)
(10420,3.0)
(10426,4.0)
(10430,4.0)
(10434,2.0)
(10438,4.0)
(10442,2.0)
(10446,2.0)
(10448,3.0)
(10452,3.0)
(10456,3.0)
(10460,3.0)
(10464,3.0)
(10470,4.0)
(10474,4.0)
(10476,3.0)
(10482,4.0)
(10486,4.0)
(10488,3.0)
(10492,3.0)
(10496,3.0)
(10502,2.0)
(10504,3.0)
(10508,3.0)
(10512,3.0)
(10516,3.0)
(10522,4.0)
(10524,3.0)
(10530,4.0)
(10534,4.0)
(10536,3.0)
(10542,4.0)
(10546,4.0)
(10550,4.0)
(10552,3.0)
(10558,4.0)
(10560,3.0)
(10566,4.0)
(10568,3.0)
(10572,3.0)
(10576,3.0)
(10580,3.0)
(10584,3.0)
(10588,3.0)
(10594,4.0)
(10598,4.0)
(10600,3.0)
(10604,3.0)
(10610,4.0)
(10612,3.0)
(10618,4.0)
(10622,4.0)
(10624,3.0)
(10630,4.0)
(10634,4.0)
(10636,3.0)
(10640,3.0)
(10644,3.0)
(10648,3.0)
(10654,4.0)
(10656,3.0)
(10660,3.0)
(10664,3.0)
(10670,2.0)
(10674,4.0)
(10676,3.0)
(10680,3.0)
(10684,3.0)
(10688,3.0)
(10692,3.0)
(10696,3.0)
(10700,3.0)
(10706,4.0)
(10710,4.0)
(10712,3.0)
(10716,3.0)
(10720,3.0)
(10724,3.0)
(10730,4.0)
(10734,4.0)
(10736,3.0)
(10740,3.0)
(10744,3.0)
(10748,3.0)
(10754,4.0)
(10756,3.0)
(10760,3.0)
(10766,2.0)
(10768,3.0)
(10772,3.0)
(10776,3.0)
(10780,3.0)
(10784,3.0)
(10788,3.0)
(10792,3.0)
(10796,3.0)
(10802,4.0)
(10804,3.0)
(10808,3.0)
(10814,4.0)
(10818,4.0)
(10820,3.0)
(10826,4.0)
(10828,3.0)
(10834,4.0)
(10838,4.0)
(10840,3.0)
(10844,3.0)
(10850,4.0)
(10854,4.0)
(10858,4.0)
(10862,4.0)
(10866,4.0)
(10868,3.0)
(10872,3.0)
(10878,4.0)
(10880,3.0)
(10884,3.0)
(10888,3.0)
(10892,3.0)
(10898,2.0)
(10902,4.0)
(10906,4.0)
(10910,4.0)
(10914,4.0)
(10918,4.0)
(10922,4.0)
(10924,3.0)
(10930,4.0)
(10934,4.0)
(10938,4.0)
(10940,3.0)
(10944,3.0)
(10948,3.0)
(10952,3.0)
(10958,4.0)
(10962,4.0)
(10966,4.0)
(10970,4.0)
(10972,3.0)
(10976,3.0)
(10982,4.0)
(10984,3.0)
(10988,3.0)
(10994,4.0)
(10996,3.0)
(11002,4.0)
(11006,4.0)
(11008,3.0)
(11014,2.0)
(11018,2.0)
(11022,4.0)
(11024,3.0)
(11028,3.0)
(11034,4.0)
(11036,3.0)
(11042,4.0)
(11044,3.0)
(11048,3.0)
(11054,2.0)
(11056,3.0)
(11060,3.0)
(11066,2.0)
(11068,3.0)
(11072,3.0)
(11076,3.0)
(11082,4.0)
(11084,3.0)
(11090,4.0)
(11094,4.0)
(11096,3.0)
(11102,4.0)
(11104,3.0)
(11108,3.0)
(11114,4.0)
(11118,4.0)
(11120,3.0)
(11124,3.0)
(11128,3.0)
(11134,4.0)
(11136,3.0)
(11142,4.0)
(11144,3.0)
(11148,3.0)
(11152,3.0)
(11158,4.0)
(11160,3.0)
(11166,4.0)
(11168,3.0)
(11174,4.0)
(11176,3.0)
(11180,3.0)
(11186,4.0)
(11188,3.0)
(11192,3.0)
(11198,4.0)
(11200,3.0)
(11206,4.0)
(11210,4.0)
(11214,4.0)
(11216,3.0)
(11220,3.0)
(11224,3.0)
(11228,3.0)
(11232,3.0)
(11236,3.0)
(11242,4.0)
(11246,4.0)
(11248,3.0)
(11254,4.0)
(11256,3.0)
(11260,3.0)
(11266,4.0)
(11268,3.0)
(11274,4.0)
(11278,4.0)
(11280,3.0)
(11286,4.0)
(11288,3.0)
(11292,3.0)
(11296,3.0)
(11302,4.0)
(11304,3.0)
(11310,4.0)
(11314,4.0)
(11316,3.0)
(11322,4.0)
(11326,4.0)
(11330,4.0)
(11332,3.0)
(11336,3.0)
(11340,3.0)
(11344,3.0)
(11348,3.0)
(11352,3.0)
(11358,2.0)
(11360,3.0)
(11364,3.0)
(11368,3.0)
(11374,4.0)
(11378,4.0)
(11380,3.0)
(11386,4.0)
(11388,3.0)
(11392,3.0)
(11396,3.0)
(11402,4.0)
(11404,3.0)
(11408,3.0)
(11412,3.0)
(11416,3.0)
(11420,3.0)
(11426,4.0)
(11428,3.0)
(11432,3.0)
(11436,3.0)
(11440,3.0)
(11446,4.0)
(11450,4.0)
(11452,3.0)
(11458,4.0)
(11462,4.0)
(11464,3.0)
(11468,3.0)
(11474,2.0)
(11476,3.0)
(11482,4.0)
(11484,3.0)
(11488,3.0)
(11494,4.0)
(11498,4.0)
(11500,3.0)
(11506,4.0)
(11508,3.0)
(11512,3.0)
(11518,4.0)
(11522,4.0)
(11524,3.0)
(11528,3.0)
(11534,4.0)
(11536,3.0)
(11540,3.0)
(11546,4.0)
(11550,4.0)
(11554,4.0)
(11558,4.0)
(11562,4.0)
(11566,4.0)
(11568,3.0)
(11572,3.0)
(11578,4.0)
(11580,3.0)
(11586,4.0)
(11590,4.0)
(11592,3.0)
(11596,3.0)
(11600,3.0)
(11606,4.0)
(11608,3.0)
(11612,3.0)
(11616,3.0)
(11622,4.0)
(11624,3.0)
(11630,4.0)
(11632,3.0)
(11638,2.0)
(11640,3.0)
(11646,4.0)
(11650,4.0)
(11652,3.0)
(11656,3.0)
(11662,2.0)
(11666,4.0)
(11670,2.0)
(11672,3.0)
(11676,3.0)
(11682,2.0)
(11686,4.0)
(11690,4.0)
(11694,4.0)
(11698,4.0)
(11702,4.0)
(11706,4.0)
(11708,3.0)
(11712,3.0)
(11718,4.0)
(11720,3.0)
(11724,3.0)
(11728,3.0)
(11734,2.0)
(11738,2.0)
(11740,3.0)
(11744,3.0)
(11750,4.0)
(11754,2.0)
(11756,3.0)
(11760,3.0)
(11764,3.0)
(11770,2.0)
(11774,4.0)
(11776,3.0)
(11782,4.0)
(11784,3.0)
(11790,2.0)
(11794,4.0)
(11796,3.0)
(11802,2.0)
(11804,3.0)
(11810,4.0)
(11814,2.0)
(11818,4.0)
(11820,3.0)
(11824,3.0)
(11830,4.0)
(11832,3.0)
(11836,3.0)
(11840,3.0)
(11846,4.0)
(11850,2.0)
(11854,4.0)
(11856,3.0)
(11860,3.0)
(11866,4.0)
(11868,3.0)
(11874,4.0)
(11878,4.0)
(11882,4.0)
(11884,3.0)
(11890,4.0)
(11892,3.0)
(11898,4.0)
(11902,4.0)
(11904,3.0)
(11908,3.0)
(11914,4.0)
(11918,4.0)
(11920,3.0)
(11924,3.0)
(11930,2.0)
(11932,3.0)
(11938,4.0)
(11940,3.0)
(11944,3.0)
(11950,4.0)
(11954,4.0)
(11958,4.0)
(11960,3.0)
(11964,3.0)
(11968,3.0)
(11974,4.0)
(11978,4.0)
(11980,3.0)
(11986,4.0)
(11988,3.0)
(11992,3.0)
(11996,3.0)
(12002,2.0)
(12006,4.0)
(12008,3.0)
(12012,3.0)
(12016,3.0)
(12020,3.0)
(12024,3.0)
(12028,3.0)
(12032,3.0)
(12038,2.0)
(12042,4.0)
(12044,3.0)
(12050,4.0)
(12052,3.0)
(12056,3.0)
(12062,4.0)
(12064,3.0)
(12070,4.0)
(12072,3.0)
(12076,3.0)
(12080,3.0)
(12084,3.0)
(12088,3.0)
(12092,3.0)
(12098,4.0)
(12102,4.0)
(12104,3.0)
(12108,3.0)
(12114,4.0)
(12116,3.0)
(12122,2.0)
(12126,4.0)
(12128,3.0)
(12134,4.0)
(12138,2.0)
(12140,3.0)
(12146,4.0)
(12150,4.0)
(12152,3.0)
(12158,4.0)
(12160,3.0)
(12166,4.0)
(12168,3.0)
(12172,3.0)
(12178,4.0)
(12180,3.0)
(12186,4.0)
(12190,4.0)
(12194,4.0)
(12198,4.0)
(12202,4.0)
(12206,4.0)
(12208,3.0)
(12214,4.0)
(12218,4.0)
(12222,4.0)
(12224,3.0)
(12230,4.0)
(12232,3.0)
(12236,3.0)
(12240,3.0)
(12246,4.0)
(12250,4.0)
(12252,3.0)
(12256,3.0)
(12260,3.0)
(12264,3.0)
(12268,3.0)
(12272,3.0)
(12276,3.0)
(12282,4.0)
(12284,3.0)
(12290,4.0)
(12294,4.0)
(12296,3.0)
(12300,3.0)
(12304,3.0)
(12310,2.0)
(12314,2.0)
(12318,2.0)
(12322,2.0)
(12326,4.0)
(12330,4.0)
(12334,2.0)
(12336,3.0)
(12340,3.0)
(12344,3.0)
(12350,4.0)
(12352,3.0)
(12356,3.0)
(12362,2.0)
(12364,3.0)
(12370,4.0)
(12372,3.0)
(12376,3.0)
(12380,3.0)
(12384,3.0)
(12388,3.0)
(12392,3.0)
(12396,3.0)
(12400,3.0)
(12406,2.0)
(12410,2.0)
(12414,4.0)
(12418,4.0)
(12422,2.0)
(12426,4.0)
(12430,2.0)
(12434,4.0)
(12436,3.0)
(12440,3.0)
(12444,3.0)
(12450,2.0)
(12454,4.0)
(12458,4.0)
(12460,3.0)
(12464,3.0)
(12470,4.0)
(12474,4.0)
(12476,3.0)
(12480,3.0)
(12484,3.0)
(12488,3.0)
(12494,4.0)
(12496,3.0)
(12500,3.0)
(12506,4.0)
(12508,3.0)
(12512,3.0)
(12518,4.0)
(12522,4.0)
(12524,3.0)
(12530,4.0)
(12532,3.0)
(12538,4.0)
(12540,3.0)
(12546,2.0)
(12548,3.0)
(12554,4.0)
(12556,3.0)
(12560,3.0)
(12566,4.0)
(12568,3.0)
(12572,3.0)
(12578,2.0)
(12582,4.0)
(12584,3.0)
(12590,4.0)
(12594,4.0)
(12598,4.0)
(12602,4.0)
(12606,2.0)
(12610,4.0)
(12614,4.0)
(12616,3.0)
(12622,2.0)
(12626,4.0)
(12628,3.0)
(12634,4.0)
(12638,4.0)
(12642,4.0)
(12644,3.0)
(12650,4.0)
(12652,3.0)
(12656,3.0)
(12660,3.0)
(12664,3.0)
(12668,3.0)
(12672,3.0)
(12678,4.0)
(12680,3.0)
(12684,3.0)
(12690,4.0)
(12694,4.0)
(12696,3.0)
(12700,3.0)
(12704,3.0)
(12708,3.0)
(12714,4.0)
(12718,4.0)
(12722,4.0)
(12724,3.0)
(12728,3.0)
(12732,3.0)
(12738,2.0)
(12742,4.0)
(12746,4.0)
(12748,3.0)
(12754,4.0)
(12758,2.0)
(12762,4.0)
(12764,3.0)
(12770,4.0)
(12772,3.0)
(12778,4.0)
(12780,3.0)
(12784,3.0)
(12790,4.0)
(12792,3.0)
(12796,3.0)
(12802,4.0)
(12804,3.0)
(12808,3.0)
(12812,3.0)
(12818,4.0)
(12822,4.0)
(12824,3.0)
(12828,3.0)
(12834,4.0)
(12838,4.0)
(12842,2.0)
(12846,4.0)
(12850,4.0)
(12852,3.0)
(12858,4.0)
(12860,3.0)
(12866,4.0)
(12870,4.0)
(12872,3.0)
(12876,3.0)
(12880,3.0)
(12886,4.0)
(12888,3.0)
(12894,4.0)
(12898,4.0)
(12902,4.0)
(12906,4.0)
(12910,4.0)
(12914,4.0)
(12918,4.0)
(12922,4.0)
(12924,3.0)
(12928,3.0)
(12934,4.0)
(12936,3.0)
(12942,4.0)
(12944,3.0)
(12948,3.0)
(12954,4.0)
(12956,3.0)
(12962,2.0)
(12966,4.0)
(12970,4.0)
(12972,3.0)
(12978,4.0)
(12980,3.0)
(12984,3.0)
(12988,3.0)
(12994,4.0)
(12996,3.0)
(13000,3.0)
(13006,4.0)
(13010,2.0)
(13012,3.0)
(13018,4.0)
(13020,3.0)
(13024,3.0)
(13028,3.0)
(13034,2.0)
(13038,4.0)
(13040,3.0)
(13044,3.0)
(13050,4.0)
(13052,3.0)
(13058,4.0)
(13062,4.0)
(13066,4.0)
(13068,3.0)
(13074,4.0)
(13078,4.0)
(13080,3.0)
(13084,3.0)
(13088,3.0)
(13094,4.0)
(13096,3.0)
(13102,4.0)
(13106,4.0)
(13108,3.0)
(13114,4.0)
(13118,2.0)
(13120,3.0)
(13126,4.0)
(13128,3.0)
(13134,4.0)
(13138,4.0)
(13142,4.0)
(13146,4.0)
(13150,2.0)
(13152,3.0)
(13156,3.0)
(13160,3.0)
(13164,3.0)
(13168,3.0)
(13174,4.0)
(13176,3.0)
(13182,4.0)
(13184,3.0)
(13190,2.0)
(13194,4.0)
(13198,2.0)
(13200,3.0)
(13206,4.0)
(13210,2.0)
(13212,3.0)
(13216,3.0)
(13222,4.0)
(13226,4.0)
(13228,3.0)
(13234,4.0)
(13236,3.0)
(13242,4.0)
(13246,4.0)
(13250,4.0)
(13254,4.0)
(13256,3.0)
(13262,4.0)
(13266,2.0)
(13270,4.0)
(13272,3.0)
(13278,4.0)
(13282,4.0)
(13286,4.0)
(13290,4.0)
(13294,2.0)
(13296,3.0)
(13302,2.0)
(13306,2.0)
(13310,4.0)
(13312,3.0)
(13316,3.0)
(13320,3.0)
(13326,4.0)
(13328,3.0)
(13332,3.0)
(13338,4.0)
(13340,3.0)
(13346,2.0)
(13350,4.0)
(13352,3.0)
(13358,2.0)
(13362,2.0)
(13366,4.0)
(13368,3.0)
(13374,2.0)
(13378,4.0)
(13382,4.0)
(13384,3.0)
(13388,3.0)
(13392,3.0)
(13396,3.0)
(13402,4.0)
(13404,3.0)
(13410,4.0)
(13412,3.0)
(13418,4.0)
(13420,3.0)
(13426,4.0)
(13428,3.0)
(13434,4.0)
(13438,4.0)
(13442,4.0)
(13446,4.0)
(13448,3.0)
(13454,4.0)
(13458,2.0)
(13460,3.0)
(13466,4.0)
(13470,4.0)
(13474,4.0)
(13476,3.0)
(13480,3.0)
(13484,3.0)
(13490,4.0)
(13492,3.0)
(13498,4.0)
(13500,3.0)
(13506,4.0)
(13510,4.0)
(13512,3.0)
(13516,3.0)
(13520,3.0)
(13526,4.0)
(13528,3.0)
(13534,4.0)
(13538,4.0)
(13542,4.0)
(13546,4.0)
(13548,3.0)
(13552,3.0)
(13556,3.0)
(13560,3.0)
(13566,4.0)
(13568,3.0)
(13572,3.0)
(13576,3.0)
(13582,4.0)
(13584,3.0)
(13590,4.0)
(13592,3.0)
(13598,2.0)
(13602,2.0)
(13604,3.0)
(13608,3.0)
(13614,4.0)
(13618,4.0)
(13622,4.0)
(13626,4.0)
(13628,3.0)
(13634,4.0)
(13636,3.0)
(13640,3.0)
(13646,2.0)
(13650,4.0)
(13652,3.0)
(13656,3.0)
(13662,4.0)
(13664,3.0)
(13668,3.0)
(13674,4.0)
(13676,3.0)
(13680,3.0)
(13686,4.0)
(13690,4.0)
(13692,3.0)
(13696,3.0)
(13702,4.0)
(13704,3.0)
(13708,3.0)
(13712,3.0)
(13716,3.0)
(13720,3.0)
(13724,3.0)
(13730,4.0)
(13732,3.0)
(13738,2.0)
(13740,3.0)
(13746,4.0)
(13748,3.0)
(13752,3.0)
(13756,3.0)
(13760,3.0)
(13766,2.0)
(13770,2.0)
(13772,3.0)
(13778,4.0)
(13780,3.0)
(13786,4.0)
(13790,4.0)
(13792,3.0)
(13796,3.0)
(13802,4.0)
(13804,3.0)
(13808,3.0)
(13812,3.0)
(13818,4.0)
(13820,3.0)
(13826,4.0)
(13830,4.0)
(13832,3.0)
(13836,3.0)
(13842,2.0)
(13844,3.0)
(13848,3.0)
(13852,3.0)
(13856,3.0)
(13862,4.0)
(13864,3.0)
(13868,3.0)
(13874,4.0)
(13878,4.0)
(13880,3.0)
(13884,3.0)
(13888,3.0)
(13892,3.0)
(13896,3.0)
(13902,4.0)
(13904,3.0)
(13910,4.0)
(13914,4.0)
(13916,3.0)
(13922,4.0)
(13924,3.0)
(13928,3.0)
(13934,2.0)
(13938,4.0)
(13942,4.0)
(13946,2.0)
(13948,3.0)
(13952,3.0)
(13956,3.0)
(13960,3.0)
(13964,3.0)
(13968,3.0)
(13972,3.0)
(13976,3.0)
(13982,2.0)
(13986,2.0)
(13990,4.0)
(13994,4.0)
(13998,4.0)
(14000,3.0)
(14006,4.0)
(14010,2.0)
(14012,3.0)
(14018,4.0)
(14022,2.0)
(14026,2.0)
(14030,4.0)
(14032,3.0)
(14036,3.0)
(14042,4.0)
(14046,4.0)
(14050,2.0)
(14052,3.0)
(14058,2.0)
(14060,3.0)
(14066,4.0)
(14068,3.0)
(14072,3.0)
(14076,3.0)
(14080,3.0)
(14086,4.0)
(14088,3.0)
(14094,4.0)
(14098,4.0)
(14100,3.0)
(14104,3.0)
(14110,2.0)
(14114,4.0)
(14118,2.0)
(14120,3.0)
(14126,4.0)
(14128,3.0)
(14134,4.0)
(14138,2.0)
(14140,3.0)
(14144,3.0)
(14150,4.0)
(14154,4.0)
(14156,3.0)
(14162,2.0)
(14166,4.0)
(14170,2.0)
(14172,3.0)
(14178,4.0)
(14180,3.0)
(14184,3.0)
(14188,3.0)
(14194,4.0)
(14198,4.0)
(14200,3.0)
(14206,4.0)
(14208,3.0)
(14212,3.0)
(14216,3.0)
(14222,4.0)
(14226,4.0)
(14228,3.0)
(14232,3.0)
(14236,3.0)
(14242,4.0)
(14244,3.0)
(14248,3.0)
(14252,3.0)
(14258,4.0)
(14262,2.0)
(14264,3.0)
(14270,4.0)
(14272,3.0)
(14278,4.0)
(14282,4.0)
(14284,3.0)
(14288,3.0)
(14294,4.0)
(14296,3.0)
(14302,4.0)
(14306,4.0)
(14310,4.0)
(14312,3.0)
(14316,3.0)
(14320,3.0)
(14324,3.0)
(14328,3.0)
(14332,3.0)
(14338,4.0)
(14340,3.0)
(14346,4.0)
(14348,3.0)
(14354,4.0)
(14356,3.0)
(14360,3.0)
(14364,3.0)
(14368,3.0)
(14372,3.0)
(14376,3.0)
(14380,3.0)
(14384,3.0)
(14388,3.0)
(14394,4.0)
(14396,3.0)
(14400,3.0)
(14406,4.0)
(14408,3.0)
(14412,3.0)
(14416,3.0)
(14422,4.0)
(14424,3.0)
(14430,4.0)
(14432,3.0)
(14436,3.0)
(14440,3.0)
(14444,3.0)
(14448,3.0)
(14452,3.0)
(14456,3.0)
(14462,4.0)
(14464,3.0)
(14470,4.0)
(14474,4.0)
(14478,2.0)
(14482,2.0)
(14484,3.0)
(14488,3.0)
(14492,3.0)
(14496,3.0)
(14500,3.0)
(14504,3.0)
(14508,3.0)
(14514,4.0)
(14518,4.0)
(14522,4.0)
(14526,4.0)
(14528,3.0)
(14534,4.0)
(14538,4.0)
(14540,5.0)
(14544,3.0)
(14550,4.0)
(14552,3.0)
(14556,3.0)
(14562,4.0)
(14564,3.0)
(14568,3.0)
(14572,3.0)
(14576,3.0)
(14580,3.0)
(14586,4.0)
(14588,3.0)
(14592,3.0)
(14598,2.0)
(14600,3.0)
(14606,2.0)
(14610,4.0)
(14612,3.0)
(14618,2.0)
(14622,4.0)
(14624,3.0)
(14630,4.0)
(14632,3.0)
(14638,4.0)
(14642,4.0)
(14646,2.0)
(14648,3.0)
(14654,2.0)
(14656,3.0)
(14660,3.0)
(14664,3.0)
(14670,2.0)
(14674,4.0)
(14676,3.0)
(14682,4.0)
(14686,4.0)
(14688,3.0)
(14692,3.0)
(14698,4.0)
(14700,3.0)
(14704,3.0)
(14708,3.0)
(14712,3.0)
(14716,3.0)
(14722,4.0)
(14724,3.0)
(14728,3.0)
(14732,3.0)
(14736,3.0)
(14742,2.0)
(14744,3.0)
(14750,4.0)
(14754,4.0)
(14756,3.0)
(14760,3.0)
(14764,3.0)
(14770,4.0)
(14774,4.0)
(14778,4.0)
(14782,4.0)
(14786,2.0)
(14790,4.0)
(14792,3.0)
(14796,3.0)
(14802,4.0)
(14804,3.0)
(14810,4.0)
(14814,4.0)
(14816,3.0)
(14820,3.0)
(14826,4.0)
(14828,3.0)
(14834,4.0)
(14836,3.0)
(14842,4.0)
(14844,3.0)
(14848,3.0)
(14854,4.0)
(14858,4.0)
(14862,4.0)
(14864,3.0)
(14870,4.0)
(14872,3.0)
(14878,4.0)
(14882,4.0)
(14884,3.0)
(14890,4.0)
(14892,3.0)
(14898,2.0)
(14902,4.0)
(14906,4.0)
(14908,3.0)
(14912,3.0)
(14916,3.0)
(14922,4.0)
(14924,3.0)
(14928,3.0)
(14932,3.0)
(14938,4.0)
(14940,3.0)
(14946,4.0)
(14950,4.0)
(14952,3.0)
(14956,3.0)
(14962,4.0)
(14966,4.0)
(14968,3.0)
(14974,4.0)
(14976,3.0)
(14982,4.0)
(14984,3.0)
(14990,4.0)
(14992,3.0)
(14996,3.0)
(15000,3.0)
(15006,2.0)
(15010,4.0)
(15012,3.0)
(15018,2.0)
(15020,3.0)
(15026,2.0)
(15030,2.0)
(15034,2.0)
(15038,2.0)
(15042,4.0)
(15044,3.0)
(15050,4.0)
(15054,4.0)
(15056,3.0)
(15062,4.0)
(15066,4.0)
(15070,4.0)
(15072,3.0)
(15078,4.0)
(15082,4.0)
(15086,4.0)
(15090,4.0)
(15092,3.0)
(15096,3.0)
(15102,4.0)
(15106,4.0)
(15110,4.0)
(15112,3.0)
(15116,3.0)
(15122,4.0)
(15126,4.0)
(15130,4.0)
(15132,3.0)
(15138,4.0)
(15142,4.0)
(15146,4.0)
(15148,3.0)
(15152,3.0)
(15156,3.0)
(15162,4.0)
(15166,2.0)
(15168,3.0)
(15174,4.0)
(15176,3.0)
(15180,3.0)
(15184,3.0)
(15190,4.0)
(15192,3.0)
(15196,3.0)
(15200,3.0)
(15206,4.0)
(15210,4.0)
(15214,4.0)
(15218,4.0)
(15222,4.0)
(15226,4.0)
(15230,4.0)
(15232,3.0)
(15238,4.0)
(15242,4.0)
(15244,3.0)
(15248,3.0)
(15252,3.0)
(15256,3.0)
(15262,4.0)
(15266,4.0)
(15270,4.0)
(15274,2.0)
(15278,2.0)
(15282,4.0)
(15286,4.0)
(15288,3.0)
(15294,4.0)
(15296,3.0)
(15300,3.0)
(15304,3.0)
(15308,3.0)
(15314,4.0)
(15316,3.0)
(15320,3.0)
(15324,3.0)
(15330,4.0)
(15334,4.0)
(15338,4.0)
(15342,4.0)
(15344,3.0)
(15348,3.0)
(15352,Infinity)
(15358,2.0)
(15360,3.0)
(15366,4.0)
(15370,2.0)
(15372,3.0)
(15378,4.0)
(15382,4.0)
(15384,3.0)
(15390,4.0)
(15394,4.0)
(15398,4.0)
(15400,3.0)
(15404,3.0)
(15408,3.0)
(15414,2.0)
(15416,3.0)
(15420,3.0)
(15426,4.0)
(15428,3.0)
(15432,3.0)
(15438,4.0)
(15440,3.0)
(15444,3.0)
(15450,4.0)
(15454,4.0)
(15458,2.0)
(15460,3.0)
(15464,3.0)
(15468,3.0)
(15474,4.0)
(15476,3.0)
(15482,4.0)
(15486,4.0)
(15490,4.0)
(15492,3.0)
(15498,2.0)
(15502,4.0)
(15506,4.0)
(15510,4.0)
(15512,3.0)
(15516,3.0)
(15522,2.0)
(15524,3.0)
(15530,4.0)
(15534,4.0)
(15538,4.0)
(15542,4.0)
(15544,3.0)
(15550,4.0)
(15554,4.0)
(15556,3.0)
(15560,3.0)
(15566,4.0)
(15570,2.0)
(15574,2.0)
(15576,3.0)
(15580,3.0)
(15586,4.0)
(15590,4.0)
(15592,3.0)
(15596,3.0)
(15602,4.0)
(15606,2.0)
(15610,4.0)
(15614,4.0)
(15618,2.0)
(15622,4.0)
(15624,3.0)
(15630,4.0)
(15632,3.0)
(15636,3.0)
(15642,4.0)
(15646,4.0)
(15648,3.0)
(15652,3.0)
(15658,2.0)
(15660,3.0)
(15666,4.0)
(15670,4.0)
(15674,2.0)
(15676,3.0)
(15682,4.0)
(15686,4.0)
(15690,4.0)
(15692,3.0)
(15696,3.0)
(15700,3.0)
(15706,4.0)
(15710,4.0)
(15714,4.0)
(15718,4.0)
(15720,3.0)
(15724,3.0)
(15730,4.0)
(15734,4.0)
(15738,4.0)
(15740,3.0)
(15744,3.0)
(15750,4.0)
(15754,4.0)
(15758,4.0)
(15762,4.0)
(15766,4.0)
(15768,3.0)
(15772,3.0)
(15778,4.0)
(15782,4.0)
(15784,3.0)
(15790,4.0)
(15792,3.0)
(15798,2.0)
(15802,4.0)
(15804,3.0)
(15808,3.0)
(15814,4.0)
(15816,3.0)
(15820,3.0)
(15826,2.0)
(15830,2.0)
(15834,4.0)
(15836,3.0)
(15842,4.0)
(15846,4.0)
(15848,3.0)
(15852,3.0)
(15858,4.0)
(15860,3.0)
(15864,3.0)
(15870,4.0)
(15874,4.0)
(15876,3.0)
(15880,3.0)
(15886,4.0)
(15890,4.0)
(15894,4.0)
(15898,4.0)
(15900,3.0)
(15904,3.0)
(15910,4.0)
(15914,4.0)
(15918,4.0)
(15920,3.0)
(15926,4.0)
(15930,2.0)
(15932,3.0)
(15936,3.0)
(15942,4.0)
(15944,3.0)
(15950,4.0)
(15954,4.0)
(15958,4.0)
(15962,2.0)
(15964,3.0)
(15970,2.0)
(15974,4.0)
(15976,3.0)
(15980,3.0)
(15986,2.0)
(15988,3.0)
(15994,4.0)
(15998,4.0)
(16000,3.0)
(16004,3.0)
(16008,3.0)
(16014,4.0)
(16018,2.0)
(16022,4.0)
(16024,3.0)
(16030,4.0)
(16032,3.0)
(16038,4.0)
(16040,3.0)
(16044,3.0)
(16048,3.0)
(16054,4.0)
(16056,3.0)
(16060,3.0)
(16066,4.0)
(16068,3.0)
(16074,4.0)
(16076,3.0)
(16082,4.0)
(16084,3.0)
(16088,3.0)
(16092,3.0)
(16096,3.0)
(16100,3.0)
(16104,3.0)
(16110,2.0)
(16112,3.0)
(16116,3.0)
(16120,3.0)
(16126,4.0)
(16128,3.0)
(16132,3.0)
(16136,3.0)
(16142,4.0)
(16146,4.0)
(16148,3.0)
(16152,3.0)
(16158,4.0)
(16160,3.0)
(16166,4.0)
(16170,4.0)
(16172,3.0)
(16176,3.0)
(16182,4.0)
(16186,2.0)
(16190,4.0)
(16194,2.0)
(16196,3.0)
(16202,4.0)
(16206,4.0)
(16210,4.0)
(16214,4.0)
(16218,4.0)
(16222,4.0)
(16226,4.0)
(16228,3.0)
(16232,3.0)
(16236,3.0)
(16240,3.0)
(16246,4.0)
(16250,4.0)
(16252,3.0)
(16258,4.0)
(16262,4.0)
(16266,4.0)
(16270,4.0)
(16272,3.0)
(16278,4.0)
(16280,3.0)
(16284,3.0)
(16288,3.0)
(16292,3.0)
(16296,3.0)
(16302,2.0)
(16306,4.0)
(16310,2.0)
(16312,3.0)
(16318,4.0)
(16320,3.0)
(16324,3.0)
(16328,3.0)
(16334,4.0)
(16338,4.0)
(16342,2.0)
(16344,3.0)
(16350,4.0)
(16354,4.0)
(16356,3.0)
(16362,4.0)
(16366,4.0)
(16370,4.0)
(16372,3.0)
(16378,4.0)
(16382,4.0)
(16386,4.0)
(16388,3.0)
(16392,3.0)
(16398,4.0)
(16400,3.0)
(16404,3.0)
(16410,4.0)
(16412,3.0)
(16416,3.0)
(16420,3.0)
(16426,4.0)
(16428,3.0)
(16434,4.0)
(16436,3.0)
(16442,4.0)
(16446,4.0)
(16448,3.0)
(16454,4.0)
(16456,3.0)
(16462,4.0)
(16464,3.0)
(16468,3.0)
(16472,3.0)
(16476,3.0)
(16482,4.0)
(16486,4.0)
(16490,4.0)
(16492,3.0)
(16498,4.0)
(16502,4.0)
(16506,4.0)
(16510,4.0)
(16514,4.0)
(16518,4.0)
(16520,3.0)
(16526,4.0)
(16528,3.0)
(16532,3.0)
(16536,3.0)
(16540,3.0)
(16544,3.0)
(16550,4.0)
(16552,3.0)
(16558,4.0)
(16562,4.0)
(16566,4.0)
(16570,4.0)
(16574,4.0)
(16576,3.0)
(16582,4.0)
(16586,4.0)
(16590,2.0)
(16592,3.0)
(16598,4.0)
(16602,4.0)
(16606,4.0)
(16610,2.0)
(16612,3.0)
(16618,4.0)
(16620,3.0)
(16626,2.0)
(16630,2.0)
(16634,4.0)
(16638,4.0)
(16640,3.0)
(16644,3.0)
(16648,3.0)
(16652,3.0)
(16656,3.0)
(16660,3.0)
(16666,4.0)
(16668,3.0)
(16672,3.0)
(16678,4.0)
(16682,2.0)
(16686,4.0)
(16690,4.0)
(16692,3.0)
(16698,2.0)
(16702,4.0)
(16704,3.0)
(16708,3.0)
(16712,3.0)
(16716,3.0)
(16722,4.0)
(16726,4.0)
(16730,2.0)
(16732,3.0)
(16736,3.0)
(16740,3.0)
(16746,2.0)
(16750,4.0)
(16754,4.0)
(16756,3.0)
(16760,3.0)
(16764,3.0)
(16768,3.0)
(16774,4.0)
(16776,3.0)
(16780,3.0)
(16786,4.0)
(16790,4.0)
(16792,3.0)
(16798,4.0)
(16802,4.0)
(16804,3.0)
(16810,4.0)
(16812,3.0)
(16816,3.0)
(16820,3.0)
(16826,4.0)
(16828,3.0)
(16832,3.0)
(16836,3.0)
(16840,3.0)
(16846,4.0)
(16850,4.0)
(16854,4.0)
(16856,3.0)
(16862,4.0)
(16864,3.0)
(16870,4.0)
(16874,4.0)
(16878,4.0)
(16882,4.0)
(16886,4.0)
(16890,4.0)
(16892,3.0)
(16896,3.0)
(16900,3.0)
(16904,3.0)
(16908,3.0)
(16914,4.0)
(16918,4.0)
(16922,4.0)
(16924,3.0)
(16930,4.0)
(16932,3.0)
(16936,3.0)
(16942,2.0)
(16944,3.0)
(16948,3.0)
(16952,3.0)
(16956,3.0)
(16960,3.0)
(16964,3.0)
(16968,3.0)
(16974,4.0)
(16976,3.0)
(16980,3.0)
(16986,4.0)
(16988,3.0)
(16994,4.0)
(16996,3.0)
(17002,4.0)
(17004,3.0)
(17010,4.0)
(17014,4.0)
(17016,3.0)
(17020,3.0)
(17026,4.0)
(17030,4.0)
(17032,3.0)
(17036,3.0)
(17040,3.0)
(17046,4.0)
(17050,4.0)
(17054,4.0)
(17056,3.0)
(17062,2.0)
(17064,3.0)
(17068,3.0)
(17074,4.0)
(17076,3.0)
(17082,2.0)
(17086,4.0)
(17090,4.0)
(17094,4.0)
(17098,4.0)
(17102,4.0)
(17106,4.0)
(17108,3.0)
(17114,4.0)
(17116,3.0)
(17120,3.0)
(17124,3.0)
(17128,3.0)
(17134,4.0)
(17138,2.0)
(17142,4.0)
(17146,4.0)
(17148,3.0)
(17152,3.0)
(17158,4.0)
(17162,4.0)
(17164,3.0)
(17170,4.0)
(17172,3.0)
(17178,4.0)
(17182,4.0)
(17186,4.0)
(17190,4.0)
(17194,4.0)
(17198,4.0)
(17200,3.0)
(17204,3.0)
(17208,3.0)
(17214,4.0)
(17218,4.0)
(17222,4.0)
(17224,3.0)
(17228,3.0)
(17234,4.0)
(17238,4.0)
(17240,3.0)
(17246,4.0)
(17250,4.0)
(17254,4.0)
(17258,4.0)
(17262,4.0)
(17264,3.0)
(17268,3.0)
(17274,2.0)
(17276,3.0)
(17280,3.0)
(17284,3.0)
(17288,3.0)
(17294,4.0)
(17296,3.0)
(17302,2.0)
(17304,3.0)
(17308,3.0)
(17312,3.0)
(17318,4.0)
(17322,4.0)
(17324,3.0)
(17328,3.0)
(17334,4.0)
(17338,4.0)
(17342,4.0)
(17346,4.0)
(17350,4.0)
(17352,3.0)
(17356,3.0)
(17360,3.0)
(17364,3.0)
(17368,3.0)
(17372,3.0)
(17378,4.0)
(17382,4.0)
(17386,4.0)
(17390,4.0)
(17394,4.0)
(17396,3.0)
(17402,2.0)
(17406,4.0)
(17410,4.0)
(17414,2.0)
(17416,3.0)
(17422,4.0)
(17424,3.0)
(17428,3.0)
(17434,2.0)
(17438,4.0)
(17440,3.0)
(17444,3.0)
(17450,2.0)
(17452,3.0)
(17456,3.0)
(17462,4.0)
(17466,4.0)
(17470,4.0)
(17472,3.0)
(17478,4.0)
(17482,4.0)
(17486,2.0)
(17488,3.0)
(17494,4.0)
(17498,2.0)
(17502,4.0)
(17504,3.0)
(17508,3.0)
(17514,4.0)
(17516,3.0)
(17520,3.0)
(17524,3.0)
(17530,2.0)
(17534,4.0)
(17536,3.0)
(17540,3.0)
(17546,4.0)
(17548,3.0)
(17552,3.0)
(17556,3.0)
(17562,2.0)
(17564,3.0)
(17570,4.0)
(17574,4.0)
(17576,3.0)
(17582,4.0)
(17584,3.0)
(17588,3.0)
(17592,3.0)
(17596,3.0)
(17602,4.0)
(17606,4.0)
(17610,4.0)
(17614,2.0)
(17618,4.0)
(17620,3.0)
(17626,4.0)
(17630,4.0)
(17632,3.0)
(17636,3.0)
(17642,4.0)
(17646,4.0)
(17648,3.0)
(17654,4.0)
(17656,3.0)
(17660,3.0)
(17666,2.0)
(17670,4.0)
(17674,4.0)
(17678,4.0)
(17680,3.0)
(17684,3.0)
(17688,3.0)
(17694,4.0)
(17698,4.0)
(17700,3.0)
(17704,3.0)
(17710,4.0)
(17712,3.0)
(17716,3.0)
(17720,3.0)
(17724,3.0)
(17730,4.0)
(17734,4.0)
(17738,4.0)
(17740,3.0)
(17744,3.0)
(17748,3.0)
(17752,3.0)
(17756,3.0)
(17760,3.0)
(17766,4.0)
(17770,2.0)
(17774,4.0)
(17776,3.0)
(17780,3.0)
(17786,4.0)
(17790,4.0)
(17794,4.0)
(17796,3.0)
(17802,4.0)
(17806,2.0)
(17810,4.0)
(17814,4.0)
(17816,3.0)
(17820,3.0)
(17826,4.0)
(17828,3.0)
(17832,3.0)
(17836,3.0)
(17840,3.0)
(17844,3.0)
(17848,3.0)
(17852,3.0)
(17858,4.0)
(17862,4.0)
(17864,3.0)
(17870,4.0)
(17872,3.0)
(17876,3.0)
(17880,3.0)
(17884,3.0)
(17888,3.0)
(17894,2.0)
(17898,4.0)
(17900,3.0)
(17906,4.0)
(17910,4.0)
(17912,3.0)
(17918,4.0)
(17922,2.0)
(17926,2.0)
(17928,3.0)
(17932,3.0)
(17936,3.0)
(17942,4.0)
(17946,4.0)
(17950,2.0)
(17954,2.0)
(17958,4.0)
(17962,4.0)
(17964,3.0)
(17970,4.0)
(17974,4.0)
(17976,3.0)
(17980,3.0)
(17986,4.0)
(17988,3.0)
(17992,3.0)
(17998,4.0)
(18002,2.0)
(18004,3.0)
(18010,4.0)
(18014,4.0)
(18018,4.0)
(18022,2.0)
(18026,4.0)
(18030,4.0)
(18032,3.0)
(18038,4.0)
(18040,3.0)
(18046,4.0)
(18048,3.0)
(18052,3.0)
(18056,3.0)
(18060,3.0)
(18066,2.0)
(18070,4.0)
(18072,3.0)
(18078,4.0)
(18080,3.0)
(18086,4.0)
(18090,4.0)
(18094,4.0)
(18098,4.0)
(18102,4.0)
(18106,4.0)
(18108,3.0)
(18114,4.0)
(18118,4.0)
(18122,4.0)
(18124,3.0)
(18130,4.0)
(18132,3.0)
(18138,4.0)
(18142,4.0)
(18146,4.0)
(18150,4.0)
(18152,3.0)
(18158,4.0)
(18160,3.0)
(18164,3.0)
(18170,4.0)
(18174,4.0)
(18176,3.0)
(18182,4.0)
(18186,4.0)
(18188,3.0)
(18192,3.0)
(18198,4.0)
(18202,4.0)
(18204,3.0)
(18210,4.0)
(18212,3.0)
(18218,4.0)
(18220,3.0)
(18226,4.0)
(18228,3.0)
(18232,3.0)
(18236,3.0)
(18240,3.0)
(18246,4.0)
(18250,4.0)
(18254,2.0)
(18258,4.0)
(18260,3.0)
(18264,3.0)
