(18317,4.0)
(18417,4.0)
(18425,4.0)
(18513,4.0)
(18569,4.0)
(18585,4.0)
(18601,4.0)
(18617,4.0)
(18773,4.0)
(18781,4.0)
(18789,4.0)
(18797,4.0)
(18805,4.0)
(18813,4.0)
(18821,4.0)
(18825,4.0)
(18833,4.0)
(18841,4.0)
(18849,4.0)
(18857,4.0)
(18865,4.0)
(18873,4.0)
(18881,4.0)
(18889,4.0)
(18897,4.0)
(18905,4.0)
(18913,4.0)
(18921,4.0)
(18929,4.0)
(18937,4.0)
(18945,4.0)
(18953,4.0)
(18957,4.0)
(18965,4.0)
(18973,4.0)
(18981,4.0)
(18989,4.0)
(18997,4.0)
(19005,4.0)
(19013,4.0)
(19021,4.0)
(19029,4.0)
(19037,4.0)
(19045,4.0)
(19053,4.0)
(19061,4.0)
(19069,4.0)
(18357,4.0)
(18513,4.0)
(18569,4.0)
(18681,4.0)
(18737,4.0)
(19013,4.0)
(19045,4.0)
(19069,4.0)
(19693,4.0)
(19925,4.0)
(20493,4.0)
(20977,4.0)
(21145,4.0)
(21525,4.0)
(21681,4.0)
(24257,4.0)
(24349,4.0)
(25497,4.0)
(25517,4.0)
(25525,4.0)
(25533,4.0)
(25541,4.0)
(25549,4.0)
(25557,4.0)
(25565,4.0)
(25573,4.0)
(25581,4.0)
(25589,4.0)
(18309,4.0)
(19817,4.0)
(20501,4.0)
(20513,4.0)
(20809,4.0)
(20841,4.0)
(20873,4.0)
(20985,4.0)
(21065,4.0)
(21229,4.0)
(21381,4.0)
(22601,4.0)
(22737,4.0)
(25985,4.0)
(25993,4.0)
(26001,4.0)
(18309,4.0)
(18341,4.0)
(18357,4.0)
(18417,4.0)
(18513,4.0)
(18569,4.0)
(18585,4.0)
(18617,4.0)
(18689,4.0)
(18737,4.0)
(19669,4.0)
(19693,4.0)
(19709,4.0)
(19757,4.0)
(19825,4.0)
(21145,4.0)
(21429,4.0)
(21817,4.0)
(22321,4.0)
(25281,4.0)
(25525,4.0)
(25681,4.0)
(26161,4.0)
(26169,4.0)
(26501,4.0)
(26601,4.0)
(26609,4.0)
(26617,4.0)
(26625,4.0)
(26633,4.0)
(26641,4.0)
(26649,4.0)
(26657,4.0)
(26665,4.0)
(26673,4.0)
(26681,4.0)
(26689,4.0)
(26697,4.0)
(26701,4.0)
(26709,4.0)
(26717,4.0)
(26725,4.0)
(26733,4.0)
(26741,4.0)
(18365,4.0)
(18513,4.0)
(18689,4.0)
(20121,4.0)
(20405,4.0)
(20453,4.0)
(26161,4.0)
(26681,4.0)
(26773,4.0)
(26781,4.0)
(26789,4.0)
(26797,4.0)
(18357,4.0)
(18569,4.0)
(18737,4.0)
(19693,4.0)
(20929,4.0)
(21065,4.0)
(21293,4.0)
(22585,4.0)
(22737,4.0)
(24389,4.0)
(24461,4.0)
(25525,4.0)
(25985,4.0)
(26409,4.0)
(26633,4.0)
(27933,4.0)
(28261,4.0)
(28269,4.0)
(28277,4.0)
(28285,4.0)
(28293,4.0)
(28301,4.0)
(28309,4.0)
(28317,4.0)
(28325,4.0)
(28333,4.0)
(28341,4.0)
(18357,4.0)
(18601,4.0)
(18617,4.0)
(19069,4.0)
(20645,4.0)
(20809,4.0)
(25957,4.0)
(27801,4.0)
(27825,4.0)
(30053,4.0)
(30061,4.0)
(18317,4.0)
(18365,4.0)
(18409,4.0)
(18513,4.0)
(18569,4.0)
(18585,4.0)
(18633,4.0)
(18665,4.0)
(18681,4.0)
(18789,4.0)
(18881,4.0)
(19013,4.0)
(19489,4.0)
(19569,4.0)
(19741,4.0)
(19897,4.0)
(19925,4.0)
(20493,4.0)
(21025,4.0)
(21145,4.0)
(21525,4.0)
(21809,4.0)
(21865,4.0)
(22369,4.0)
(22417,4.0)
(24009,4.0)
(24777,4.0)
(25085,4.0)
(25449,4.0)
(25505,4.0)
(25557,4.0)
(27077,4.0)
(28257,4.0)
(28889,4.0)
(30373,4.0)
(30381,4.0)
(30389,4.0)
(30397,4.0)
(30405,4.0)
(30413,4.0)
(30421,4.0)
(18285,4.0)
(18309,4.0)
(18317,4.0)
(18385,4.0)
(18737,4.0)
(18753,4.0)
(18761,4.0)
(19141,4.0)
(19377,4.0)
(19417,4.0)
(19505,4.0)
(19733,4.0)
(19889,4.0)
(20585,4.0)
(21145,4.0)
(23229,4.0)
(23657,4.0)
(25145,4.0)
(25265,4.0)
(25373,4.0)
(26169,4.0)
(26469,4.0)
(26957,4.0)
(28697,4.0)
(31905,4.0)
(31913,4.0)
(31921,4.0)
(31929,4.0)
(31937,4.0)
(18357,4.0)
(18513,4.0)
(18681,4.0)
(18737,4.0)
(19045,4.0)
(19181,4.0)
(19569,4.0)
(19693,4.0)
(19925,4.0)
(20493,4.0)
(20977,4.0)
(21645,4.0)
(22101,4.0)
(24165,4.0)
(25533,4.0)
(26097,4.0)
(26521,4.0)
(29561,4.0)
(30405,4.0)
(30717,4.0)
(32485,4.0)
(32493,4.0)
(32501,4.0)
(32509,4.0)
(32517,4.0)
(32525,4.0)
(18309,4.0)
(18513,4.0)
(18585,4.0)
(19013,4.0)
(19669,4.0)
(20701,4.0)
(21357,4.0)
(22385,4.0)
(22585,4.0)
(22593,4.0)
(22737,4.0)
(23493,4.0)
(23541,4.0)
(24125,4.0)
(24249,4.0)
(24389,4.0)
(24445,4.0)
(24501,4.0)
(24609,4.0)
(24845,4.0)
(24909,4.0)
(26297,4.0)
(26917,4.0)
(28285,4.0)
(28325,4.0)
(28625,4.0)
(30033,4.0)
(30169,4.0)
(31489,4.0)
(32065,4.0)
(32493,4.0)
(33657,4.0)
(33665,4.0)
(33673,4.0)
(33681,4.0)
(33689,4.0)
(33697,4.0)
(33705,4.0)
(33713,4.0)
(33721,4.0)
(18333,4.0)
(18561,4.0)
(18569,4.0)
(18601,4.0)
(18657,4.0)
(18773,4.0)
(18873,4.0)
(18905,4.0)
(19045,4.0)
(19109,4.0)
(19141,4.0)
(19249,4.0)
(19273,4.0)
(19281,4.0)
(19289,4.0)
(19297,4.0)
(19337,4.0)
(19385,4.0)
(19441,4.0)
(19489,4.0)
(19577,4.0)
(19653,4.0)
(19669,4.0)
(19693,4.0)
(19701,4.0)
(19773,4.0)
(19809,4.0)
(19817,4.0)
(19925,4.0)
(20013,4.0)
(20081,4.0)
(20137,4.0)
(20177,4.0)
(20397,4.0)
(20937,4.0)
(20993,4.0)
(21113,4.0)
(21153,4.0)
(21161,4.0)
(21573,4.0)
(21997,4.0)
(22157,4.0)
(22577,4.0)
(22601,4.0)
(22657,4.0)
(22737,4.0)
(22761,4.0)
(22769,4.0)
(23189,4.0)
(23197,4.0)
(23213,4.0)
(23229,4.0)
(23517,4.0)
(24297,4.0)
(24405,4.0)
(24469,4.0)
(25281,4.0)
(25289,4.0)
(25353,4.0)
(25373,4.0)
(25445,4.0)
(25957,4.0)
(25981,4.0)
(25993,4.0)
(26045,4.0)
(26169,4.0)
(26281,4.0)
(26337,4.0)
(26409,4.0)
(26813,4.0)
(27513,4.0)
(27753,4.0)
(27793,4.0)
(27817,4.0)
(28209,4.0)
(28233,4.0)
(28473,4.0)
(28513,4.0)
(28745,4.0)
(28761,4.0)
(28821,4.0)
(29265,4.0)
(29337,4.0)
(30325,4.0)
(30585,4.0)
(30593,4.0)
(30601,4.0)
(30801,4.0)
(32285,4.0)
(33769,4.0)
(33825,4.0)
(33845,4.0)
(33893,4.0)
(33917,4.0)
(33933,4.0)
(33973,4.0)
(33997,4.0)
(34037,4.0)
(34049,4.0)
(34057,4.0)
(34065,4.0)
(34073,4.0)
(34081,4.0)
(34089,4.0)
(34097,4.0)
(34105,4.0)
(34113,4.0)
(34121,4.0)
(34129,4.0)
(18285,4.0)
(18489,4.0)
(18729,4.0)
(18761,4.0)
(19077,4.0)
(19085,4.0)
(19257,4.0)
(19337,4.0)
(19417,4.0)
(20809,4.0)
(22601,4.0)
(24445,4.0)
(25145,4.0)
(25405,4.0)
(26045,4.0)
(26169,4.0)
(26361,4.0)
(29601,4.0)
(31137,4.0)
(31457,4.0)
(31505,4.0)
(31905,4.0)
(31921,4.0)
(32293,4.0)
(34489,4.0)
(34513,4.0)
(34517,4.0)
(34521,4.0)
(34525,4.0)
(34533,4.0)
(34541,4.0)
(34549,4.0)
(34557,4.0)
(34565,4.0)
(34573,4.0)
(18317,4.0)
(18357,4.0)
(18569,4.0)
(18737,4.0)
(18897,4.0)
(19489,4.0)
(19701,4.0)
(19825,4.0)
(20405,4.0)
(20841,4.0)
(20849,4.0)
(20873,4.0)
(20889,4.0)
(20897,4.0)
(20905,4.0)
(20945,4.0)
(20953,4.0)
(21081,4.0)
(21145,4.0)
(21469,4.0)
(21493,4.0)
(21553,4.0)
(23657,4.0)
(26485,4.0)
(28193,4.0)
(29193,4.0)
(30513,4.0)
(34813,4.0)
(34821,4.0)
(34829,4.0)
(34837,4.0)
(34845,4.0)
(18309,4.0)
(18585,4.0)
(18601,4.0)
(18617,4.0)
(18737,4.0)
(18881,4.0)
(19045,4.0)
(19385,4.0)
(19489,4.0)
(19653,4.0)
(19693,4.0)
(20317,4.0)
(20373,4.0)
(20493,4.0)
(20785,4.0)
(21145,4.0)
(21809,4.0)
(21893,4.0)
(22061,4.0)
(22961,4.0)
(23049,4.0)
(23229,4.0)
(24209,4.0)
(25061,4.0)
(25513,4.0)
(25633,4.0)
(25809,4.0)
(27077,4.0)
(27741,4.0)
(27833,4.0)
(28737,4.0)
(28745,4.0)
(29929,4.0)
(30325,4.0)
(30521,4.0)
(30685,4.0)
(30941,4.0)
(31241,4.0)
(31497,4.0)
(32269,4.0)
(33337,4.0)
(34601,4.0)
(34977,4.0)
(34985,4.0)
(35217,4.0)
(35329,4.0)
(35497,4.0)
(35505,4.0)
(35513,4.0)
(35521,4.0)
(35529,4.0)
(35537,4.0)
(35545,4.0)
(35553,4.0)
(35561,4.0)
(35569,4.0)
(18357,4.0)
(18737,4.0)
(20333,4.0)
(21445,4.0)
(21745,4.0)
(23493,4.0)
(24017,4.0)
(25389,4.0)
(26045,4.0)
(26377,4.0)
(26401,4.0)
(26469,4.0)
(26477,4.0)
(26877,4.0)
(27633,4.0)
(28073,4.0)
(28137,4.0)
(31137,4.0)
(34129,4.0)
(35625,4.0)
(18333,4.0)
(18489,4.0)
(18569,4.0)
(18601,4.0)
(18633,4.0)
(18681,4.0)
(18789,4.0)
(19013,4.0)
(19489,4.0)
(19693,4.0)
(19889,4.0)
(20081,4.0)
(20177,4.0)
(20585,4.0)
(20741,4.0)
(20773,4.0)
(20849,4.0)
(20945,4.0)
(21185,4.0)
(22737,4.0)
(23229,4.0)
(23665,4.0)
(25981,4.0)
(26153,4.0)
(35625,4.0)
(36137,4.0)
(18317,4.0)
(18513,4.0)
(18521,4.0)
(18569,4.0)
(18585,4.0)
(18737,4.0)
(19005,4.0)
(19045,4.0)
(19181,4.0)
(19765,4.0)
(19897,4.0)
(19925,4.0)
(21041,4.0)
(21105,4.0)
(21145,4.0)
(21769,4.0)
(21817,4.0)
(22961,4.0)
(23865,4.0)
(24641,4.0)
(26045,4.0)
(28521,4.0)
(28537,4.0)
(28649,4.0)
(28697,4.0)
(29145,4.0)
(30513,4.0)
(35205,4.0)
(36009,4.0)
(36325,4.0)
(36333,4.0)
(36341,4.0)
(18309,4.0)
(18317,4.0)
(18385,4.0)
(18489,4.0)
(18513,4.0)
(18569,4.0)
(18585,4.0)
(18617,4.0)
(18633,4.0)
(18681,4.0)
(18721,4.0)
(18761,4.0)
(18797,4.0)
(18833,4.0)
(18881,4.0)
(18973,4.0)
(19013,4.0)
(19045,4.0)
(19101,4.0)
(19433,4.0)
(19465,4.0)
(19473,4.0)
(19569,4.0)
(19637,4.0)
(19693,4.0)
(19757,4.0)
(19957,4.0)
(20285,4.0)
(20333,4.0)
(20341,4.0)
(20365,4.0)
(20561,4.0)
(20709,4.0)
(20725,4.0)
(20833,4.0)
(20969,4.0)
(21025,4.0)
(21145,4.0)
(21573,4.0)
(21597,4.0)
(21653,4.0)
(21697,4.0)
(21817,4.0)
(22061,4.0)
(22185,4.0)
(22537,4.0)
(22657,4.0)
(22729,4.0)
(22877,4.0)
(23293,4.0)
(23309,4.0)
(23361,4.0)
(23501,4.0)
(23741,4.0)
(24333,4.0)
(24381,4.0)
(24753,4.0)
(25225,4.0)
(25393,4.0)
(25449,4.0)
(25525,4.0)
(25609,4.0)
(25641,4.0)
(25957,4.0)
(26633,4.0)
(26689,4.0)
(26833,4.0)
(26849,4.0)
(26857,4.0)
(26965,4.0)
(27477,4.0)
(27497,4.0)
(28153,4.0)
(28421,4.0)
(28981,4.0)
(29033,4.0)
(29041,4.0)
(29049,4.0)
(29121,4.0)
(29217,4.0)
(29249,4.0)
(29273,4.0)
(29281,4.0)
(29369,4.0)
(29385,4.0)
(29401,4.0)
(29473,4.0)
(29489,4.0)
(29497,4.0)
(29521,4.0)
(29529,4.0)
(29553,4.0)
(29637,4.0)
(29653,4.0)
(30041,4.0)
(30433,4.0)
(30505,4.0)
(30717,4.0)
(30757,4.0)
(30833,4.0)
(30973,4.0)
(31257,4.0)
(31265,4.0)
(31397,4.0)
(32841,4.0)
(32925,4.0)
(33485,4.0)
(33501,4.0)
(33637,4.0)
(34473,4.0)
(34961,4.0)
(35065,4.0)
(35329,4.0)
(35873,4.0)
(35917,4.0)
(36945,4.0)
(36961,4.0)
(36969,4.0)
(36977,4.0)
(36985,4.0)
(36993,4.0)
(37001,4.0)
(37009,4.0)
(37017,4.0)
(37025,4.0)
(18309,4.0)
(18357,4.0)
(18569,4.0)
(18585,4.0)
(18633,4.0)
(18681,4.0)
(19045,4.0)
(19693,4.0)
(19925,4.0)
(21145,4.0)
(24061,4.0)
(27077,4.0)
(32661,4.0)
(37505,4.0)
(37513,4.0)
(18333,4.0)
(24437,4.0)
(26917,4.0)
(29193,4.0)
(29457,4.0)
(33997,4.0)
(18357,4.0)
(18465,4.0)
(18513,4.0)
(18681,4.0)
(19045,4.0)
(19925,4.0)
(19933,4.0)
(21145,4.0)
(21697,4.0)
(21745,4.0)
(22085,4.0)
(24157,4.0)
(25505,4.0)
(25525,4.0)
(25557,4.0)
(27489,4.0)
(30709,4.0)
(31913,4.0)
(37553,4.0)
(37561,4.0)
(18333,4.0)
(18513,4.0)
(18521,4.0)
(18569,4.0)
(18585,4.0)
(18601,4.0)
(18617,4.0)
(18633,4.0)
(18681,4.0)
(18797,4.0)
(18913,4.0)
(19189,4.0)
(21145,4.0)
(21469,4.0)
(22961,4.0)
(24085,4.0)
(25389,4.0)
(28529,4.0)
(28593,4.0)
(28617,4.0)
(28633,4.0)
(28697,4.0)
(28705,4.0)
(30505,4.0)
(31049,4.0)
(32841,4.0)
(33485,4.0)
(38693,4.0)
(38701,4.0)
(38709,4.0)
(18285,4.0)
(18377,4.0)
(18569,4.0)
(18585,4.0)
(18825,4.0)
(19109,4.0)
(19273,4.0)
(19281,4.0)
(19369,4.0)
(19645,4.0)
(19701,4.0)
(19709,4.0)
(19817,4.0)
(20013,4.0)
(20089,4.0)
(20993,4.0)
(21161,4.0)
(25265,4.0)
(25361,4.0)
(25373,4.0)
(25445,4.0)
(28933,4.0)
(30085,4.0)
(30513,4.0)
(32065,4.0)
(37597,4.0)
(18317,4.0)
(18737,4.0)
(19045,4.0)
(22289,4.0)
(22837,4.0)
(23549,4.0)
(27077,4.0)
(32785,4.0)
(18309,4.0)
(18357,4.0)
(18365,4.0)
(18569,4.0)
(18681,4.0)
(19189,4.0)
(19265,4.0)
(19489,4.0)
(19693,4.0)
(19773,4.0)
(20585,4.0)
(21277,4.0)
(21873,4.0)
(21893,4.0)
(22069,4.0)
(22181,4.0)
(22425,4.0)
(22745,4.0)
(25649,4.0)
(26229,4.0)
(26245,4.0)
(26253,4.0)
(26277,4.0)
(26797,4.0)
(28585,4.0)
(29929,4.0)
(30277,4.0)
(30405,4.0)
(30965,4.0)
(32269,4.0)
(35817,4.0)
(38905,4.0)
(18309,4.0)
(18737,4.0)
(19685,4.0)
(20301,4.0)
(22673,4.0)
(23181,4.0)
(23213,4.0)
(23237,4.0)
(26169,4.0)
(26329,4.0)
(26453,4.0)
(38929,4.0)
(18357,4.0)
(18513,4.0)
(18737,4.0)
(18889,4.0)
(21145,4.0)
(23857,4.0)
(24061,4.0)
(26633,4.0)
(26773,4.0)
(26981,4.0)
(27925,4.0)
(36945,4.0)
(38957,4.0)
(38965,4.0)
(18317,4.0)
(18513,4.0)
(18521,4.0)
(18705,4.0)
(19045,4.0)
(19125,4.0)
(20585,4.0)
(21129,4.0)
(21809,4.0)
(22929,4.0)
(26177,4.0)
(26609,4.0)
(27405,4.0)
(30801,4.0)
(32933,4.0)
(32953,4.0)
(33777,4.0)
(37017,4.0)
(38625,4.0)
(18357,4.0)
(18737,4.0)
(20645,4.0)
(20841,4.0)
(20849,4.0)
(20905,4.0)
(21145,4.0)
(22801,4.0)
(23237,4.0)
(25793,4.0)
(26485,4.0)
(26633,4.0)
(27793,4.0)
(30077,4.0)
(31813,4.0)
(35249,4.0)
(35717,4.0)
(39133,4.0)
(39137,4.0)
(18357,4.0)
(18365,4.0)
(18473,4.0)
(18513,4.0)
(18521,4.0)
(18569,4.0)
(18585,4.0)
(18633,4.0)
(18689,4.0)
(19005,4.0)
(19045,4.0)
(19205,4.0)
(20105,4.0)
(20177,4.0)
(20493,4.0)
(20593,4.0)
(20685,4.0)
(20693,4.0)
(20801,4.0)
(21097,4.0)
(21293,4.0)
(21681,4.0)
(21745,4.0)
(21769,4.0)
(21793,4.0)
(22737,4.0)
(22769,4.0)
(22961,4.0)
(24069,4.0)
(24085,4.0)
(24217,4.0)
(24233,4.0)
(24281,4.0)
(24297,4.0)
(24469,4.0)
(25281,4.0)
(26001,4.0)
(26013,4.0)
(26021,4.0)
(26321,4.0)
(26709,4.0)
(27901,4.0)
(28241,4.0)
(28261,4.0)
(28301,4.0)
(28341,4.0)
(28625,4.0)
(28681,4.0)
(28793,4.0)
(28829,4.0)
(29065,4.0)
(30169,4.0)
(30725,4.0)
(30765,4.0)
(31049,4.0)
(31169,4.0)
(31185,4.0)
(31225,4.0)
(31561,4.0)
(32005,4.0)
(32729,4.0)
(33649,4.0)
(34201,4.0)
(34557,4.0)
(34661,4.0)
(35249,4.0)
(36197,4.0)
(38881,4.0)
(39357,4.0)
(18357,4.0)
(18465,4.0)
(18489,4.0)
(18513,4.0)
(18521,4.0)
(18569,4.0)
(18585,4.0)
(18617,4.0)
(18737,4.0)
(19045,4.0)
(19141,4.0)
(19281,4.0)
(19385,4.0)
(19561,4.0)
(19741,4.0)
(20493,4.0)
(21177,4.0)
(21185,4.0)
(21517,4.0)
(22369,4.0)
(22961,4.0)
(24061,4.0)
(24265,4.0)
(24281,4.0)
(24869,4.0)
(25025,4.0)
(25085,4.0)
(30345,4.0)
(30413,4.0)
(30485,4.0)
(31585,4.0)
(35249,4.0)
(36373,4.0)
(36613,4.0)
(36909,4.0)
(37573,4.0)
(38185,4.0)
(18309,4.0)
(18365,4.0)
(18569,4.0)
(18721,4.0)
(19045,4.0)
(19925,4.0)
(20977,4.0)
(23369,4.0)
(30717,4.0)
(18357,4.0)
(18377,4.0)
(18569,4.0)
(18585,4.0)
(18689,4.0)
(18921,4.0)
(18957,4.0)
(18981,4.0)
(19045,4.0)
(19061,4.0)
(19141,4.0)
(19165,4.0)
(19225,4.0)
(19693,4.0)
(19733,4.0)
(19817,4.0)
(20013,4.0)
(20137,4.0)
(20317,4.0)
(20493,4.0)
(21049,4.0)
(21745,4.0)
(21917,4.0)
(22417,4.0)
(22577,4.0)
(23285,4.0)
(23825,4.0)
(24445,4.0)
(25633,4.0)
(25721,4.0)
(26037,4.0)
(26045,4.0)
(26089,4.0)
(26137,4.0)
(26169,4.0)
(26237,4.0)
(26297,4.0)
(27289,4.0)
(27513,4.0)
(27593,4.0)
(27721,4.0)
(28949,4.0)
(30189,4.0)
(30221,4.0)
(30261,4.0)
(30325,4.0)
(31921,4.0)
(32053,4.0)
(32385,4.0)
(32393,4.0)
(33613,4.0)
(33861,4.0)
(33925,4.0)
(34281,4.0)
(38369,4.0)
(39009,4.0)
(39257,4.0)
(39997,4.0)
(40457,4.0)
(40573,4.0)
(40733,4.0)
(40741,4.0)
(40749,4.0)
(40757,4.0)
(18365,4.0)
(18513,4.0)
(18569,4.0)
(18689,4.0)
(18737,4.0)
(19045,4.0)
(19401,4.0)
(21145,4.0)
(23673,4.0)
(25449,4.0)
(26521,4.0)
(26609,4.0)
(26641,4.0)
(26681,4.0)
(26709,4.0)
(26773,4.0)
(26893,4.0)
(26957,4.0)
(32817,4.0)
(33469,4.0)
(37009,4.0)
(37521,4.0)
(40161,4.0)
(40833,4.0)
(18309,4.0)
(18317,4.0)
(18357,4.0)
(18513,4.0)
(18617,4.0)
(18737,4.0)
(18973,4.0)
(19141,4.0)
(19173,4.0)
(19181,4.0)
(19385,4.0)
(19693,4.0)
(19897,4.0)
(19957,4.0)
(20405,4.0)
(20841,4.0)
(20905,4.0)
(20985,4.0)
(21025,4.0)
(21049,4.0)
(21145,4.0)
(21317,4.0)
(21357,4.0)
(21381,4.0)
(21421,4.0)
(21477,4.0)
(23525,4.0)
(25505,4.0)
(26589,4.0)
(29145,4.0)
(31593,4.0)
(31617,4.0)
(35513,4.0)
(35717,4.0)
(38129,4.0)
(38245,4.0)
(40881,4.0)
(18301,4.0)
(18309,4.0)
(18317,4.0)
(18325,4.0)
(18341,4.0)
(18349,4.0)
(18417,4.0)
(18513,4.0)
(18569,4.0)
(18705,4.0)
(18721,4.0)
(18753,4.0)
(18761,4.0)
(18781,4.0)
(19045,4.0)
(19125,4.0)
(19329,4.0)
(19569,4.0)
(19693,4.0)
(19757,4.0)
(20021,4.0)
(20841,4.0)
(20849,4.0)
(20897,4.0)
(20905,4.0)
(20953,4.0)
(21081,4.0)
(21097,4.0)
(21145,4.0)
(21161,4.0)
(21357,4.0)
(21681,4.0)
(21989,4.0)
(22769,4.0)
(23309,4.0)
(24333,4.0)
(24901,4.0)
(24909,4.0)
(24929,4.0)
(24937,4.0)
(25985,4.0)
(26045,4.0)
(26169,4.0)
(26741,4.0)
(26789,4.0)
(26965,4.0)
(27513,4.0)
(28201,4.0)
(28209,4.0)
(28389,4.0)
(30505,4.0)
(31937,4.0)
(32301,4.0)
(33005,4.0)
(33425,4.0)
(33449,4.0)
(33777,4.0)
(34149,4.0)
(34429,4.0)
(34489,4.0)
(35297,4.0)
(35313,4.0)
(35657,4.0)
(36421,4.0)
(36985,4.0)
(37449,4.0)
(37537,4.0)
(37653,4.0)
(37801,4.0)
(38965,4.0)
(39029,4.0)
(39821,4.0)
(40117,4.0)
(40977,4.0)
(40981,4.0)
(40989,4.0)
(40993,4.0)
(41001,4.0)
(41009,4.0)
(18317,4.0)
(18377,4.0)
(18497,4.0)
(18521,4.0)
(18585,4.0)
(18789,4.0)
(18805,4.0)
(18973,4.0)
(19045,4.0)
(19101,4.0)
(19125,4.0)
(19257,4.0)
(19273,4.0)
(19281,4.0)
(19329,4.0)
(19521,4.0)
(19561,4.0)
(19857,4.0)
(19881,4.0)
(20709,4.0)
(20969,4.0)
(21129,4.0)
(21161,4.0)
(21169,4.0)
(21261,4.0)
(21745,4.0)
(22053,4.0)
(22125,4.0)
(22961,4.0)
(22969,4.0)
(24201,4.0)
(24893,4.0)
(25421,4.0)
(25801,4.0)
(26037,4.0)
(26161,4.0)
(26169,4.0)
(26933,4.0)
(28681,4.0)
(28889,4.0)
(30725,4.0)
(30793,4.0)
(31097,4.0)
(34805,4.0)
(38273,4.0)
(38317,4.0)
(41229,4.0)
(41237,4.0)
(41245,4.0)
(18317,4.0)
(18357,4.0)
(18473,4.0)
(18489,4.0)
(18513,4.0)
(18569,4.0)
(18585,4.0)
(18689,4.0)
(19141,4.0)
(19569,4.0)
(19653,4.0)
(19925,4.0)
(20317,4.0)
(20585,4.0)
(20725,4.0)
(20785,4.0)
(20977,4.0)
(21049,4.0)
(21437,4.0)
(21573,4.0)
(22077,4.0)
(22657,4.0)
(22897,4.0)
(24209,4.0)
(24909,4.0)
(26045,4.0)
(26169,4.0)
(26245,4.0)
(26337,4.0)
(26461,4.0)
(26949,4.0)
(27217,4.0)
(27289,4.0)
(27513,4.0)
(28209,4.0)
(28481,4.0)
(28881,4.0)
(29821,4.0)
(30189,4.0)
(30221,4.0)
(30285,4.0)
(32385,4.0)
(33337,4.0)
(33853,4.0)
(33861,4.0)
(36153,4.0)
(38857,4.0)
(39377,4.0)
(39529,4.0)
(39997,4.0)
(41317,4.0)
(18285,4.0)
(18317,4.0)
(18689,4.0)
(19361,4.0)
(20809,4.0)
(25297,4.0)
(26169,4.0)
(26689,4.0)
(31921,4.0)
(34517,4.0)
(41349,4.0)
(41353,4.0)
(18365,4.0)
(18377,4.0)
(21809,4.0)
(21893,4.0)
(22061,4.0)
(25513,4.0)
(25861,4.0)
(27305,4.0)
(27453,4.0)
(28065,4.0)
(29137,4.0)
(29185,4.0)
(29241,4.0)
(29489,4.0)
(30965,4.0)
(32045,4.0)
(33425,4.0)
(33449,4.0)
(34593,4.0)
(34905,4.0)
(35297,4.0)
(35673,4.0)
(37653,4.0)
(39029,4.0)
(41009,4.0)
(41573,4.0)
(18309,4.0)
(18377,4.0)
(18617,4.0)
(18681,4.0)
(19045,4.0)
(19385,4.0)
(19489,4.0)
(20493,4.0)
(20897,4.0)
(20977,4.0)
(21277,4.0)
(21893,4.0)
(22497,4.0)
(26221,4.0)
(26229,4.0)
(26277,4.0)
(29753,4.0)
(29761,4.0)
(36845,4.0)
(41613,4.0)
(18365,4.0)
(18385,4.0)
(18489,4.0)
(18689,4.0)
(18737,4.0)
(18753,4.0)
(18761,4.0)
(19417,4.0)
(19505,4.0)
(19757,4.0)
(19889,4.0)
(21145,4.0)
(22577,4.0)
(23229,4.0)
(24445,4.0)
(25257,4.0)
(25405,4.0)
(26469,4.0)
(31457,4.0)
(31937,4.0)
(41069,4.0)
(41085,4.0)
(41721,4.0)
(18357,4.0)
(18537,4.0)
(19045,4.0)
(20317,4.0)
(20785,4.0)
(20969,4.0)
(21381,4.0)
(21445,4.0)
(21705,4.0)
(21817,4.0)
(21893,4.0)
(21941,4.0)
(22061,4.0)
(22125,4.0)
(22157,4.0)
(22665,4.0)
(23501,4.0)
(23733,4.0)
(24493,4.0)
(25009,4.0)
(25513,4.0)
(25609,4.0)
(25633,4.0)
(25821,4.0)
(25829,4.0)
(25889,4.0)
(25905,4.0)
(26145,4.0)
(26965,4.0)
(27289,4.0)
(27305,4.0)
(27649,4.0)
(27657,4.0)
(27721,4.0)
(27841,4.0)
(27985,4.0)
(30205,4.0)
(30421,4.0)
(31497,4.0)
(32549,4.0)
(32557,4.0)
(32589,4.0)
(32645,4.0)
(33289,4.0)
(33381,4.0)
(37653,4.0)
(41825,4.0)
(41833,4.0)
(18317,4.0)
(18357,4.0)
(18705,4.0)
(18721,4.0)
(18905,4.0)
(18913,4.0)
(21129,4.0)
(22769,4.0)
(25525,4.0)
(26633,4.0)
(29161,4.0)
(36229,4.0)
(36253,4.0)
(42049,4.0)
(42053,4.0)
(18317,4.0)
(18357,4.0)
(18365,4.0)
(18425,4.0)
(18473,4.0)
(18489,4.0)
(18513,4.0)
(18569,4.0)
(18585,4.0)
(18601,4.0)
(18737,4.0)
(18789,4.0)
(19005,4.0)
(19045,4.0)
(19141,4.0)
(19189,4.0)
(19385,4.0)
(19489,4.0)
(19757,4.0)
(19857,4.0)
(21145,4.0)
(21517,4.0)
(21681,4.0)
(21801,4.0)
(21941,4.0)
(21957,4.0)
(24077,4.0)
(24909,4.0)
(24917,4.0)
(25881,4.0)
(26461,4.0)
(26601,4.0)
(27609,4.0)
(27649,4.0)
(28033,4.0)
(28065,4.0)
(29073,4.0)
(29929,4.0)
(30277,4.0)
(30285,4.0)
(31201,4.0)
(31241,4.0)
(32621,4.0)
(32669,4.0)
(33297,4.0)
(34073,4.0)
(34217,4.0)
(36053,4.0)
(37081,4.0)
(39269,4.0)
(18293,4.0)
(18317,4.0)
(18773,4.0)
(19109,4.0)
(19225,4.0)
(19281,4.0)
(19313,4.0)
(19329,4.0)
(19361,4.0)
(19817,4.0)
(20381,4.0)
(20397,4.0)
(20629,4.0)
(21745,4.0)
(21857,4.0)
(22577,4.0)
(24469,4.0)
(26045,4.0)
(26073,4.0)
(26169,4.0)
(26453,4.0)
(26573,4.0)
(26949,4.0)
(32885,4.0)
(37209,4.0)
(42505,4.0)
(18317,4.0)
(18433,4.0)
(18705,4.0)
(18721,4.0)
(19125,4.0)
(19553,4.0)
(19817,4.0)
(19889,4.0)
(20349,4.0)
(20389,4.0)
(20405,4.0)
(20453,4.0)
(20585,4.0)
(21317,4.0)
(21573,4.0)
(22321,4.0)
(24325,4.0)
(24861,4.0)
(24901,4.0)
(25985,4.0)
(26529,4.0)
(26537,4.0)
(26549,4.0)
(28193,4.0)
(34405,4.0)
(34413,4.0)
(34437,4.0)
(34445,4.0)
(34465,4.0)
(37181,4.0)
(40629,4.0)
(18365,4.0)
(18377,4.0)
(18417,4.0)
(18513,4.0)
(18537,4.0)
(18569,4.0)
(18585,4.0)
(18681,4.0)
(18721,4.0)
(18737,4.0)
(18913,4.0)
(19013,4.0)
(19045,4.0)
(19281,4.0)
(19925,4.0)
(20161,4.0)
(20493,4.0)
(21621,4.0)
(24333,4.0)
(26045,4.0)
(26153,4.0)
(27985,4.0)
(28497,4.0)
(32401,4.0)
(33337,4.0)
(37449,4.0)
(37537,4.0)
(37801,4.0)
(41405,4.0)
(18357,4.0)
(18365,4.0)
(18385,4.0)
(18513,4.0)
(18601,4.0)
(18617,4.0)
(18633,4.0)
(18689,4.0)
(18705,4.0)
(18737,4.0)
(18781,4.0)
(18905,4.0)
(19045,4.0)
(19141,4.0)
(19385,4.0)
(19653,4.0)
(19693,4.0)
(19701,4.0)
(19897,4.0)
(19925,4.0)
(20089,4.0)
(20105,4.0)
(20341,4.0)
(20397,4.0)
(20865,4.0)
(20969,4.0)
(20977,4.0)
(21145,4.0)
(21261,4.0)
(21525,4.0)
(21573,4.0)
(21605,4.0)
(21645,4.0)
(21761,4.0)
(22061,4.0)
(22093,4.0)
(22657,4.0)
(22729,4.0)
(22769,4.0)
(23089,4.0)
(23229,4.0)
(23589,4.0)
(23689,4.0)
(24061,4.0)
(24405,4.0)
(24461,4.0)
(25505,4.0)
(25565,4.0)
(25801,4.0)
(26169,4.0)
(26337,4.0)
(26433,4.0)
(26477,4.0)
(26493,4.0)
(26557,4.0)
(26797,4.0)
(26893,4.0)
(26933,4.0)
(27029,4.0)
(27077,4.0)
(28209,4.0)
(28217,4.0)
(28713,4.0)
(28821,4.0)
(28889,4.0)
(31137,4.0)
(31265,4.0)
(32809,4.0)
(34625,4.0)
(40537,4.0)
(42601,4.0)
(18317,4.0)
(18357,4.0)
(18365,4.0)
(18513,4.0)
(18705,4.0)
(18721,4.0)
(18729,4.0)
(18737,4.0)
(18769,4.0)
(18813,4.0)
(19125,4.0)
(21145,4.0)
(21761,4.0)
(25449,4.0)
(25525,4.0)
(25985,4.0)
(26485,4.0)
(26521,4.0)
(26565,4.0)
(26625,4.0)
(26633,4.0)
(26725,4.0)
(26773,4.0)
(26781,4.0)
(26957,4.0)
(27901,4.0)
(27925,4.0)
(28577,4.0)
(30361,4.0)
(30757,4.0)
(31585,4.0)
(32817,4.0)
(32925,4.0)
(34421,4.0)
(34429,4.0)
(34473,4.0)
(35709,4.0)
(35717,4.0)
(35845,4.0)
(36445,4.0)
(36945,4.0)
(36961,4.0)
(37009,4.0)
(37689,4.0)
(38577,4.0)
(38929,4.0)
(40657,4.0)
(41689,4.0)
(42609,4.0)
(42617,4.0)
(42625,4.0)
(18357,4.0)
(18425,4.0)
(19273,4.0)
(19561,4.0)
(20593,4.0)
(21997,4.0)
(25601,4.0)
(25617,4.0)
(25625,4.0)
(27985,4.0)
(31361,4.0)
(31377,4.0)
(42821,4.0)
(18317,4.0)
(18473,4.0)
(18497,4.0)
(18521,4.0)
(18585,4.0)
(18601,4.0)
(18833,4.0)
(18857,4.0)
(19013,4.0)
(19045,4.0)
(19165,4.0)
(20045,4.0)
(20645,4.0)
(21129,4.0)
(21253,4.0)
(21261,4.0)
(21745,4.0)
(21809,4.0)
(21989,4.0)
(22141,4.0)
(22289,4.0)
(22961,4.0)
(24445,4.0)
(25289,4.0)
(26557,4.0)
(27077,4.0)
(28381,4.0)
(28397,4.0)
(30533,4.0)
(30653,4.0)
(32753,4.0)
(32953,4.0)
(33477,4.0)
(33501,4.0)
(34873,4.0)
(36937,4.0)
(38093,4.0)
(42873,4.0)
(42877,4.0)
(18365,4.0)
(18601,4.0)
(18681,4.0)
(18737,4.0)
(18789,4.0)
(19045,4.0)
(19385,4.0)
(19653,4.0)
(19693,4.0)
(19925,4.0)
(19933,4.0)
(21277,4.0)
(22069,4.0)
(23733,4.0)
(24893,4.0)
(25513,4.0)
(26221,4.0)
(26237,4.0)
(26277,4.0)
(30245,4.0)
(32385,4.0)
(32409,4.0)
(33337,4.0)
(34941,4.0)
(35429,4.0)
(37901,4.0)
(40573,4.0)
(40733,4.0)
(18317,4.0)
(18325,4.0)
(18357,4.0)
(18365,4.0)
(18513,4.0)
(18681,4.0)
(18689,4.0)
(18705,4.0)
(18737,4.0)
(19141,4.0)
(19433,4.0)
(19473,4.0)
(19741,4.0)
(19897,4.0)
(19925,4.0)
(20013,4.0)
(20053,4.0)
(20069,4.0)
(20661,4.0)
(20977,4.0)
(21025,4.0)
(21089,4.0)
(21097,4.0)
(21105,4.0)
(21113,4.0)
(21145,4.0)
(21153,4.0)
(21301,4.0)
(21485,4.0)
(21525,4.0)
(21581,4.0)
(21613,4.0)
(21637,4.0)
(21645,4.0)
(23293,4.0)
(23369,4.0)
(23377,4.0)
(23437,4.0)
(23473,4.0)
(23517,4.0)
(23629,4.0)
(23717,4.0)
(23865,4.0)
(23941,4.0)
(23965,4.0)
(24009,4.0)
(24025,4.0)
(24033,4.0)
(24641,4.0)
(25505,4.0)
(25525,4.0)
(25557,4.0)
(25565,4.0)
(25609,4.0)
(25681,4.0)
(25713,4.0)
(26289,4.0)
(26521,4.0)
(26581,4.0)
(26597,4.0)
(26633,4.0)
(26781,4.0)
(26981,4.0)
(27297,4.0)
(28989,4.0)
(29057,4.0)
(29377,4.0)
(29409,4.0)
(29417,4.0)
(29489,4.0)
(29601,4.0)
(29621,4.0)
(29637,4.0)
(29725,4.0)
(30009,4.0)
(30389,4.0)
(30513,4.0)
(30617,4.0)
(30809,4.0)
(30825,4.0)
(30973,4.0)
(31369,4.0)
(32221,4.0)
(33013,4.0)
(33021,4.0)
(33029,4.0)
(33469,4.0)
(34497,4.0)
(35165,4.0)
(35845,4.0)
(36009,4.0)
(36189,4.0)
(36953,4.0)
(37345,4.0)
(37361,4.0)
(37449,4.0)
(37457,4.0)
(37537,4.0)
(38245,4.0)
(38269,4.0)
(38593,4.0)
(38625,4.0)
(40089,4.0)
(40925,4.0)
(40941,4.0)
(41165,4.0)
(41913,4.0)
(41921,4.0)
(42965,4.0)
(42973,4.0)
(42981,4.0)
(18357,4.0)
(18425,4.0)
(18513,4.0)
(18569,4.0)
(18585,4.0)
(18633,4.0)
(18673,4.0)
(18781,4.0)
(18889,4.0)
(19005,4.0)
(19045,4.0)
(19141,4.0)
(19165,4.0)
(19741,4.0)
(20661,4.0)
(20969,4.0)
(21145,4.0)
(21681,4.0)
(24453,4.0)
(24761,4.0)
(25449,4.0)
(26153,4.0)
(26521,4.0)
(26633,4.0)
(26773,4.0)
(26781,4.0)
(26957,4.0)
(27125,4.0)
(30353,4.0)
(30373,4.0)
(30381,4.0)
(30413,4.0)
(30629,4.0)
(30717,4.0)
(31257,4.0)
(34201,4.0)
(36961,4.0)
(37177,4.0)
(37521,4.0)
(37697,4.0)
(39085,4.0)
(41133,4.0)
(41185,4.0)
(18309,4.0)
(18349,4.0)
(18601,4.0)
(18649,4.0)
(18737,4.0)
(18769,4.0)
(18841,4.0)
(19109,4.0)
(19441,4.0)
(19617,4.0)
(19685,4.0)
(19693,4.0)
(19701,4.0)
(19817,4.0)
(19889,4.0)
(20137,4.0)
(20993,4.0)
(21161,4.0)
(23089,4.0)
(23229,4.0)
(25161,4.0)
(25265,4.0)
(25273,4.0)
(25389,4.0)
(25445,4.0)
(26089,4.0)
(26169,4.0)
(27761,4.0)
(27817,4.0)
(33801,4.0)
(34489,4.0)
(18309,4.0)
(18333,4.0)
(18357,4.0)
(18457,4.0)
(18513,4.0)
(18569,4.0)
(18601,4.0)
(18617,4.0)
(18737,4.0)
(18973,4.0)
(19013,4.0)
(19577,4.0)
(19733,4.0)
(19765,4.0)
(19925,4.0)
(20081,4.0)
(20493,4.0)
(20577,4.0)
(20841,4.0)
(20849,4.0)
(20873,4.0)
(20897,4.0)
(20929,4.0)
(20945,4.0)
(21081,4.0)
(21177,4.0)
(21357,4.0)
(21421,4.0)
(26169,4.0)
(26917,4.0)
(26957,4.0)
(37257,4.0)
(18325,4.0)
(18473,4.0)
(18681,4.0)
(18873,4.0)
(19045,4.0)
(19165,4.0)
(19189,4.0)
(19385,4.0)
(19925,4.0)
(19965,4.0)
(19973,4.0)
(20397,4.0)
(20785,4.0)
(21113,4.0)
(21397,4.0)
(21509,4.0)
(21697,4.0)
(21737,4.0)
(21777,4.0)
(21817,4.0)
(22729,4.0)
(23973,4.0)
(24149,4.0)
(25025,4.0)
(25061,4.0)
(25085,4.0)
(25109,4.0)
(25125,4.0)
(25129,4.0)
(25237,4.0)
(25601,4.0)
(25821,4.0)
(25845,4.0)
(26097,4.0)
(27513,4.0)
(27561,4.0)
(27657,4.0)
(27985,4.0)
(28009,4.0)
(28017,4.0)
(28025,4.0)
(28137,4.0)
(28209,4.0)
(28745,4.0)
(28777,4.0)
(29725,4.0)
(29993,4.0)
(30325,4.0)
(30801,4.0)
(30849,4.0)
(31225,4.0)
(31241,4.0)
(31497,4.0)
(31617,4.0)
(31697,4.0)
(32597,4.0)
(32621,4.0)
(32693,4.0)
(32889,4.0)
(33281,4.0)
(34905,4.0)
(35057,4.0)
(35173,4.0)
(35205,4.0)
(36309,4.0)
(39177,4.0)
(42133,4.0)
(18357,4.0)
(18365,4.0)
(18449,4.0)
(18465,4.0)
(18513,4.0)
(18689,4.0)
(18705,4.0)
(18737,4.0)
(19037,4.0)
(19045,4.0)
(19569,4.0)
(19925,4.0)
(20285,4.0)
(20493,4.0)
(22897,4.0)
(23501,4.0)
(25281,4.0)
(26917,4.0)
(28233,4.0)
(18365,4.0)
(18617,4.0)
(18689,4.0)
(18737,4.0)
(19141,4.0)
(19925,4.0)
(20013,4.0)
(20053,4.0)
(20977,4.0)
(21025,4.0)
(21437,4.0)
(21653,4.0)
(23517,4.0)
(23941,4.0)
(24333,4.0)
(25457,4.0)
(25557,4.0)
(25681,4.0)
(25913,4.0)
(26153,4.0)
(26789,4.0)
(27429,4.0)
(31433,4.0)
(31921,4.0)
(37749,4.0)
(38561,4.0)
(43325,4.0)
(18357,4.0)
(18737,4.0)
(20833,4.0)
(21025,4.0)
(39529,4.0)
(43385,4.0)
(43393,4.0)
(18357,4.0)
(18513,4.0)
(18521,4.0)
(21145,4.0)
(21621,4.0)
(21681,4.0)
(22961,4.0)
(23657,4.0)
(30505,4.0)
(36237,4.0)
(36261,4.0)
(36413,4.0)
(41885,4.0)
(43485,4.0)
(18365,4.0)
(18569,4.0)
(18585,4.0)
(18689,4.0)
(19925,4.0)
(20669,4.0)
(20785,4.0)
(21517,4.0)
(21965,4.0)
(23697,4.0)
(26305,4.0)
(26797,4.0)
(27641,4.0)
(27649,4.0)
(27689,4.0)
(28365,4.0)
(29337,4.0)
(29929,4.0)
(29993,4.0)
(31545,4.0)
(31845,4.0)
(33297,4.0)
(36301,4.0)
(37917,4.0)
(41461,4.0)
(42833,4.0)
(18309,4.0)
(19045,4.0)
(22585,4.0)
(24461,4.0)
(26781,4.0)
(31057,4.0)
(32869,4.0)
(18357,4.0)
(18417,4.0)
(18489,4.0)
(18513,4.0)
(18521,4.0)
(18585,4.0)
(18689,4.0)
(18737,4.0)
(18825,4.0)
(18889,4.0)
(19005,4.0)
(19037,4.0)
(19045,4.0)
(19305,4.0)
(19577,4.0)
(19973,4.0)
(20493,4.0)
(21105,4.0)
(21681,4.0)
(21713,4.0)
(21745,4.0)
(21753,4.0)
(21857,4.0)
(22053,4.0)
(22329,4.0)
(24493,4.0)
(24517,4.0)
(24593,4.0)
(24721,4.0)
(24837,4.0)
(24861,4.0)
(25505,4.0)
(26641,4.0)
(26709,4.0)
(26941,4.0)
(26957,4.0)
(26981,4.0)
(27029,4.0)
(27077,4.0)
(27209,4.0)
(27933,4.0)
(28225,4.0)
(28325,4.0)
(28429,4.0)
(28697,4.0)
(29949,4.0)
(33005,4.0)
(34289,4.0)
(35717,4.0)
(36009,4.0)
(36437,4.0)
(37337,4.0)
(38585,4.0)
(38661,4.0)
(39193,4.0)
(41485,4.0)
(42225,4.0)
(43569,4.0)
(18317,4.0)
(18333,4.0)
(18417,4.0)
(18521,4.0)
(19005,4.0)
(19045,4.0)
(19569,4.0)
(19733,4.0)
(19933,4.0)
(20177,4.0)
(20577,4.0)
(20873,4.0)
(21025,4.0)
(21185,4.0)
(21501,4.0)
(21573,4.0)
(21713,4.0)
(22853,4.0)
(22961,4.0)
(24085,4.0)
(24125,4.0)
(24485,4.0)
(24569,4.0)
(24593,4.0)
(24909,4.0)
(24953,4.0)
(25737,4.0)
(25817,4.0)
(26169,4.0)
(26409,4.0)
(27513,4.0)
(27753,4.0)
(28277,4.0)
(28285,4.0)
(28625,4.0)
(28633,4.0)
(28665,4.0)
(29885,4.0)
(31781,4.0)
(33801,4.0)
(33997,4.0)
(37257,4.0)
(37441,4.0)
(38669,4.0)
(18309,4.0)
(19653,4.0)
(19693,4.0)
(20397,4.0)
(20809,4.0)
(21161,4.0)
(21277,4.0)
(21573,4.0)
(22577,4.0)
(25513,4.0)
(26169,4.0)
(26221,4.0)
(26277,4.0)
(27185,4.0)
(27201,4.0)
(27241,4.0)
(27257,4.0)
(27281,4.0)
(27593,4.0)
(30245,4.0)
(32409,4.0)
(33249,4.0)
(34337,4.0)
(35265,4.0)
(36473,4.0)
(36493,4.0)
(38405,4.0)
(40017,4.0)
(40353,4.0)
(40361,4.0)
(40369,4.0)
(40385,4.0)
(40393,4.0)
(40401,4.0)
(40409,4.0)
(40417,4.0)
(40425,4.0)
(40433,4.0)
(40441,4.0)
(40449,4.0)
(40457,4.0)
(40465,4.0)
(40473,4.0)
(40481,4.0)
(40489,4.0)
(40497,4.0)
(40757,4.0)
(43853,4.0)
(18317,4.0)
(19037,4.0)
(19045,4.0)
(19925,4.0)
(20365,4.0)
(20493,4.0)
(21893,4.0)
(25489,4.0)
(25957,4.0)
(26229,4.0)
(26245,4.0)
(26253,4.0)
(26277,4.0)
(27513,4.0)
(28153,4.0)
(28209,4.0)
(29929,4.0)
(32953,4.0)
(35917,4.0)
(35977,4.0)
(36017,4.0)
(36261,4.0)
(36621,4.0)
(38369,4.0)
(40601,4.0)
(40689,4.0)
(44013,4.0)
(18317,4.0)
(18417,4.0)
(18473,4.0)
(18513,4.0)
(18521,4.0)
(18569,4.0)
(18585,4.0)
(18601,4.0)
(18681,4.0)
(18797,4.0)
(19005,4.0)
(19013,4.0)
(19045,4.0)
(19141,4.0)
(19189,4.0)
(19489,4.0)
(19765,4.0)
(19925,4.0)
(20053,4.0)
(20365,4.0)
(20493,4.0)
(20733,4.0)
(20969,4.0)
(20977,4.0)
(21025,4.0)
(21169,4.0)
(21185,4.0)
(21437,4.0)
(21501,4.0)
(21697,4.0)
(21745,4.0)
(21753,4.0)
(21809,4.0)
(22417,4.0)
(22913,4.0)
(24333,4.0)
(25125,4.0)
(26037,4.0)
(27209,4.0)
(29489,4.0)
(30361,4.0)
(31241,4.0)
(31369,4.0)
(32461,4.0)
(34313,4.0)
(35205,4.0)
(35589,4.0)
(35593,4.0)
(41601,4.0)
(41645,4.0)
(18285,4.0)
(18317,4.0)
(18357,4.0)
(18365,4.0)
(18513,4.0)
(18569,4.0)
(18657,4.0)
(18689,4.0)
(18737,4.0)
(19013,4.0)
(19045,4.0)
(19685,4.0)
(19693,4.0)
(20453,4.0)
(20629,4.0)
(20645,4.0)
(20841,4.0)
(20921,4.0)
(20937,4.0)
(21097,4.0)
(22801,4.0)
(22817,4.0)
(22961,4.0)
(23237,4.0)
(24117,4.0)
(25985,4.0)
(26045,4.0)
(26733,4.0)
(27793,4.0)
(29161,4.0)
(31449,4.0)
(31921,4.0)
(32293,4.0)
(34517,4.0)
(34521,4.0)
(34557,4.0)
(34745,4.0)
(36365,4.0)
(36961,4.0)
(40897,4.0)
(42565,4.0)
(44705,4.0)
(44713,4.0)
(44717,4.0)
(44721,4.0)
(18309,4.0)
(18317,4.0)
(19045,4.0)
(19817,4.0)
(19889,4.0)
(20349,4.0)
(20405,4.0)
(20453,4.0)
(20501,4.0)
(20513,4.0)
(20585,4.0)
(21121,4.0)
(21161,4.0)
(22577,4.0)
(23181,4.0)
(24325,4.0)
(24437,4.0)
(25985,4.0)
(26549,4.0)
(34405,4.0)
(34413,4.0)
(34437,4.0)
(34465,4.0)
(34481,4.0)
(18357,4.0)
(18585,4.0)
(18601,4.0)
(18633,4.0)
(18805,4.0)
(18881,4.0)
(20137,4.0)
(20177,4.0)
(20553,4.0)
(20645,4.0)
(20913,4.0)
(21569,4.0)
(22465,4.0)
(22777,4.0)
(22785,4.0)
(22801,4.0)
(22921,4.0)
(22929,4.0)
(24201,4.0)
(26633,4.0)
(26773,4.0)
(28761,4.0)
(32301,4.0)
(36357,4.0)
(43069,4.0)
(18317,4.0)
(18521,4.0)
(18585,4.0)
(18897,4.0)
(19037,4.0)
(19045,4.0)
(19141,4.0)
(19709,4.0)
(21097,4.0)
(21301,4.0)
(22961,4.0)
(23865,4.0)
(26053,4.0)
(26081,4.0)
(26337,4.0)
(26665,4.0)
(31233,4.0)
(34073,4.0)
(36597,4.0)
(38169,4.0)
(38177,4.0)
(18357,4.0)
(21261,4.0)
(21681,4.0)
(26305,4.0)
(26501,4.0)
(26633,4.0)
(26657,4.0)
(26841,4.0)
(31057,4.0)
(32105,4.0)
(37833,4.0)
(40817,4.0)
(45253,4.0)
(18357,4.0)
(19045,4.0)
(21517,4.0)
(24517,4.0)
(26625,4.0)
(26633,4.0)
(26673,4.0)
(26957,4.0)
(34473,4.0)
(40809,4.0)
(41085,4.0)
(18309,4.0)
(18569,4.0)
(18633,4.0)
(18789,4.0)
(19013,4.0)
(19045,4.0)
(19141,4.0)
(20421,4.0)
(20961,4.0)
(21049,4.0)
(21221,4.0)
(21253,4.0)
(21357,4.0)
(21373,4.0)
(21573,4.0)
(21605,4.0)
(22497,4.0)
(23657,4.0)
(25817,4.0)
(28737,4.0)
(30505,4.0)
(30513,4.0)
(30717,4.0)
(33941,4.0)
(36189,4.0)
(18317,4.0)
(18569,4.0)
(18585,4.0)
(18601,4.0)
(18617,4.0)
(18633,4.0)
(18737,4.0)
(18789,4.0)
(19013,4.0)
(19109,4.0)
(19521,4.0)
(19645,4.0)
(19701,4.0)
(21161,4.0)
(25241,4.0)
(25281,4.0)
(25373,4.0)
(25389,4.0)
(25421,4.0)
(26045,4.0)
(26137,4.0)
(26145,4.0)
(28889,4.0)
(31381,4.0)
(34541,4.0)
(38645,4.0)
(18317,4.0)
(18357,4.0)
(18569,4.0)
(18601,4.0)
(18673,4.0)
(18681,4.0)
(18705,4.0)
(18737,4.0)
(18873,4.0)
(19045,4.0)
(20397,4.0)
(20969,4.0)
(22257,4.0)
(22289,4.0)
(22905,4.0)
(23317,4.0)
(25817,4.0)
(26137,4.0)
(26153,4.0)
(27053,4.0)
(27077,4.0)
(29017,4.0)
(32369,4.0)
(32917,4.0)
(32925,4.0)
(36961,4.0)
(37037,4.0)
(18309,4.0)
(18521,4.0)
(18569,4.0)
(18681,4.0)
(18737,4.0)
(18781,4.0)
(18981,4.0)
(19045,4.0)
(21261,4.0)
(21429,4.0)
(21485,4.0)
(21573,4.0)
(21761,4.0)
(21817,4.0)
(22845,4.0)
(23437,4.0)
(27521,4.0)
(29929,4.0)
(18357,4.0)
(18737,4.0)
(18773,4.0)
(18873,4.0)
(19013,4.0)
(19281,4.0)
(19693,4.0)
(19825,4.0)
(19881,4.0)
(20397,4.0)
(20937,4.0)
(21137,4.0)
(21145,4.0)
(21185,4.0)
(21429,4.0)
(21681,4.0)
(22801,4.0)
(24641,4.0)
(25297,4.0)
(25689,4.0)
(26485,4.0)
(26557,4.0)
(26709,4.0)
(27925,4.0)
(28193,4.0)
(28861,4.0)
(29153,4.0)
(29833,4.0)
(29893,4.0)
(29901,4.0)
(30765,4.0)
(31489,4.0)
(32113,4.0)
(34473,4.0)
(35249,4.0)
(35289,4.0)
(36829,4.0)
(36837,4.0)
(36845,4.0)
(38005,4.0)
(38517,4.0)
(39673,4.0)
(41173,4.0)
(42225,4.0)
(45541,4.0)
(18309,4.0)
(18357,4.0)
(18385,4.0)
(18401,4.0)
(18409,4.0)
(18417,4.0)
(18425,4.0)
(18441,4.0)
(18473,4.0)
(18489,4.0)
(18497,4.0)
(18513,4.0)
(18521,4.0)
(18569,4.0)
(18601,4.0)
(18617,4.0)
(18633,4.0)
(18681,4.0)
(18689,4.0)
(18721,4.0)
(18737,4.0)
(18781,4.0)
(18789,4.0)
(18797,4.0)
(18805,4.0)
(18841,4.0)
(18857,4.0)
(18873,4.0)
(18881,4.0)
(18913,4.0)
(18937,4.0)
(18945,4.0)
(18973,4.0)
(18989,4.0)
(19005,4.0)
(19013,4.0)
(19037,4.0)
(19045,4.0)
(19053,4.0)
(19141,4.0)
(19189,4.0)
(19521,4.0)
(19561,4.0)
(19569,4.0)
(19617,4.0)
(19645,4.0)
(19653,4.0)
(19693,4.0)
(19701,4.0)
(19757,4.0)
(19857,4.0)
(19889,4.0)
(19917,4.0)
(20137,4.0)
(20493,4.0)
(20513,4.0)
(20685,4.0)
(20693,4.0)
(20757,4.0)
(20913,4.0)
(20921,4.0)
(21113,4.0)
(21145,4.0)
(21161,4.0)
(21169,4.0)
(21185,4.0)
(21261,4.0)
(21269,4.0)
(21357,4.0)
(21381,4.0)
(21429,4.0)
(21469,4.0)
(21569,4.0)
(21705,4.0)
(21745,4.0)
(21785,4.0)
(21801,4.0)
(21809,4.0)
(21917,4.0)
(22345,4.0)
(22433,4.0)
(22473,4.0)
(22585,4.0)
(22625,4.0)
(22657,4.0)
(22713,4.0)
(22777,4.0)
(22785,4.0)
(22793,4.0)
(22961,4.0)
(23141,4.0)
(23573,4.0)
(23917,4.0)
(24061,4.0)
(24157,4.0)
(24201,4.0)
(24389,4.0)
(24445,4.0)
(24485,4.0)
(24585,4.0)
(24593,4.0)
(24641,4.0)
(24673,4.0)
(24893,4.0)
(24909,4.0)
(25137,4.0)
(25265,4.0)
(25373,4.0)
(25389,4.0)
(25413,4.0)
(25421,4.0)
(25689,4.0)
(25721,4.0)
(25729,4.0)
(25737,4.0)
(25949,4.0)
(25993,4.0)
(26013,4.0)
(26037,4.0)
(26045,4.0)
(26129,4.0)
(26153,4.0)
(26161,4.0)
(26601,4.0)
(26689,4.0)
(26797,4.0)
(26893,4.0)
(26917,4.0)
(26941,4.0)
(27029,4.0)
(27209,4.0)
(27345,4.0)
(28521,4.0)
(28553,4.0)
(28617,4.0)
(28673,4.0)
(28873,4.0)
(28889,4.0)
(30153,4.0)
(30785,4.0)
(30793,4.0)
(30817,4.0)
(30849,4.0)
(30857,4.0)
(30865,4.0)
(30881,4.0)
(30897,4.0)
(30905,4.0)
(31049,4.0)
(31233,4.0)
(32261,4.0)
(33721,4.0)
(34013,4.0)
(35917,4.0)
(36865,4.0)
(37209,4.0)
(37513,4.0)
(37717,4.0)
(37773,4.0)
(38709,4.0)
(39301,4.0)
(39309,4.0)
(39317,4.0)
(39333,4.0)
(39357,4.0)
(40321,4.0)
(41825,4.0)
(43345,4.0)
(44265,4.0)
(18317,4.0)
(18357,4.0)
(18513,4.0)
(18737,4.0)
(20341,4.0)
(20585,4.0)
(20601,4.0)
(20841,4.0)
(20849,4.0)
(20857,4.0)
(20897,4.0)
(20945,4.0)
(20953,4.0)
(21081,4.0)
(21229,4.0)
(24325,4.0)
(26469,4.0)
(26633,4.0)
(28641,4.0)
(28681,4.0)
(28705,4.0)
(30505,4.0)
(32369,4.0)
(38577,4.0)
(38965,4.0)
(18317,4.0)
(18365,4.0)
(18425,4.0)
(18489,4.0)
(18513,4.0)
(18569,4.0)
(18601,4.0)
(18617,4.0)
(18665,4.0)
(18789,4.0)
(18797,4.0)
(19013,4.0)
(19757,4.0)
(19925,4.0)
(20493,4.0)
(22013,4.0)
(22289,4.0)
(22845,4.0)
(24333,4.0)
(24445,4.0)
(25505,4.0)
(26521,4.0)
(32901,4.0)
(32917,4.0)
(34761,4.0)
(42229,4.0)
(42557,4.0)
(18357,4.0)
(18513,4.0)
(18569,4.0)
(18689,4.0)
(19037,4.0)
(19265,4.0)
(21469,4.0)
(23533,4.0)
(24085,4.0)
(24461,4.0)
(24721,4.0)
(24861,4.0)
(25525,4.0)
(26633,4.0)
(26673,4.0)
(26709,4.0)
(32453,4.0)
(35249,4.0)
(37189,4.0)
(18357,4.0)
(18681,4.0)
(18781,4.0)
(19045,4.0)
(19489,4.0)
(21517,4.0)
(21645,4.0)
(21705,4.0)
(22029,4.0)
(22125,4.0)
(22409,4.0)
(23049,4.0)
(23481,4.0)
(23533,4.0)
(27077,4.0)
(27865,4.0)
(32097,4.0)
(32941,4.0)
(35057,4.0)
(37653,4.0)
(41601,4.0)
(41669,4.0)
(45753,4.0)
(18317,4.0)
(18333,4.0)
(18401,4.0)
(18409,4.0)
(18417,4.0)
(18425,4.0)
(18441,4.0)
(18473,4.0)
(18489,4.0)
(18497,4.0)
(18505,4.0)
(18513,4.0)
(18521,4.0)
(18569,4.0)
(18585,4.0)
(18601,4.0)
(18617,4.0)
(18721,4.0)
(18773,4.0)
(18789,4.0)
(18797,4.0)
(18913,4.0)
(18937,4.0)
(18973,4.0)
(18989,4.0)
(19013,4.0)
(19037,4.0)
(19045,4.0)
(19053,4.0)
(19093,4.0)
(19109,4.0)
(19189,4.0)
(19433,4.0)
(19521,4.0)
(19561,4.0)
(19569,4.0)
(19617,4.0)
(19653,4.0)
(19693,4.0)
(19757,4.0)
(19857,4.0)
(19881,4.0)
(20137,4.0)
(20177,4.0)
(20185,4.0)
(20397,4.0)
(20493,4.0)
(20725,4.0)
(21113,4.0)
(21153,4.0)
(21169,4.0)
(21185,4.0)
(21573,4.0)
(21745,4.0)
(21753,4.0)
(21769,4.0)
(21809,4.0)
(21825,4.0)
(21857,4.0)
(22657,4.0)
(22729,4.0)
(22793,4.0)
(22961,4.0)
(23965,4.0)
(24125,4.0)
(24333,4.0)
(24437,4.0)
(24445,4.0)
(24485,4.0)
(24585,4.0)
(24593,4.0)
(24641,4.0)
(24673,4.0)
(24893,4.0)
(24909,4.0)
(25137,4.0)
(25413,4.0)
(25689,4.0)
(26161,4.0)
(26409,4.0)
(26601,4.0)
(26941,4.0)
(27209,4.0)
(27513,4.0)
(27769,4.0)
(27793,4.0)
(28165,4.0)
(28837,4.0)
(28873,4.0)
(29569,4.0)
(29685,4.0)
(30785,4.0)
(30793,4.0)
(30817,4.0)
(30833,4.0)
(30849,4.0)
(30865,4.0)
(30873,4.0)
(30881,4.0)
(30897,4.0)
(30905,4.0)
(30921,4.0)
(31049,4.0)
(31609,4.0)
(31649,4.0)
(32045,4.0)
(33885,4.0)
(33933,4.0)
(34229,4.0)
(36893,4.0)
(37061,4.0)
(37729,4.0)
(39333,4.0)
(45797,4.0)
(18325,4.0)
(18401,4.0)
(18417,4.0)
(18441,4.0)
(18497,4.0)
(18505,4.0)
(18521,4.0)
(18585,4.0)
(18633,4.0)
(18689,4.0)
(18737,4.0)
(19817,4.0)
(20349,4.0)
(20849,4.0)
(22305,4.0)
(22377,4.0)
(22385,4.0)
(22921,4.0)
(22961,4.0)
(24461,4.0)
(26045,4.0)
(26153,4.0)
(26617,4.0)
(26957,4.0)
(27933,4.0)
(28397,4.0)
(30505,4.0)
(37537,4.0)
(37801,4.0)
(38781,4.0)
(40981,4.0)
(43197,4.0)
(45833,4.0)
(18309,4.0)
(18357,4.0)
(18377,4.0)
(18505,4.0)
(18737,4.0)
(19321,4.0)
(19329,4.0)
(19337,4.0)
(20397,4.0)
(21161,4.0)
(21753,4.0)
(23197,4.0)
(28973,4.0)
(34489,4.0)
(36945,4.0)
(38293,4.0)
(38669,4.0)
(18317,4.0)
(18585,4.0)
(19757,4.0)
(24445,4.0)
(28209,4.0)
(33777,4.0)
(39529,4.0)
(18365,4.0)
(21145,4.0)
(21573,4.0)
(22289,4.0)
(23917,4.0)
(23949,4.0)
(23965,4.0)
(24837,4.0)
(26477,4.0)
(26709,4.0)
(27933,4.0)
(29129,4.0)
(29169,4.0)
(29861,4.0)
(18317,4.0)
(18569,4.0)
(19553,4.0)
(19841,4.0)
(20121,4.0)
(20145,4.0)
(20193,4.0)
(20217,4.0)
(20645,4.0)
(21145,4.0)
(30505,4.0)
(32157,4.0)
(34421,4.0)
(36393,4.0)
(40917,4.0)
(41029,4.0)
(41061,4.0)
(41133,4.0)
(41689,4.0)
(18365,4.0)
(18569,4.0)
(18633,4.0)
(19841,4.0)
(20113,4.0)
(20645,4.0)
(24325,4.0)
(26169,4.0)
(26485,4.0)
(26557,4.0)
(30505,4.0)
(34421,4.0)
(40917,4.0)
(41029,4.0)
(41061,4.0)
(41077,4.0)
(18317,4.0)
(19281,4.0)
(19481,4.0)
(19817,4.0)
(20453,4.0)
(20585,4.0)
(20809,4.0)
(21121,4.0)
(23229,4.0)
(25985,4.0)
(26549,4.0)
(30001,4.0)
(31937,4.0)
(33273,4.0)
(34521,4.0)
(44353,4.0)
(18285,4.0)
(18341,4.0)
(18349,4.0)
(18357,4.0)
(18689,4.0)
(18737,4.0)
(18753,4.0)
(18761,4.0)
(18769,4.0)
(19077,4.0)
(19109,4.0)
(19117,4.0)
(19125,4.0)
(19217,4.0)
(19329,4.0)
(19337,4.0)
(19401,4.0)
(19417,4.0)
(19693,4.0)
(19701,4.0)
(23229,4.0)
(24325,4.0)
(25373,4.0)
(25405,4.0)
(26169,4.0)
(26741,4.0)
(31937,4.0)
(32257,4.0)
(32889,4.0)
(34489,4.0)
(44353,4.0)
(44429,4.0)
(45825,4.0)
(46049,4.0)
(18317,4.0)
(18393,4.0)
(18513,4.0)
(18617,4.0)
(18689,4.0)
(19061,4.0)
(19693,4.0)
(20833,4.0)
(21025,4.0)
(22845,4.0)
(24469,4.0)
(25801,4.0)
(26461,4.0)
(26949,4.0)
(27193,4.0)
(27321,4.0)
(28497,4.0)
(29169,4.0)
(32369,4.0)
(32413,4.0)
(34421,4.0)
(46061,4.0)
(18317,4.0)
(18365,4.0)
(18513,4.0)
(18521,4.0)
(18569,4.0)
(18721,4.0)
(18761,4.0)
(19045,4.0)
(19125,4.0)
(19561,4.0)
(19857,4.0)
(20841,4.0)
(20985,4.0)
(21081,4.0)
(21145,4.0)
(21365,4.0)
(23565,4.0)
(24477,4.0)
(24937,4.0)
(28309,4.0)
(28389,4.0)
(34201,4.0)
(40629,4.0)
(41193,4.0)
(42165,4.0)
(42989,4.0)
(18309,4.0)
(18489,4.0)
(18521,4.0)
(18569,4.0)
(18617,4.0)
(18737,4.0)
(18781,4.0)
(18921,4.0)
(20621,4.0)
(20733,4.0)
(20841,4.0)
(20897,4.0)
(20969,4.0)
(21221,4.0)
(21229,4.0)
(21373,4.0)
(21381,4.0)
(21713,4.0)
(21989,4.0)
(22085,4.0)
(22149,4.0)
(22257,4.0)
(22289,4.0)
(22845,4.0)
(22877,4.0)
(22961,4.0)
(23649,4.0)
(24061,4.0)
(24201,4.0)
(24761,4.0)
(25817,4.0)
(25985,4.0)
(26001,4.0)
(27045,4.0)
(28497,4.0)
(30505,4.0)
(30741,4.0)
(31129,4.0)
(32461,4.0)
(33549,4.0)
(33637,4.0)
(37441,4.0)
(37537,4.0)
(39741,4.0)
(40869,4.0)
(41053,4.0)
(42473,4.0)
(45205,4.0)
(18309,4.0)
(18465,4.0)
(18521,4.0)
(18569,4.0)
(18673,4.0)
(18737,4.0)
(18981,4.0)
(19013,4.0)
(19045,4.0)
(20621,4.0)
(20661,4.0)
(20841,4.0)
(20849,4.0)
(20961,4.0)
(21049,4.0)
(21373,4.0)
(21637,4.0)
(21653,4.0)
(21793,4.0)
(22141,4.0)
(22257,4.0)
(22289,4.0)
(22845,4.0)
(22905,4.0)
(23293,4.0)
(23493,4.0)
(23769,4.0)
(24061,4.0)
(25801,4.0)
(26245,4.0)
(27053,4.0)
(27101,4.0)
(27149,4.0)
(28309,4.0)
(28397,4.0)
(28777,4.0)
(29145,4.0)
(29161,4.0)
(29929,4.0)
(31273,4.0)
(31497,4.0)
(32917,4.0)
(33801,4.0)
(34653,4.0)
(35189,4.0)
(38109,4.0)
(39469,4.0)
(43925,4.0)
(18317,4.0)
(18513,4.0)
(18521,4.0)
(19045,4.0)
(19061,4.0)
(19693,4.0)
(19925,4.0)
(21525,4.0)
(21997,4.0)
(23493,4.0)
(25557,4.0)
(28413,4.0)
(33637,4.0)
(36301,4.0)
(37289,4.0)
(37297,4.0)
(37321,4.0)
(41677,4.0)
(18333,4.0)
(18409,4.0)
(18521,4.0)
(18649,4.0)
(18665,4.0)
(18689,4.0)
(18937,4.0)
(19037,4.0)
(19141,4.0)
(19205,4.0)
(19645,4.0)
(19653,4.0)
(19669,4.0)
(19693,4.0)
(19709,4.0)
(19817,4.0)
(20069,4.0)
(20081,4.0)
(20169,4.0)
(20177,4.0)
(20185,4.0)
(20285,4.0)
(20593,4.0)
(20969,4.0)
(21277,4.0)
(21573,4.0)
(21761,4.0)
(21849,4.0)
(21893,4.0)
(21949,4.0)
(22125,4.0)
(22305,4.0)
(22513,4.0)
(22601,4.0)
(22673,4.0)
(22737,4.0)
(22769,4.0)
(23121,4.0)
(23493,4.0)
(23501,4.0)
(23509,4.0)
(23689,4.0)
(23789,4.0)
(23857,4.0)
(24037,4.0)
(24217,4.0)
(24249,4.0)
(24405,4.0)
(24437,4.0)
(24461,4.0)
(24617,4.0)
(25281,4.0)
(25469,4.0)
(25481,4.0)
(25489,4.0)
(25497,4.0)
(25601,4.0)
(25609,4.0)
(25617,4.0)
(25641,4.0)
(25649,4.0)
(25729,4.0)
(26045,4.0)
(26081,4.0)
(26229,4.0)
(26245,4.0)
(26277,4.0)
(26281,4.0)
(26361,4.0)
(26409,4.0)
(26665,4.0)
(26917,4.0)
(27529,4.0)
(27665,4.0)
(27933,4.0)
(28089,4.0)
(28165,4.0)
(28233,4.0)
(28261,4.0)
(28301,4.0)
(28397,4.0)
(28449,4.0)
(28513,4.0)
(28641,4.0)
(29073,4.0)
(29089,4.0)
(29161,4.0)
(29177,4.0)
(29209,4.0)
(29305,4.0)
(29337,4.0)
(29457,4.0)
(29621,4.0)
(29733,4.0)
(30033,4.0)
(30169,4.0)
(30485,4.0)
(30549,4.0)
(30557,4.0)
(31553,4.0)
(31569,4.0)
(31601,4.0)
(32261,4.0)
(32817,4.0)
(33257,4.0)
(33733,4.0)
(33745,4.0)
(33801,4.0)
(33825,4.0)
(34173,4.0)
(34269,4.0)
(34281,4.0)
(34601,4.0)
(34661,4.0)
(34773,4.0)
(34945,4.0)
(35145,4.0)
(35189,4.0)
(35329,4.0)
(35665,4.0)
(36549,4.0)
(36589,4.0)
(36629,4.0)
(36853,4.0)
(37177,4.0)
(37209,4.0)
(37705,4.0)
(38217,4.0)
(38337,4.0)
(39545,4.0)
(39665,4.0)
(42265,4.0)
(43437,4.0)
(43709,4.0)
(45329,4.0)
(45433,4.0)
(46189,4.0)
(18317,4.0)
(18357,4.0)
(18393,4.0)
(18425,4.0)
(18473,4.0)
(18481,4.0)
(18489,4.0)
(18513,4.0)
(18521,4.0)
(18585,4.0)
(18681,4.0)
(18689,4.0)
(18713,4.0)
(19005,4.0)
(19045,4.0)
(19757,4.0)
(20397,4.0)
(20493,4.0)
(20969,4.0)
(21105,4.0)
(21153,4.0)
(21169,4.0)
(21177,4.0)
(21185,4.0)
(21645,4.0)
(22005,4.0)
(23353,4.0)
(23509,4.0)
(24445,4.0)
(24585,4.0)
(24813,4.0)
(24909,4.0)
(25785,4.0)
(26153,4.0)
(26501,4.0)
(26601,4.0)
(27077,4.0)
(27209,4.0)
(28185,4.0)
(28737,4.0)
(30397,4.0)
(30405,4.0)
(30717,4.0)
(30849,4.0)
(30905,4.0)
(32953,4.0)
(32977,4.0)
(33469,4.0)
(35249,4.0)
(36937,4.0)
(38609,4.0)
(38625,4.0)
(40089,4.0)
(40529,4.0)
(41301,4.0)
(18357,4.0)
(18433,4.0)
(18473,4.0)
(18513,4.0)
(18521,4.0)
(18569,4.0)
(18585,4.0)
(18617,4.0)
(19045,4.0)
(19385,4.0)
(19653,4.0)
(19693,4.0)
(19817,4.0)
(19933,4.0)
(20161,4.0)
(20397,4.0)
(20493,4.0)
(21041,4.0)
(22209,4.0)
(22657,4.0)
(22961,4.0)
(23649,4.0)
(23657,4.0)
(24641,4.0)
(27045,4.0)
(28521,4.0)
(30461,4.0)
(32885,4.0)
(34473,4.0)
(36945,4.0)
(37145,4.0)
(38793,4.0)
(40293,4.0)
(46237,4.0)
(46433,4.0)
(18309,4.0)
(18325,4.0)
(18357,4.0)
(18365,4.0)
(18377,4.0)
(18417,4.0)
(18513,4.0)
(18521,4.0)
(18681,4.0)
(18689,4.0)
(18705,4.0)
(18721,4.0)
(18761,4.0)
(18781,4.0)
(19029,4.0)
(19125,4.0)
(19189,4.0)
(19281,4.0)
(19385,4.0)
(19553,4.0)
(19693,4.0)
(19857,4.0)
(20585,4.0)
(21105,4.0)
(21129,4.0)
(21145,4.0)
(21573,4.0)
(21785,4.0)
(22793,4.0)
(23197,4.0)
(24585,4.0)
(24901,4.0)
(24937,4.0)
(25117,4.0)
(25617,4.0)
(26045,4.0)
(26089,4.0)
(26169,4.0)
(26245,4.0)
(26529,4.0)
(26537,4.0)
(26697,4.0)
(26709,4.0)
(27209,4.0)
(28617,4.0)
(28665,4.0)
(30801,4.0)
(30913,4.0)
(32197,4.0)
(32369,4.0)
(32493,4.0)
(33777,4.0)
(34065,4.0)
(34429,4.0)
(34653,4.0)
(34745,4.0)
(35937,4.0)
(36009,4.0)
(36961,4.0)
(36985,4.0)
(37653,4.0)
(38057,4.0)
(38101,4.0)
(38245,4.0)
(39073,4.0)
(40629,4.0)
(41173,4.0)
(41533,4.0)
(42517,4.0)
(44717,4.0)
(45505,4.0)
(18309,4.0)
(18317,4.0)
(18325,4.0)
(18357,4.0)
(18365,4.0)
(18417,4.0)
(18489,4.0)
(18705,4.0)
(18721,4.0)
(18781,4.0)
(19045,4.0)
(19125,4.0)
(21713,4.0)
(22961,4.0)
(24445,4.0)
(26297,4.0)
(26521,4.0)
(28033,4.0)
(30665,4.0)
(32353,4.0)
(32925,4.0)
(35297,4.0)
(35313,4.0)
(36961,4.0)
(37653,4.0)
(39029,4.0)
(46549,4.0)
(18293,4.0)
(18301,4.0)
(18309,4.0)
(18317,4.0)
(18325,4.0)
(18349,4.0)
(18357,4.0)
(18365,4.0)
(18513,4.0)
(18569,4.0)
(18585,4.0)
(18681,4.0)
(18689,4.0)
(18705,4.0)
(18721,4.0)
(18737,4.0)
(18761,4.0)
(18781,4.0)
(19045,4.0)
(19125,4.0)
(19225,4.0)
(19233,4.0)
(19249,4.0)
(19489,4.0)
(19693,4.0)
(19757,4.0)
(19925,4.0)
(20365,4.0)
(20585,4.0)
(20905,4.0)
(20969,4.0)
(20977,4.0)
(20985,4.0)
(21025,4.0)
(21081,4.0)
(21161,4.0)
(21317,4.0)
(21461,4.0)
(21605,4.0)
(21697,4.0)
(22289,4.0)
(22729,4.0)
(22769,4.0)
(23197,4.0)
(24333,4.0)
(24445,4.0)
(24901,4.0)
(25617,4.0)
(25949,4.0)
(26045,4.0)
(26145,4.0)
(26153,4.0)
(26513,4.0)
(26529,4.0)
(26537,4.0)
(26709,4.0)
(27077,4.0)
(27353,4.0)
(27385,4.0)
(28209,4.0)
(30717,4.0)
(31673,4.0)
(31885,4.0)
(32369,4.0)
(33257,4.0)
(34201,4.0)
(34745,4.0)
(37017,4.0)
(37181,4.0)
(37505,4.0)
(38889,4.0)
(39073,4.0)
(40205,4.0)
(40861,4.0)
(42225,4.0)
(42249,4.0)
(42989,4.0)
(46553,4.0)
(46557,4.0)
(18309,4.0)
(18473,4.0)
(18513,4.0)
(18569,4.0)
(19013,4.0)
(19045,4.0)
(19085,4.0)
(19109,4.0)
(19141,4.0)
(19233,4.0)
(19249,4.0)
(19257,4.0)
(19265,4.0)
(19281,4.0)
(19353,4.0)
(19361,4.0)
(19385,4.0)
(19393,4.0)
(19441,4.0)
(19545,4.0)
(19561,4.0)
(19577,4.0)
(19585,4.0)
(19601,4.0)
(19645,4.0)
(19693,4.0)
(19701,4.0)
(19773,4.0)
(19817,4.0)
(19881,4.0)
(19905,4.0)
(19965,4.0)
(19973,4.0)
(20013,4.0)
(20061,4.0)
(20089,4.0)
(20357,4.0)
(20381,4.0)
(20397,4.0)
(20733,4.0)
(21745,4.0)
(21769,4.0)
(21817,4.0)
(21841,4.0)
(21857,4.0)
(22321,4.0)
(22769,4.0)
(22845,4.0)
(22961,4.0)
(23197,4.0)
(23517,4.0)
(23725,4.0)
(23889,4.0)
(23925,4.0)
(24593,4.0)
(24721,4.0)
(24753,4.0)
(24893,4.0)
(25129,4.0)
(25137,4.0)
(25329,4.0)
(25361,4.0)
(25429,4.0)
(25993,4.0)
(26045,4.0)
(26089,4.0)
(26261,4.0)
(26425,4.0)
(26433,4.0)
(26441,4.0)
(26933,4.0)
(27289,4.0)
(27453,4.0)
(28241,4.0)
(28497,4.0)
(29065,4.0)
(29337,4.0)
(30069,4.0)
(30169,4.0)
(30593,4.0)
(30709,4.0)
(30809,4.0)
(30841,4.0)
(31389,4.0)
(32245,4.0)
(34305,4.0)
(35189,4.0)
(35601,4.0)
(36597,4.0)
(37925,4.0)
(18309,4.0)
(18513,4.0)
(18569,4.0)
(18737,4.0)
(19693,4.0)
(19817,4.0)
(20453,4.0)
(20601,4.0)
(20849,4.0)
(21817,4.0)
(22085,4.0)
(22609,4.0)
(22929,4.0)
(23657,4.0)
(25449,4.0)
(26045,4.0)
(26673,4.0)
(26789,4.0)
(29241,4.0)
(30197,4.0)
(30441,4.0)
(30457,4.0)
(30505,4.0)
(30665,4.0)
(30673,4.0)
(30757,4.0)
(31913,4.0)
(32369,4.0)
(33005,4.0)
(33817,4.0)
(37009,4.0)
(38913,4.0)
(40293,4.0)
(41077,4.0)
(44797,4.0)
(45141,4.0)
(18357,4.0)
(18365,4.0)
(18617,4.0)
(18633,4.0)
(18665,4.0)
(18737,4.0)
(18973,4.0)
(21145,4.0)
(21793,4.0)
(21809,4.0)
(23009,4.0)
(24453,4.0)
(24533,4.0)
(25449,4.0)
(25721,4.0)
(25793,4.0)
(26129,4.0)
(26137,4.0)
(26153,4.0)
(26521,4.0)
(26633,4.0)
(27013,4.0)
(27029,4.0)
(27933,4.0)
(28121,4.0)
(28185,4.0)
(30673,4.0)
(31005,4.0)
(43189,4.0)
(18333,4.0)
(18513,4.0)
(18569,4.0)
(18585,4.0)
(18617,4.0)
(18633,4.0)
(18797,4.0)
(18805,4.0)
(18973,4.0)
(19045,4.0)
(19669,4.0)
(19693,4.0)
(19709,4.0)
(19925,4.0)
(19965,4.0)
(20105,4.0)
(20493,4.0)
(21129,4.0)
(21261,4.0)
(21809,4.0)
(22769,4.0)
(23689,4.0)
(24445,4.0)
(24777,4.0)
(24893,4.0)
(25281,4.0)
(26933,4.0)
(33485,4.0)
(35265,4.0)
(35609,4.0)
(36589,4.0)
(18317,4.0)
(18357,4.0)
(18365,4.0)
(18513,4.0)
(18521,4.0)
(18705,4.0)
(18737,4.0)
(18889,4.0)
(19045,4.0)
(20397,4.0)
(21145,4.0)
(21469,4.0)
(21597,4.0)
(21745,4.0)
(22013,4.0)
(23657,4.0)
(24885,4.0)
(26781,4.0)
(26957,4.0)
(26981,4.0)
(27933,4.0)
(28193,4.0)
(28665,4.0)
(28697,4.0)
(31913,4.0)
(33005,4.0)
(33069,4.0)
(34845,4.0)
(35717,4.0)
(36009,4.0)
(37009,4.0)
(38957,4.0)
(18317,4.0)
(18357,4.0)
(18569,4.0)
(18737,4.0)
(18745,4.0)
(18897,4.0)
(19013,4.0)
(19825,4.0)
(20113,4.0)
(20405,4.0)
(20453,4.0)
(20529,4.0)
(20601,4.0)
(20645,4.0)
(20809,4.0)
(20841,4.0)
(20849,4.0)
(20897,4.0)
(20953,4.0)
(21081,4.0)
(21365,4.0)
(22929,4.0)
(24617,4.0)
(26485,4.0)
(30565,4.0)
(31449,4.0)
(31901,4.0)
(34421,4.0)
(34845,4.0)
(36697,4.0)
(36993,4.0)
(38245,4.0)
(40897,4.0)
(18309,4.0)
(18513,4.0)
(20285,4.0)
(20309,4.0)
(21801,4.0)
(21917,4.0)
(22681,4.0)
(23081,4.0)
(24493,4.0)
(25017,4.0)
(26345,4.0)
(26957,4.0)
(27561,4.0)
(27649,4.0)
(27841,4.0)
(27881,4.0)
(32045,4.0)
(39485,4.0)
(41825,4.0)
(18357,4.0)
(18569,4.0)
(18673,4.0)
(18737,4.0)
(19045,4.0)
(21221,4.0)
(21357,4.0)
(21373,4.0)
(21461,4.0)
(21541,4.0)
(21573,4.0)
(22297,4.0)
(23453,4.0)
(25817,4.0)
(26857,4.0)
(27125,4.0)
(27141,4.0)
(31773,4.0)
(31781,4.0)
(18317,4.0)
(18489,4.0)
(18513,4.0)
(18585,4.0)
(18665,4.0)
(19013,4.0)
(19045,4.0)
(20421,4.0)
(20969,4.0)
(21185,4.0)
(23689,4.0)
(24541,4.0)
(25681,4.0)
(27209,4.0)
(28389,4.0)
(31249,4.0)
(33569,4.0)
(34765,4.0)
(35437,4.0)
(36009,4.0)
(37265,4.0)
(37309,4.0)
(37405,4.0)
(37413,4.0)
(39885,4.0)
(39893,4.0)
(39909,4.0)
(39917,4.0)
(40509,4.0)
(43525,4.0)
(44017,4.0)
(18317,4.0)
(18357,4.0)
(18585,4.0)
(18601,4.0)
(18633,4.0)
(18689,4.0)
(18805,4.0)
(19125,4.0)
(21145,4.0)
(21453,4.0)
(21493,4.0)
(22353,4.0)
(22769,4.0)
(26329,4.0)
(26529,4.0)
(26537,4.0)
(29233,4.0)
(34173,4.0)
(34429,4.0)
(37181,4.0)
(18317,4.0)
(18333,4.0)
(18357,4.0)
(18569,4.0)
(18601,4.0)
(18633,4.0)
(18737,4.0)
(18857,4.0)
(20553,4.0)
(20661,4.0)
(20873,4.0)
(20897,4.0)
(20945,4.0)
(21081,4.0)
(21145,4.0)
(22521,4.0)
(25421,4.0)
(26709,4.0)
(27005,4.0)
(27289,4.0)
(27933,4.0)
(28513,4.0)
(28705,4.0)
(31601,4.0)
(32925,4.0)
(34821,4.0)
(34845,4.0)
(37197,4.0)
(37217,4.0)
(38345,4.0)
(38585,4.0)
(41053,4.0)
(42809,4.0)
(18317,4.0)
(18365,4.0)
(18513,4.0)
(18569,4.0)
(19233,4.0)
(19417,4.0)
(19505,4.0)
(19553,4.0)
(19593,4.0)
(19733,4.0)
(19889,4.0)
(20585,4.0)
(20645,4.0)
(21145,4.0)
(21833,4.0)
(23181,4.0)
(23229,4.0)
(24325,4.0)
(24453,4.0)
(28233,4.0)
(28861,4.0)
(30169,4.0)
(31457,4.0)
(31585,4.0)
(35709,4.0)
(37757,4.0)
(41689,4.0)
(43805,4.0)
(46749,4.0)
(18309,4.0)
(18401,4.0)
(18441,4.0)
(18497,4.0)
(18513,4.0)
(18689,4.0)
(19045,4.0)
(19141,4.0)
(19577,4.0)
(19645,4.0)
(19973,4.0)
(19989,4.0)
(20013,4.0)
(20021,4.0)
(20397,4.0)
(20493,4.0)
(20857,4.0)
(21817,4.0)
(21841,4.0)
(23493,4.0)
(23517,4.0)
(24593,4.0)
(26081,4.0)
(26665,4.0)
(27461,4.0)
(29929,4.0)
(18325,4.0)
(18505,4.0)
(18513,4.0)
(18737,4.0)
(18761,4.0)
(19257,4.0)
(19273,4.0)
(19281,4.0)
(20317,4.0)
(20493,4.0)
(20677,4.0)
(22109,4.0)
(22817,4.0)
(24141,4.0)
(25861,4.0)
(26361,4.0)
(26657,4.0)
(27029,4.0)
(27193,4.0)
(31617,4.0)
(32269,4.0)
(32369,4.0)
(33449,4.0)
(35769,4.0)
(36985,4.0)
(38057,4.0)
(39529,4.0)
(41009,4.0)
(43113,4.0)
(44133,4.0)
(46913,4.0)
(18333,4.0)
(18473,4.0)
(18569,4.0)
(18617,4.0)
(18681,4.0)
(18689,4.0)
(18833,4.0)
(18973,4.0)
(19013,4.0)
(19037,4.0)
(19045,4.0)
(19141,4.0)
(19157,4.0)
(19165,4.0)
(19653,4.0)
(19669,4.0)
(19693,4.0)
(19709,4.0)
(20129,4.0)
(20137,4.0)
(20365,4.0)
(20461,4.0)
(20661,4.0)
(20717,4.0)
(21161,4.0)
(21421,4.0)
(21493,4.0)
(21501,4.0)
(21573,4.0)
(21597,4.0)
(21629,4.0)
(21661,4.0)
(21697,4.0)
(21857,4.0)
(21873,4.0)
(22201,4.0)
(22233,4.0)
(22321,4.0)
(22337,4.0)
(22369,4.0)
(22377,4.0)
(22385,4.0)
(22401,4.0)
(22513,4.0)
(22537,4.0)
(22673,4.0)
(22721,4.0)
(22729,4.0)
(22737,4.0)
(22769,4.0)
(22845,4.0)
(22913,4.0)
(23301,4.0)
(23317,4.0)
(23437,4.0)
(23717,4.0)
(23881,4.0)
(24165,4.0)
(24333,4.0)
(24405,4.0)
(25541,4.0)
(25729,4.0)
(25949,4.0)
(26037,4.0)
(26045,4.0)
(26061,4.0)
(26137,4.0)
(26153,4.0)
(26665,4.0)
(28389,4.0)
(28737,4.0)
(30041,4.0)
(30637,4.0)
(30825,4.0)
(30973,4.0)
(31257,4.0)
(31265,4.0)
(32841,4.0)
(33197,4.0)
(33621,4.0)
(34137,4.0)
(34533,4.0)
(35961,4.0)
(35969,4.0)
(36181,4.0)
(36469,4.0)
(36909,4.0)
(36953,4.0)
(37177,4.0)
(37561,4.0)
(40225,4.0)
(41193,4.0)
(44497,4.0)
(46037,4.0)
(18309,4.0)
(18341,4.0)
(18357,4.0)
(18513,4.0)
(19569,4.0)
(19757,4.0)
(21817,4.0)
(25525,4.0)
(32369,4.0)
(32825,4.0)
(34473,4.0)
(35917,4.0)
(40989,4.0)
(18365,4.0)
(18401,4.0)
(18417,4.0)
(18441,4.0)
(18497,4.0)
(18513,4.0)
(18585,4.0)
(18689,4.0)
(18721,4.0)
(19037,4.0)
(19045,4.0)
(19661,4.0)
(20317,4.0)
(20857,4.0)
(21025,4.0)
(21809,4.0)
(23533,4.0)
(24037,4.0)
(24317,4.0)
(24357,4.0)
(24525,4.0)
(27321,4.0)
(27529,4.0)
(29057,4.0)
(29433,4.0)
(29489,4.0)
(29621,4.0)
(30533,4.0)
(31241,4.0)
(34873,4.0)
(18365,4.0)
(18737,4.0)
(19393,4.0)
(19633,4.0)
(19717,4.0)
(19889,4.0)
(20405,4.0)
(20585,4.0)
(21469,4.0)
(24325,4.0)
(24737,4.0)
(25985,4.0)
(26549,4.0)
(34421,4.0)
(34465,4.0)
(35709,4.0)
(37757,4.0)
(40917,4.0)
(41061,4.0)
(47025,4.0)
(18317,4.0)
(18325,4.0)
(18365,4.0)
(19717,4.0)
(19733,4.0)
(24325,4.0)
(26957,4.0)
(27825,4.0)
(36393,4.0)
(37757,4.0)
(42609,4.0)
(46929,4.0)
(18317,4.0)
(18357,4.0)
(18737,4.0)
(20317,4.0)
(26717,4.0)
(26733,4.0)
(47117,4.0)
(18317,4.0)
(18357,4.0)
(18513,4.0)
(18601,4.0)
(19045,4.0)
(19385,4.0)
(19693,4.0)
(19757,4.0)
(19933,4.0)
(20977,4.0)
(21981,4.0)
(24077,4.0)
(24265,4.0)
(25101,4.0)
(25601,4.0)
(25617,4.0)
(25649,4.0)
(25673,4.0)
(26657,4.0)
(27689,4.0)
(28041,4.0)
(28049,4.0)
(28065,4.0)
(28089,4.0)
(31177,4.0)
(32729,4.0)
(35449,4.0)
(36153,4.0)
(18317,4.0)
(18473,4.0)
(18513,4.0)
(18521,4.0)
(18537,4.0)
(18569,4.0)
(18585,4.0)
(18601,4.0)
(18617,4.0)
(18737,4.0)
(18797,4.0)
(18937,4.0)
(19013,4.0)
(19045,4.0)
(19117,4.0)
(19281,4.0)
(19385,4.0)
(19669,4.0)
(19693,4.0)
(19817,4.0)
(19897,4.0)
(19925,4.0)
(20013,4.0)
(20105,4.0)
(20137,4.0)
(20341,4.0)
(20661,4.0)
(20969,4.0)
(21129,4.0)
(21145,4.0)
(21153,4.0)
(21161,4.0)
(21177,4.0)
(21185,4.0)
(21381,4.0)
(21525,4.0)
(21681,4.0)
(21705,4.0)
(21745,4.0)
(21809,4.0)
(22125,4.0)
(22233,4.0)
(22257,4.0)
(22361,4.0)
(23229,4.0)
(23353,4.0)
(23517,4.0)
(23865,4.0)
(23985,4.0)
(24445,4.0)
(25525,4.0)
(26045,4.0)
(26297,4.0)
(26353,4.0)
(26417,4.0)
(26609,4.0)
(26617,4.0)
(26773,4.0)
(26781,4.0)
(26885,4.0)
(26893,4.0)
(27429,4.0)
(27569,4.0)
(28209,4.0)
(28617,4.0)
(28649,4.0)
(28973,4.0)
(29145,4.0)
(30353,4.0)
(30557,4.0)
(30645,4.0)
(31921,4.0)
(32277,4.0)
(32517,4.0)
(32525,4.0)
(32817,4.0)
(32901,4.0)
(32925,4.0)
(33069,4.0)
(33477,4.0)
(35845,4.0)
(36253,4.0)
(36429,4.0)
(36517,4.0)
(38293,4.0)
(38577,4.0)
(39813,4.0)
(41697,4.0)
(41877,4.0)
(42625,4.0)
(43197,4.0)
(47161,4.0)
(47261,4.0)
(18309,4.0)
(18377,4.0)
(18521,4.0)
(18681,4.0)
(19013,4.0)
(19045,4.0)
(19165,4.0)
(19181,4.0)
(19281,4.0)
(19489,4.0)
(19933,4.0)
(20421,4.0)
(20561,4.0)
(20961,4.0)
(21097,4.0)
(21221,4.0)
(21253,4.0)
(21373,4.0)
(21541,4.0)
(21605,4.0)
(21629,4.0)
(21769,4.0)
(21925,4.0)
(22209,4.0)
(22233,4.0)
(22257,4.0)
(22289,4.0)
(22297,4.0)
(22385,4.0)
(22537,4.0)
(22961,4.0)
(24437,4.0)
(27093,4.0)
(27109,4.0)
(27125,4.0)
(27157,4.0)
(29701,4.0)
(29749,4.0)
(31273,4.0)
(31781,4.0)
(32769,4.0)
(33353,4.0)
(33941,4.0)
(34197,4.0)
(36205,4.0)
(36365,4.0)
(39229,4.0)
(39429,4.0)
(39453,4.0)
(39461,4.0)
(42473,4.0)
(43781,4.0)
(18317,4.0)
(18833,4.0)
(19101,4.0)
(19109,4.0)
(19181,4.0)
(19385,4.0)
(19521,4.0)
(19545,4.0)
(19585,4.0)
(19817,4.0)
(19865,4.0)
(19889,4.0)
(20061,4.0)
(20105,4.0)
(20493,4.0)
(20793,4.0)
(21049,4.0)
(24453,4.0)
(26557,4.0)
(28957,4.0)
(39045,4.0)
(39053,4.0)
(39953,4.0)
(18317,4.0)
(18357,4.0)
(18569,4.0)
(18737,4.0)
(18897,4.0)
(19825,4.0)
(20521,4.0)
(20569,4.0)
(20841,4.0)
(20849,4.0)
(20873,4.0)
(20881,4.0)
(20897,4.0)
(20905,4.0)
(21081,4.0)
(21145,4.0)
(21229,4.0)
(21493,4.0)
(24325,4.0)
(25985,4.0)
(26485,4.0)
(30077,4.0)
(34421,4.0)
(34813,4.0)
(34821,4.0)
(37233,4.0)
(18357,4.0)
(18393,4.0)
(18513,4.0)
(18569,4.0)
(18633,4.0)
(19045,4.0)
(19101,4.0)
(19141,4.0)
(19881,4.0)
(21097,4.0)
(21145,4.0)
(21637,4.0)
(22385,4.0)
(22449,4.0)
(22721,4.0)
(22905,4.0)
(22929,4.0)
(23317,4.0)
(23437,4.0)
(23549,4.0)
(24641,4.0)
(24893,4.0)
(26565,4.0)
(27933,4.0)
(29273,4.0)
(36485,4.0)
(37001,4.0)
(37245,4.0)
(42225,4.0)
(44449,4.0)
(47297,4.0)
(18317,4.0)
(18433,4.0)
(18513,4.0)
(18569,4.0)
(18585,4.0)
(18617,4.0)
(18681,4.0)
(19037,4.0)
(19045,4.0)
(19141,4.0)
(19273,4.0)
(19489,4.0)
(19693,4.0)
(19917,4.0)
(20045,4.0)
(20561,4.0)
(21025,4.0)
(21097,4.0)
(21113,4.0)
(21221,4.0)
(21429,4.0)
(21469,4.0)
(21553,4.0)
(21597,4.0)
(21645,4.0)
(21713,4.0)
(22289,4.0)
(22497,4.0)
(22633,4.0)
(23573,4.0)
(23657,4.0)
(23873,4.0)
(24281,4.0)
(24837,4.0)
(26941,4.0)
(28529,4.0)
(28673,4.0)
(30269,4.0)
(30405,4.0)
(30793,4.0)
(31397,4.0)
(31885,4.0)
(36181,4.0)
(36189,4.0)
(36341,4.0)
(36373,4.0)
(38645,4.0)
(38693,4.0)
(38729,4.0)
(45433,4.0)
(45833,4.0)
(47357,4.0)
(18333,4.0)
(18377,4.0)
(18417,4.0)
(18489,4.0)
(18513,4.0)
(18521,4.0)
(18569,4.0)
(18617,4.0)
(18681,4.0)
(18797,4.0)
(18913,4.0)
(18937,4.0)
(19013,4.0)
(19053,4.0)
(19217,4.0)
(19489,4.0)
(19693,4.0)
(19757,4.0)
(19889,4.0)
(19925,4.0)
(20381,4.0)
(20661,4.0)
(20841,4.0)
(20849,4.0)
(20857,4.0)
(20977,4.0)
(21637,4.0)
(22737,4.0)
(23377,4.0)
(23437,4.0)
(23717,4.0)
(24001,4.0)
(24445,4.0)
(24713,4.0)
(26957,4.0)
(26965,4.0)
(30785,4.0)
(30865,4.0)
(30889,4.0)
(31369,4.0)
(34421,4.0)
(34497,4.0)
(34813,4.0)
(35165,4.0)
(35665,4.0)
(35917,4.0)
(36189,4.0)
(38269,4.0)
(42965,4.0)
(42981,4.0)
(46597,4.0)
(18325,4.0)
(18357,4.0)
(18417,4.0)
(18441,4.0)
(18489,4.0)
(18513,4.0)
(18521,4.0)
(18601,4.0)
(18681,4.0)
(18737,4.0)
(18797,4.0)
(18873,4.0)
(18913,4.0)
(18937,4.0)
(19013,4.0)
(19053,4.0)
(19109,4.0)
(19305,4.0)
(19433,4.0)
(19561,4.0)
(19677,4.0)
(19733,4.0)
(19741,4.0)
(19757,4.0)
(19765,4.0)
(19889,4.0)
(19925,4.0)
(19981,4.0)
(20069,4.0)
(20493,4.0)
(20661,4.0)
(20725,4.0)
(20857,4.0)
(20873,4.0)
(20977,4.0)
(21025,4.0)
(21097,4.0)
(21161,4.0)
(21421,4.0)
(21437,4.0)
(21613,4.0)
(21637,4.0)
(21825,4.0)
(21841,4.0)
(21857,4.0)
(21865,4.0)
(22233,4.0)
(22769,4.0)
(22793,4.0)
(22977,4.0)
(23293,4.0)
(23317,4.0)
(23369,4.0)
(23377,4.0)
(23437,4.0)
(23473,4.0)
(23493,4.0)
(23717,4.0)
(24025,4.0)
(24297,4.0)
(24437,4.0)
(24445,4.0)
(24469,4.0)
(24697,4.0)
(24713,4.0)
(26441,4.0)
(26597,4.0)
(26957,4.0)
(26965,4.0)
(27437,4.0)
(27453,4.0)
(28713,4.0)
(29377,4.0)
(29601,4.0)
(29621,4.0)
(29717,4.0)
(30513,4.0)
(30629,4.0)
(30785,4.0)
(30809,4.0)
(30841,4.0)
(30865,4.0)
(30873,4.0)
(30889,4.0)
(30973,4.0)
(31369,4.0)
(33013,4.0)
(33021,4.0)
(33037,4.0)
(34137,4.0)
(34421,4.0)
(34497,4.0)
(34873,4.0)
(34945,4.0)
(35065,4.0)
(35165,4.0)
(35917,4.0)
(36153,4.0)
(36189,4.0)
(36469,4.0)
(37433,4.0)
(37449,4.0)
(37537,4.0)
(38269,4.0)
(38669,4.0)
(40925,4.0)
(40941,4.0)
(40973,4.0)
(41153,4.0)
(41921,4.0)
(42141,4.0)
(42965,4.0)
(42981,4.0)
(18317,4.0)
(18377,4.0)
(18401,4.0)
(18441,4.0)
(18497,4.0)
(18513,4.0)
(18569,4.0)
(18681,4.0)
(18689,4.0)
(18833,4.0)
(19013,4.0)
(19037,4.0)
(19045,4.0)
(19265,4.0)
(19273,4.0)
(21221,4.0)
(21629,4.0)
(22185,4.0)
(25589,4.0)
(26957,4.0)
(27289,4.0)
(27521,4.0)
(29145,4.0)
(32045,4.0)
(34421,4.0)
(35165,4.0)
(18325,4.0)
(18513,4.0)
(18737,4.0)
(19385,4.0)
(21145,4.0)
(21785,4.0)
(23493,4.0)
(25225,4.0)
(25525,4.0)
(35049,4.0)
(18317,4.0)
(18377,4.0)
(18385,4.0)
(18473,4.0)
(18497,4.0)
(18513,4.0)
(18521,4.0)
(18545,4.0)
(18569,4.0)
(18625,4.0)
(18633,4.0)
(18641,4.0)
(18897,4.0)
(18953,4.0)
(19005,4.0)
(19141,4.0)
(19249,4.0)
(19257,4.0)
(19305,4.0)
(19489,4.0)
(19693,4.0)
(20137,4.0)
(20493,4.0)
(20621,4.0)
(20969,4.0)
(21001,4.0)
(21121,4.0)
(21129,4.0)
(21145,4.0)
(21261,4.0)
(21421,4.0)
(21477,4.0)
(21809,4.0)
(23689,4.0)
(24233,4.0)
(24893,4.0)
(25137,4.0)
(25721,4.0)
(25801,4.0)
(26305,4.0)
(26989,4.0)
(27265,4.0)
(27397,4.0)
(28513,4.0)
(28545,4.0)
(28609,4.0)
(28873,4.0)
(28973,4.0)
(30817,4.0)
(30889,4.0)
(31553,4.0)
(31801,4.0)
(33321,4.0)
(33477,4.0)
(33601,4.0)
(34113,4.0)
(34217,4.0)
(36009,4.0)
(37765,4.0)
(41213,4.0)
(47401,4.0)
(47409,4.0)
(18317,4.0)
(18377,4.0)
(18417,4.0)
(18449,4.0)
(18513,4.0)
(18521,4.0)
(18585,4.0)
(18617,4.0)
(18681,4.0)
(19045,4.0)
(19093,4.0)
(19189,4.0)
(19281,4.0)
(19645,4.0)
(19693,4.0)
(19709,4.0)
(19817,4.0)
(19881,4.0)
(20069,4.0)
(20341,4.0)
(20725,4.0)
(21097,4.0)
(22289,4.0)
(22845,4.0)
(24125,4.0)
(24133,4.0)
(24193,4.0)
(24437,4.0)
(24445,4.0)
(24761,4.0)
(24845,4.0)
(24893,4.0)
(24953,4.0)
(25505,4.0)
(25729,4.0)
(26137,4.0)
(26145,4.0)
(26393,4.0)
(28285,4.0)
(29161,4.0)
(29949,4.0)
(30793,4.0)
(32917,4.0)
(33257,4.0)
(33801,4.0)
(34633,4.0)
(34653,4.0)
(34669,4.0)
(36953,4.0)
(37661,4.0)
(42257,4.0)
(42517,4.0)
(46773,4.0)
(47429,4.0)
(18317,4.0)
(18357,4.0)
(18473,4.0)
(18489,4.0)
(18585,4.0)
(18601,4.0)
(18681,4.0)
(18737,4.0)
(19013,4.0)
(19045,4.0)
(19693,4.0)
(19757,4.0)
(19925,4.0)
(19933,4.0)
(20977,4.0)
(21025,4.0)
(21893,4.0)
(22369,4.0)
(22401,4.0)
(24593,4.0)
(25413,4.0)
(25737,4.0)
(26221,4.0)
(26277,4.0)
(28089,4.0)
(36017,4.0)
(42361,4.0)
(43477,4.0)
(47513,4.0)
(18357,4.0)
(18489,4.0)
(18513,4.0)
(18569,4.0)
(18585,4.0)
(18601,4.0)
(18617,4.0)
(18689,4.0)
(18729,4.0)
(18737,4.0)
(18769,4.0)
(19045,4.0)
(19141,4.0)
(19385,4.0)
(19505,4.0)
(19693,4.0)
(19709,4.0)
(19757,4.0)
(19925,4.0)
(20341,4.0)
(20677,4.0)
(20849,4.0)
(20985,4.0)
(21025,4.0)
(21129,4.0)
(21145,4.0)
(21161,4.0)
(21381,4.0)
(21681,4.0)
(21705,4.0)
(21745,4.0)
(22769,4.0)
(22929,4.0)
(24445,4.0)
(24929,4.0)
(24973,4.0)
(25449,4.0)
(25525,4.0)
(26045,4.0)
(26169,4.0)
(26305,4.0)
(26609,4.0)
(26633,4.0)
(26673,4.0)
(26773,4.0)
(26781,4.0)
(26789,4.0)
(29629,4.0)
(31921,4.0)
(32901,4.0)
(32925,4.0)
(33469,4.0)
(33477,4.0)
(34789,4.0)
(35297,4.0)
(35845,4.0)
(36977,4.0)
(38585,4.0)
(41877,4.0)
(47173,4.0)
(18309,4.0)
(18357,4.0)
(18385,4.0)
(18489,4.0)
(18569,4.0)
(18585,4.0)
(18617,4.0)
(18689,4.0)
(18737,4.0)
(18781,4.0)
(18797,4.0)
(19693,4.0)
(19757,4.0)
(21621,4.0)
(24445,4.0)
(25389,4.0)
(26633,4.0)
(30505,4.0)
(33485,4.0)
(35029,4.0)
(18317,4.0)
(18333,4.0)
(18401,4.0)
(18417,4.0)
(18425,4.0)
(18441,4.0)
(18457,4.0)
(18473,4.0)
(18489,4.0)
(18497,4.0)
(18521,4.0)
(18585,4.0)
(18681,4.0)
(18689,4.0)
(18737,4.0)
(18761,4.0)
(18781,4.0)
(19037,4.0)
(19077,4.0)
(19085,4.0)
(19125,4.0)
(19217,4.0)
(19265,4.0)
(19281,4.0)
(19361,4.0)
(19569,4.0)
(19693,4.0)
(19709,4.0)
(19801,4.0)
(19817,4.0)
(20045,4.0)
(20561,4.0)
(20585,4.0)
(20857,4.0)
(21145,4.0)
(21421,4.0)
(21429,4.0)
(21705,4.0)
(21817,4.0)
(21841,4.0)
(22521,4.0)
(22961,4.0)
(23501,4.0)
(23509,4.0)
(24445,4.0)
(26089,4.0)
(26297,4.0)
(26689,4.0)
(26917,4.0)
(26965,4.0)
(28257,4.0)
(29161,4.0)
(29929,4.0)
(30865,4.0)
(34633,4.0)
(35793,4.0)
(35805,4.0)
(35917,4.0)
(36993,4.0)
(37597,4.0)
(40629,4.0)
(40933,4.0)
(18317,4.0)
(18357,4.0)
(18569,4.0)
(18689,4.0)
(18737,4.0)
(18769,4.0)
(18929,4.0)
(19077,4.0)
(19189,4.0)
(19217,4.0)
(19233,4.0)
(19249,4.0)
(19273,4.0)
(19289,4.0)
(19297,4.0)
(19313,4.0)
(19321,4.0)
(19329,4.0)
(19337,4.0)
(19345,4.0)
(19353,4.0)
(20629,4.0)
(20701,4.0)
(20773,4.0)
(20993,4.0)
(21357,4.0)
(21793,4.0)
(22569,4.0)
(22601,4.0)
(22801,4.0)
(23237,4.0)
(25273,4.0)
(25729,4.0)
(26037,4.0)
(26045,4.0)
(26129,4.0)
(26153,4.0)
(26361,4.0)
(26813,4.0)
(27513,4.0)
(27793,4.0)
(30325,4.0)
(34057,4.0)
(34089,4.0)
(34105,4.0)
(34541,4.0)
(36533,4.0)
(36853,4.0)
(37225,4.0)
(40205,4.0)
(43621,4.0)
(43709,4.0)
(45313,4.0)
(46637,4.0)
(47625,4.0)
(18317,4.0)
(18417,4.0)
(18489,4.0)
(18513,4.0)
(18569,4.0)
(18601,4.0)
(18681,4.0)
(18737,4.0)
(18789,4.0)
(18805,4.0)
(19005,4.0)
(19037,4.0)
(19045,4.0)
(19141,4.0)
(19385,4.0)
(19577,4.0)
(20013,4.0)
(20493,4.0)
(21025,4.0)
(21705,4.0)
(21745,4.0)
(21785,4.0)
(21917,4.0)
(21957,4.0)
(21981,4.0)
(22013,4.0)
(22053,4.0)
(22793,4.0)
(24333,4.0)
(24397,4.0)
(24493,4.0)
(24697,4.0)
(24761,4.0)
(24777,4.0)
(24909,4.0)
(25237,4.0)
(25861,4.0)
(26601,4.0)
(27609,4.0)
(27841,4.0)
(27873,4.0)
(28033,4.0)
(28065,4.0)
(28137,4.0)
(31201,4.0)
(31241,4.0)
(32621,4.0)
(36053,4.0)
(41825,4.0)
(44345,4.0)
(46549,4.0)
(18285,4.0)
(18657,4.0)
(18873,4.0)
(19109,4.0)
(19141,4.0)
(19165,4.0)
(19225,4.0)
(19249,4.0)
(19257,4.0)
(19265,4.0)
(19273,4.0)
(19289,4.0)
(19321,4.0)
(19385,4.0)
(19677,4.0)
(19693,4.0)
(19709,4.0)
(20177,4.0)
(20397,4.0)
(20749,4.0)
(21269,4.0)
(21413,4.0)
(24937,4.0)
(26021,4.0)
(26321,4.0)
(26409,4.0)
(26813,4.0)
(27513,4.0)
(28241,4.0)
(31609,4.0)
(31793,4.0)
(31965,4.0)
(32021,4.0)
(35729,4.0)
(36113,4.0)
(36121,4.0)
(39161,4.0)
(39357,4.0)
(42661,4.0)
(44649,4.0)
(18317,4.0)
(18569,4.0)
(18585,4.0)
(18737,4.0)
(18945,4.0)
(19045,4.0)
(19693,4.0)
(20493,4.0)
(24037,4.0)
(24901,4.0)
(25525,4.0)
(25589,4.0)
(26521,4.0)
(32525,4.0)
(33081,4.0)
(34297,4.0)
(35853,4.0)
(37177,4.0)
(40189,4.0)
(46885,4.0)
(18317,4.0)
(18357,4.0)
(18365,4.0)
(18425,4.0)
(18737,4.0)
(19125,4.0)
(20585,4.0)
(20661,4.0)
(20841,4.0)
(20849,4.0)
(21145,4.0)
(21293,4.0)
(21681,4.0)
(22921,4.0)
(23293,4.0)
(24201,4.0)
(24453,4.0)
(24633,4.0)
(25449,4.0)
(26485,4.0)
(26625,4.0)
(26633,4.0)
(26789,4.0)
(27901,4.0)
(31005,4.0)
(31585,4.0)
(34421,4.0)
(34745,4.0)
(36197,4.0)
(37497,4.0)
(38965,4.0)
(41781,4.0)
(18365,4.0)
(19385,4.0)
(19489,4.0)
(19693,4.0)
(21817,4.0)
(21893,4.0)
(21981,4.0)
(21989,4.0)
(25513,4.0)
(29241,4.0)
(33425,4.0)
(33449,4.0)
(34585,4.0)
(35297,4.0)
(37653,4.0)
(39029,4.0)
(39537,4.0)
(18317,4.0)
(18357,4.0)
(18365,4.0)
(18377,4.0)
(18417,4.0)
(18513,4.0)
(18521,4.0)
(18705,4.0)
(18721,4.0)
(18737,4.0)
(19021,4.0)
(19125,4.0)
(19273,4.0)
(19281,4.0)
(19505,4.0)
(19717,4.0)
(19733,4.0)
(19825,4.0)
(20405,4.0)
(20453,4.0)
(20841,4.0)
(20849,4.0)
(20857,4.0)
(20873,4.0)
(20897,4.0)
(20953,4.0)
(20985,4.0)
(21081,4.0)
(21145,4.0)
(21229,4.0)
(21429,4.0)
(21469,4.0)
(24325,4.0)
(24437,4.0)
(25985,4.0)
(26169,4.0)
(26633,4.0)
(26717,4.0)
(26789,4.0)
(28193,4.0)
(28201,4.0)
(32369,4.0)
(33005,4.0)
(34821,4.0)
(35717,4.0)
(37233,4.0)
(37433,4.0)
(37497,4.0)
(39117,4.0)
(41085,4.0)
(46049,4.0)
(18317,4.0)
(18357,4.0)
(18473,4.0)
(18513,4.0)
(18585,4.0)
(18625,4.0)
(18705,4.0)
(18721,4.0)
(18737,4.0)
(18833,4.0)
(18873,4.0)
(18881,4.0)
(19045,4.0)
(20645,4.0)
(20709,4.0)
(20969,4.0)
(21145,4.0)
(21453,4.0)
(21681,4.0)
(22577,4.0)
(23689,4.0)
(24077,4.0)
(24257,4.0)
(24761,4.0)
(24901,4.0)
(25449,4.0)
(25589,4.0)
(25933,4.0)
(26097,4.0)
(26957,4.0)
(27273,4.0)
(28389,4.0)
(28497,4.0)
(28753,4.0)
(29669,4.0)
(30161,4.0)
(31257,4.0)
(32925,4.0)
(33109,4.0)
(33205,4.0)
(34633,4.0)
(35157,4.0)
(35189,4.0)
(35993,4.0)
(38001,4.0)
(38881,4.0)
(38897,4.0)
(40073,4.0)
(40089,4.0)
(40205,4.0)
(42693,4.0)
(44173,4.0)
(46417,4.0)
(46885,4.0)
(18285,4.0)
(18773,4.0)
(18873,4.0)
(20137,4.0)
(20513,4.0)
(22577,4.0)
(25145,4.0)
(26417,4.0)
(26549,4.0)
(40741,4.0)
(18309,4.0)
(18513,4.0)
(18569,4.0)
(18585,4.0)
(18601,4.0)
(18673,4.0)
(18789,4.0)
(18797,4.0)
(18945,4.0)
(19045,4.0)
(19385,4.0)
(19925,4.0)
(19933,4.0)
(20493,4.0)
(21153,4.0)
(21185,4.0)
(21525,4.0)
(21809,4.0)
(22085,4.0)
(23229,4.0)
(23689,4.0)
(23741,4.0)
(25505,4.0)
(26521,4.0)
(28185,4.0)
(28681,4.0)
(28737,4.0)
(28889,4.0)
(31249,4.0)
(31397,4.0)
(31845,4.0)
(32901,4.0)
(33569,4.0)
(33753,4.0)
(34357,4.0)
(34765,4.0)
(36009,4.0)
(37265,4.0)
(37309,4.0)
(37405,4.0)
(37413,4.0)
(39885,4.0)
(39893,4.0)
(39901,4.0)
(39917,4.0)
(39925,4.0)
(40509,4.0)
(44173,4.0)
(47673,4.0)
(18357,4.0)
(18473,4.0)
(18513,4.0)
(18521,4.0)
(18569,4.0)
(18585,4.0)
(18601,4.0)
(18681,4.0)
(18797,4.0)
(18805,4.0)
(19013,4.0)
(19045,4.0)
(19385,4.0)
(19925,4.0)
(19973,4.0)
(20365,4.0)
(20493,4.0)
(20725,4.0)
(20757,4.0)
(21705,4.0)
(21753,4.0)
(21917,4.0)
(22173,4.0)
(22233,4.0)
(22417,4.0)
(22913,4.0)
(22961,4.0)
(24273,4.0)
(24885,4.0)
(25913,4.0)
(27037,4.0)
(27741,4.0)
(30269,4.0)
(32729,4.0)
(36325,4.0)
(43637,4.0)
(18333,4.0)
(18385,4.0)
(18401,4.0)
(18441,4.0)
(18473,4.0)
(18489,4.0)
(18513,4.0)
(18521,4.0)
(18537,4.0)
(18601,4.0)
(18617,4.0)
(18825,4.0)
(19045,4.0)
(19061,4.0)
(19189,4.0)
(19257,4.0)
(19265,4.0)
(19273,4.0)
(19693,4.0)
(19701,4.0)
(19709,4.0)
(19817,4.0)
(19857,4.0)
(19881,4.0)
(20137,4.0)
(20177,4.0)
(20341,4.0)
(20585,4.0)
(20857,4.0)
(21169,4.0)
(21517,4.0)
(21973,4.0)
(22037,4.0)
(22793,4.0)
(23493,4.0)
(24193,4.0)
(24437,4.0)
(24461,4.0)
(24585,4.0)
(24909,4.0)
(25129,4.0)
(25801,4.0)
(25817,4.0)
(26037,4.0)
(26045,4.0)
(26089,4.0)
(26145,4.0)
(26237,4.0)
(26461,4.0)
(26601,4.0)
(26797,4.0)
(26949,4.0)
(27029,4.0)
(27037,4.0)
(27273,4.0)
(27529,4.0)
(28325,4.0)
(28641,4.0)
(29145,4.0)
(29161,4.0)
(29929,4.0)
(30817,4.0)
(30881,4.0)
(31065,4.0)
(31397,4.0)
(32817,4.0)
(32889,4.0)
(33997,4.0)
(37729,4.0)
(38805,4.0)
(42473,4.0)
(46117,4.0)
(46141,4.0)
(47845,4.0)
(18333,4.0)
(18569,4.0)
(18601,4.0)
(18657,4.0)
(18737,4.0)
(19005,4.0)
(19045,4.0)
(19273,4.0)
(19281,4.0)
(19693,4.0)
(20177,4.0)
(20185,4.0)
(20701,4.0)
(20801,4.0)
(20809,4.0)
(20857,4.0)
(20929,4.0)
(21065,4.0)
(21161,4.0)
(21293,4.0)
(21317,4.0)
(21357,4.0)
(21541,4.0)
(22585,4.0)
(22769,4.0)
(23141,4.0)
(24085,4.0)
(24297,4.0)
(24389,4.0)
(24437,4.0)
(24697,4.0)
(26409,4.0)
(26917,4.0)
(27513,4.0)
(28261,4.0)
(28277,4.0)
(28285,4.0)
(28293,4.0)
(28317,4.0)
(28325,4.0)
(28625,4.0)
(28761,4.0)
(31065,4.0)
(32261,4.0)
(33649,4.0)
(33657,4.0)
(33733,4.0)
(33801,4.0)
(33997,4.0)
(36197,4.0)
(37209,4.0)
(37433,4.0)
(37729,4.0)
(37785,4.0)
(40801,4.0)
(41617,4.0)
(18309,4.0)
(18601,4.0)
(18873,4.0)
(19289,4.0)
(20669,4.0)
(21681,4.0)
(22157,4.0)
(23173,4.0)
(26045,4.0)
(26281,4.0)
(28209,4.0)
(28381,4.0)
(28973,4.0)
(18317,4.0)
(18377,4.0)
(18513,4.0)
(18737,4.0)
(19257,4.0)
(22361,4.0)
(28333,4.0)
(28341,4.0)
(18333,4.0)
(18633,4.0)
(18657,4.0)
(19693,4.0)
(20809,4.0)
(20849,4.0)
(20929,4.0)
(21065,4.0)
(21205,4.0)
(21293,4.0)
(21893,4.0)
(21941,4.0)
(22305,4.0)
(22769,4.0)
(22853,4.0)
(23501,4.0)
(23673,4.0)
(24061,4.0)
(24085,4.0)
(24389,4.0)
(24461,4.0)
(25801,4.0)
(26409,4.0)
(26917,4.0)
(27529,4.0)
(28233,4.0)
(28293,4.0)
(30169,4.0)
(31065,4.0)
(31781,4.0)
(34013,4.0)
(35145,4.0)
(38225,4.0)
(18357,4.0)
(18513,4.0)
(18521,4.0)
(18585,4.0)
(18681,4.0)
(19045,4.0)
(20293,4.0)
(21145,4.0)
(21793,4.0)
(22609,4.0)
(24201,4.0)
(24257,4.0)
(24453,4.0)
(25025,4.0)
(25601,4.0)
(25649,4.0)
(27321,4.0)
(28641,4.0)
(29241,4.0)
(29925,4.0)
(30061,4.0)
(30345,4.0)
(34237,4.0)
(35673,4.0)
(37809,4.0)
(37849,4.0)
(39805,4.0)
(40205,4.0)
(45393,4.0)
(18333,4.0)
(18449,4.0)
(18513,4.0)
(18569,4.0)
(18585,4.0)
(18689,4.0)
(18905,4.0)
(19045,4.0)
(19645,4.0)
(20137,4.0)
(20201,4.0)
(20873,4.0)
(22305,4.0)
(22353,4.0)
(22425,4.0)
(22633,4.0)
(22657,4.0)
(22681,4.0)
(22769,4.0)
(22845,4.0)
(25913,4.0)
(26153,4.0)
(26277,4.0)
(26949,4.0)
(27833,4.0)
(29017,4.0)
(29161,4.0)
(30653,4.0)
(31049,4.0)
(33257,4.0)
(34173,4.0)
(34653,4.0)
(38669,4.0)
(40713,4.0)
(41573,4.0)
(43533,4.0)
(43601,4.0)
(18317,4.0)
(18513,4.0)
(19045,4.0)
(19141,4.0)
(19441,4.0)
(20277,4.0)
(20285,4.0)
(20317,4.0)
(20365,4.0)
(21573,4.0)
(21769,4.0)
(21917,4.0)
(21941,4.0)
(21965,4.0)
(22061,4.0)
(22093,4.0)
(22101,4.0)
(22109,4.0)
(23493,4.0)
(24445,4.0)
(25069,4.0)
(25513,4.0)
(25633,4.0)
(26797,4.0)
(28381,4.0)
(29057,4.0)
(29185,4.0)
(29629,4.0)
(35737,4.0)
(36085,4.0)
(37145,4.0)
(38109,4.0)
(42737,4.0)
(18357,4.0)
(18377,4.0)
(19045,4.0)
(19173,4.0)
(19653,4.0)
(19757,4.0)
(19925,4.0)
(19965,4.0)
(20977,4.0)
(21573,4.0)
(21917,4.0)
(22069,4.0)
(23717,4.0)
(24485,4.0)
(25609,4.0)
(26245,4.0)
(29753,4.0)
(29925,4.0)
(29929,4.0)
(30433,4.0)
(30685,4.0)
(30965,4.0)
(31369,4.0)
(32045,4.0)
(32833,4.0)
(33637,4.0)
(34693,4.0)
(34889,4.0)
(35289,4.0)
(35561,4.0)
(36829,4.0)
(18317,4.0)
(18357,4.0)
(18365,4.0)
(18569,4.0)
(18689,4.0)
(18737,4.0)
(19013,4.0)
(19817,4.0)
(20177,4.0)
(20301,4.0)
(20341,4.0)
(20585,4.0)
(20841,4.0)
(20849,4.0)
(20897,4.0)
(20929,4.0)
(20937,4.0)
(20985,4.0)
(21065,4.0)
(21081,4.0)
(21145,4.0)
(22737,4.0)
(24461,4.0)
(25273,4.0)
(25729,4.0)
(26045,4.0)
(26153,4.0)
(26361,4.0)
(27353,4.0)
(28165,4.0)
(28193,4.0)
(28705,4.0)
(28785,4.0)
(30041,4.0)
(30169,4.0)
(31921,4.0)
(33917,4.0)
(34837,4.0)
(37233,4.0)
(38345,4.0)
(39133,4.0)
(40037,4.0)
(40897,4.0)
(41365,4.0)
(42809,4.0)
(42817,4.0)
(43709,4.0)
(44713,4.0)
(46953,4.0)
(47625,4.0)
(47949,4.0)
(18357,4.0)
(18365,4.0)
(18521,4.0)
(18769,4.0)
(19553,4.0)
(19733,4.0)
(20113,4.0)
(20217,4.0)
(20629,4.0)
(20645,4.0)
(21145,4.0)
(21681,4.0)
(24125,4.0)
(24325,4.0)
(26485,4.0)
(26565,4.0)
(26893,4.0)
(28641,4.0)
(32157,4.0)
(34421,4.0)
(36393,4.0)
(36445,4.0)
(41029,4.0)
(41045,4.0)
(41077,4.0)
(42693,4.0)
(47265,4.0)
(18309,4.0)
(18569,4.0)
(18681,4.0)
(19693,4.0)
(21277,4.0)
(21573,4.0)
(21893,4.0)
(26221,4.0)
(26229,4.0)
(26277,4.0)
(29753,4.0)
(29761,4.0)
(29777,4.0)
(18333,4.0)
(18497,4.0)
(18569,4.0)
(18585,4.0)
(18617,4.0)
(18689,4.0)
(18737,4.0)
(18781,4.0)
(18881,4.0)
(18973,4.0)
(19013,4.0)
(19045,4.0)
(20365,4.0)
(20413,4.0)
(20493,4.0)
(20709,4.0)
(21025,4.0)
(21129,4.0)
(21145,4.0)
(21421,4.0)
(21573,4.0)
(21653,4.0)
(21737,4.0)
(22577,4.0)
(22845,4.0)
(24697,4.0)
(24721,4.0)
(24893,4.0)
(26061,4.0)
(26161,4.0)
(26933,4.0)
(27321,4.0)
(27469,4.0)
(27521,4.0)
(31265,4.0)
(32065,4.0)
(32825,4.0)
(32901,4.0)
(34065,4.0)
(36573,4.0)
(37505,4.0)
(38593,4.0)
(41021,4.0)
(18357,4.0)
(18569,4.0)
(18689,4.0)
(18737,4.0)
(18973,4.0)
(19013,4.0)
(19497,4.0)
(20365,4.0)
(20701,4.0)
(20809,4.0)
(21097,4.0)
(21573,4.0)
(21697,4.0)
(22845,4.0)
(25281,4.0)
(25949,4.0)
(28881,4.0)
(30169,4.0)
(30189,4.0)
(30441,4.0)
(30557,4.0)
(34745,4.0)
(35057,4.0)
(35189,4.0)
(18357,4.0)
(18393,4.0)
(18473,4.0)
(18513,4.0)
(18521,4.0)
(18585,4.0)
(18617,4.0)
(18705,4.0)
(18797,4.0)
(19045,4.0)
(19173,4.0)
(19385,4.0)
(19757,4.0)
(19917,4.0)
(19925,4.0)
(19941,4.0)
(19965,4.0)
(19973,4.0)
(20661,4.0)
(21221,4.0)
(21365,4.0)
(21373,4.0)
(21429,4.0)
(21485,4.0)
(21713,4.0)
(22385,4.0)
(22961,4.0)
(23657,4.0)
(24017,4.0)
(24333,4.0)
(24697,4.0)
(25389,4.0)
(26045,4.0)
(26469,4.0)
(30513,4.0)
(30857,4.0)
(31397,4.0)
(37009,4.0)
(38577,4.0)
(38729,4.0)
(40213,4.0)
(40833,4.0)
(45009,4.0)
(48009,4.0)
(18317,4.0)
(18365,4.0)
(18569,4.0)
(18737,4.0)
(19653,4.0)
(19693,4.0)
(19925,4.0)
(20493,4.0)
(20977,4.0)
(21025,4.0)
(21145,4.0)
(21573,4.0)
(29137,4.0)
(32193,4.0)
(33069,4.0)
(34789,4.0)
(35665,4.0)
(36453,4.0)
(37169,4.0)
(18317,4.0)
(18473,4.0)
(18497,4.0)
(18505,4.0)
(18601,4.0)
(19029,4.0)
(19045,4.0)
(19181,4.0)
(19917,4.0)
(19933,4.0)
(20137,4.0)
(20493,4.0)
(20561,4.0)
(20669,4.0)
(21121,4.0)
(21261,4.0)
(21653,4.0)
(21745,4.0)
(22141,4.0)
(22289,4.0)
(22337,4.0)
(22441,4.0)
(22649,4.0)
(22705,4.0)
(23573,4.0)
(24165,4.0)
(24837,4.0)
(24909,4.0)
(25541,4.0)
(25729,4.0)
(26597,4.0)
(27101,4.0)
(27889,4.0)
(29993,4.0)
(30793,4.0)
(32045,4.0)
(32825,4.0)
(32953,4.0)
(33021,4.0)
(33297,4.0)
(34721,4.0)
(34873,4.0)
(35049,4.0)
(36917,4.0)
(43609,4.0)
(18317,4.0)
(18449,4.0)
(18521,4.0)
(18569,4.0)
(18633,4.0)
(18689,4.0)
(19045,4.0)
(19125,4.0)
(19497,4.0)
(19685,4.0)
(20749,4.0)
(20969,4.0)
(21105,4.0)
(24109,4.0)
(25257,4.0)
(25793,4.0)
(27029,4.0)
(28165,4.0)
(28389,4.0)
(28633,4.0)
(29677,4.0)
(31465,4.0)
(32293,4.0)
(33541,4.0)
(34429,4.0)
(34533,4.0)
(34557,4.0)
(34745,4.0)
(36961,4.0)
(44333,4.0)
(44717,4.0)
(18293,4.0)
(18301,4.0)
(18309,4.0)
(18317,4.0)
(18325,4.0)
(18333,4.0)
(18341,4.0)
(18349,4.0)
(18357,4.0)
(18569,4.0)
(18689,4.0)
(18737,4.0)
(18761,4.0)
(19225,4.0)
(19425,4.0)
(19457,4.0)
(19505,4.0)
(19537,4.0)
(19569,4.0)
(19757,4.0)
(20645,4.0)
(20905,4.0)
(21161,4.0)
(22845,4.0)
(23229,4.0)
(24929,4.0)
(26045,4.0)
(26453,4.0)
(26633,4.0)
(26717,4.0)
(26733,4.0)
(26741,4.0)
(26917,4.0)
(27421,4.0)
(28233,4.0)
(28601,4.0)
(28641,4.0)
(29209,4.0)
(30169,4.0)
(30181,4.0)
(30565,4.0)
(31457,4.0)
(31937,4.0)
(32301,4.0)
(34489,4.0)
(34813,4.0)
(40117,4.0)
(41085,4.0)
(41093,4.0)
(41125,4.0)
(47121,4.0)
(48045,4.0)
(18317,4.0)
(18341,4.0)
(18357,4.0)
(18377,4.0)
(18513,4.0)
(18689,4.0)
(18705,4.0)
(18721,4.0)
(18737,4.0)
(18973,4.0)
(19013,4.0)
(19241,4.0)
(19249,4.0)
(19329,4.0)
(21205,4.0)
(21293,4.0)
(24181,4.0)
(25281,4.0)
(25525,4.0)
(25729,4.0)
(26037,4.0)
(26045,4.0)
(26061,4.0)
(26137,4.0)
(26625,4.0)
(26633,4.0)
(26733,4.0)
(32301,4.0)
(33741,4.0)
(34473,4.0)
(34521,4.0)
(36401,4.0)
(18301,4.0)
(18349,4.0)
(18357,4.0)
(25273,4.0)
(31569,4.0)
(34173,4.0)
(35421,4.0)
(18317,4.0)
(18473,4.0)
(18513,4.0)
(18569,4.0)
(18601,4.0)
(18633,4.0)
(18681,4.0)
(18773,4.0)
(18873,4.0)
(19045,4.0)
(19189,4.0)
(19669,4.0)
(19765,4.0)
(19817,4.0)
(19925,4.0)
(19933,4.0)
(19965,4.0)
(20105,4.0)
(20365,4.0)
(20397,4.0)
(20493,4.0)
(20969,4.0)
(20977,4.0)
(21025,4.0)
(21041,4.0)
(21145,4.0)
(21153,4.0)
(21261,4.0)
(21525,4.0)
(21573,4.0)
(21809,4.0)
(22109,4.0)
(22209,4.0)
(22369,4.0)
(23229,4.0)
(23689,4.0)
(23985,4.0)
(23993,4.0)
(24697,4.0)
(24777,4.0)
(24893,4.0)
(25289,4.0)
(25505,4.0)
(26893,4.0)
(26917,4.0)
(27029,4.0)
(27037,4.0)
(29065,4.0)
(29629,4.0)
(30849,4.0)
(31265,4.0)
(32977,4.0)
(33601,4.0)
(34049,4.0)
(34873,4.0)
(36541,4.0)
(36605,4.0)
(36909,4.0)
(37177,4.0)
(40537,4.0)
(18341,4.0)
(18357,4.0)
(18521,4.0)
(18781,4.0)
(19569,4.0)
(19693,4.0)
(19757,4.0)
(19817,4.0)
(21785,4.0)
(23493,4.0)
(24445,4.0)
(26673,4.0)
(26689,4.0)
(26717,4.0)
(26733,4.0)
(32301,4.0)
(32825,4.0)
(34473,4.0)
(35917,4.0)
(40989,4.0)
(43197,4.0)
(44993,4.0)
(18333,4.0)
(18417,4.0)
(18433,4.0)
(18449,4.0)
(18473,4.0)
(18513,4.0)
(18569,4.0)
(18617,4.0)
(18681,4.0)
(18689,4.0)
(18761,4.0)
(18873,4.0)
(18973,4.0)
(19013,4.0)
(19045,4.0)
(19141,4.0)
(19157,4.0)
(19265,4.0)
(19313,4.0)
(19385,4.0)
(19433,4.0)
(19489,4.0)
(19637,4.0)
(19645,4.0)
(19653,4.0)
(19693,4.0)
(19765,4.0)
(19793,4.0)
(19881,4.0)
(19949,4.0)
(19957,4.0)
(19973,4.0)
(20185,4.0)
(20365,4.0)
(20397,4.0)
(20621,4.0)
(20717,4.0)
(20809,4.0)
(20977,4.0)
(21097,4.0)
(21145,4.0)
(21161,4.0)
(21421,4.0)
(21485,4.0)
(21493,4.0)
(21501,4.0)
(21573,4.0)
(21597,4.0)
(21605,4.0)
(21629,4.0)
(21745,4.0)
(21873,4.0)
(22289,4.0)
(22369,4.0)
(22385,4.0)
(22401,4.0)
(22721,4.0)
(22729,4.0)
(22761,4.0)
(22769,4.0)
(22853,4.0)
(23157,4.0)
(23317,4.0)
(23493,4.0)
(23549,4.0)
(23889,4.0)
(23925,4.0)
(24085,4.0)
(24525,4.0)
(24721,4.0)
(24753,4.0)
(24893,4.0)
(25145,4.0)
(25329,4.0)
(25801,4.0)
(26177,4.0)
(26337,4.0)
(26665,4.0)
(26857,4.0)
(26865,4.0)
(26933,4.0)
(27085,4.0)
(27289,4.0)
(27513,4.0)
(27793,4.0)
(28209,4.0)
(28389,4.0)
(28665,4.0)
(28745,4.0)
(29017,4.0)
(29105,4.0)
(29145,4.0)
(29273,4.0)
(29993,4.0)
(30101,4.0)
(30601,4.0)
(31065,4.0)
(33745,4.0)
(34633,4.0)
(37937,4.0)
(40009,4.0)
(40881,4.0)
(18357,4.0)
(18365,4.0)
(18513,4.0)
(18705,4.0)
(18737,4.0)
(20849,4.0)
(21081,4.0)
(24861,4.0)
(25985,4.0)
(26957,4.0)
(27933,4.0)
(28193,4.0)
(33005,4.0)
(35717,4.0)
(37497,4.0)
(18309,4.0)
(18317,4.0)
(18357,4.0)
(18681,4.0)
(18737,4.0)
(21681,4.0)
(24257,4.0)
(25525,4.0)
(26717,4.0)
(28185,4.0)
(30061,4.0)
(34781,4.0)
(37809,4.0)
(37925,4.0)
(43709,4.0)
(18317,4.0)
(18377,4.0)
(18425,4.0)
(18489,4.0)
(18513,4.0)
(18521,4.0)
(18569,4.0)
(18585,4.0)
(18633,4.0)
(18657,4.0)
(18681,4.0)
(18689,4.0)
(18737,4.0)
(18789,4.0)
(18849,4.0)
(18897,4.0)
(19045,4.0)
(19125,4.0)
(19141,4.0)
(19189,4.0)
(19385,4.0)
(19489,4.0)
(19577,4.0)
(19653,4.0)
(19669,4.0)
(19693,4.0)
(19709,4.0)
(19925,4.0)
(19933,4.0)
(20053,4.0)
(20137,4.0)
(20161,4.0)
(20277,4.0)
(20493,4.0)
(20757,4.0)
(20969,4.0)
(20977,4.0)
(21161,4.0)
(21573,4.0)
(21645,4.0)
(21737,4.0)
(21753,4.0)
(22029,4.0)
(22425,4.0)
(22545,4.0)
(22577,4.0)
(22721,4.0)
(22897,4.0)
(22961,4.0)
(23089,4.0)
(23189,4.0)
(24125,4.0)
(24201,4.0)
(24585,4.0)
(24777,4.0)
(24909,4.0)
(25289,4.0)
(25345,4.0)
(25729,4.0)
(26029,4.0)
(26037,4.0)
(26045,4.0)
(26089,4.0)
(26129,4.0)
(26137,4.0)
(26153,4.0)
(26169,4.0)
(26665,4.0)
(26813,4.0)
(26941,4.0)
(27361,4.0)
(27513,4.0)
(27769,4.0)
(28513,4.0)
(28617,4.0)
(28633,4.0)
(28713,4.0)
(28793,4.0)
(28821,4.0)
(28873,4.0)
(28941,4.0)
(29177,4.0)
(29661,4.0)
(30637,4.0)
(30653,4.0)
(31041,4.0)
(31049,4.0)
(31465,4.0)
(33321,4.0)
(33477,4.0)
(33517,4.0)
(33777,4.0)
(34089,4.0)
(34105,4.0)
(34217,4.0)
(35457,4.0)
(36205,4.0)
(36365,4.0)
(36605,4.0)
(36689,4.0)
(37045,4.0)
(37993,4.0)
(38001,4.0)
(38869,4.0)
(43249,4.0)
(44573,4.0)
(45765,4.0)
(46433,4.0)
(18333,4.0)
(18401,4.0)
(18441,4.0)
(18497,4.0)
(18513,4.0)
(18689,4.0)
(19037,4.0)
(19077,4.0)
(19273,4.0)
(19281,4.0)
(19329,4.0)
(19661,4.0)
(21025,4.0)
(21573,4.0)
(22861,4.0)
(23493,4.0)
(24037,4.0)
(24469,4.0)
(24525,4.0)
(25713,4.0)
(26877,4.0)
(28381,4.0)
(29057,4.0)
(29145,4.0)
(29425,4.0)
(29449,4.0)
(18309,4.0)
(18489,4.0)
(19045,4.0)
(20493,4.0)
(20969,4.0)
(21145,4.0)
(22085,4.0)
(22117,4.0)
(22273,4.0)
(24157,4.0)
(24777,4.0)
(31625,4.0)
(32461,4.0)
(43461,4.0)
(18357,4.0)
(18473,4.0)
(18705,4.0)
(19281,4.0)
(19289,4.0)
(19393,4.0)
(19441,4.0)
(19973,4.0)
(21145,4.0)
(21161,4.0)
(21817,4.0)
(22053,4.0)
(22737,4.0)
(23573,4.0)
(24193,4.0)
(24297,4.0)
(24617,4.0)
(24705,4.0)
(24761,4.0)
(24845,4.0)
(24893,4.0)
(25137,4.0)
(25361,4.0)
(26981,4.0)
(31885,4.0)
(34789,4.0)
(38185,4.0)
(40065,4.0)
(44313,4.0)
(18365,4.0)
(18521,4.0)
(18737,4.0)
(19125,4.0)
(19497,4.0)
(19925,4.0)
(21145,4.0)
(22961,4.0)
(24141,4.0)
(25557,4.0)
(26781,4.0)
(32181,4.0)
(36237,4.0)
(43325,4.0)
(18317,4.0)
(18325,4.0)
(18365,4.0)
(18513,4.0)
(18601,4.0)
(18633,4.0)
(18681,4.0)
(18705,4.0)
(18737,4.0)
(18773,4.0)
(18797,4.0)
(18873,4.0)
(19173,4.0)
(19385,4.0)
(19441,4.0)
(19973,4.0)
(20089,4.0)
(20397,4.0)
(20717,4.0)
(21025,4.0)
(21097,4.0)
(21113,4.0)
(21745,4.0)
(22961,4.0)
(23229,4.0)
(24085,4.0)
(24273,4.0)
(24641,4.0)
(24689,4.0)
(24837,4.0)
(24893,4.0)
(25505,4.0)
(26337,4.0)
(30513,4.0)
(32817,4.0)
(32925,4.0)
(33005,4.0)
(36373,4.0)
(36961,4.0)
(38625,4.0)
(38693,4.0)
(38729,4.0)
(38825,4.0)
(40089,4.0)
(18317,4.0)
(18689,4.0)
(19497,4.0)
(19925,4.0)
(20081,4.0)
(20493,4.0)
(20645,4.0)
(21681,4.0)
(24141,4.0)
(24901,4.0)
(25801,4.0)
(27021,4.0)
(27513,4.0)
(33673,4.0)
(35837,4.0)
(42189,4.0)
(43709,4.0)
(18317,4.0)
(18333,4.0)
(18357,4.0)
(18365,4.0)
(18377,4.0)
(18513,4.0)
(18681,4.0)
(18705,4.0)
(18737,4.0)
(19045,4.0)
(19281,4.0)
(19385,4.0)
(19553,4.0)
(19925,4.0)
(20373,4.0)
(20849,4.0)
(20905,4.0)
(20977,4.0)
(20985,4.0)
(21097,4.0)
(23657,4.0)
(26581,4.0)
(26789,4.0)
(26941,4.0)
(26957,4.0)
(28201,4.0)
(30441,4.0)
(34813,4.0)
(37305,4.0)
(42981,4.0)
(18309,4.0)
(18317,4.0)
(18325,4.0)
(18333,4.0)
(18341,4.0)
(18357,4.0)
(18365,4.0)
(18401,4.0)
(18409,4.0)
(18417,4.0)
(18441,4.0)
(18457,4.0)
(18497,4.0)
(18521,4.0)
(18569,4.0)
(18585,4.0)
(18601,4.0)
(18665,4.0)
(18681,4.0)
(18689,4.0)
(18705,4.0)
(18721,4.0)
(18737,4.0)
(18745,4.0)
(18781,4.0)
(19013,4.0)
(19037,4.0)
(19141,4.0)
(19497,4.0)
(19693,4.0)
(19709,4.0)
(19817,4.0)
(20013,4.0)
(20029,4.0)
(20045,4.0)
(20285,4.0)
(20453,4.0)
(20553,4.0)
(20645,4.0)
(20841,4.0)
(20857,4.0)
(20881,4.0)
(20937,4.0)
(21097,4.0)
(21105,4.0)
(21129,4.0)
(21145,4.0)
(21153,4.0)
(21177,4.0)
(21205,4.0)
(21229,4.0)
(21381,4.0)
(21469,4.0)
(21517,4.0)
(21613,4.0)
(21761,4.0)
(21785,4.0)
(21817,4.0)
(22353,4.0)
(22361,4.0)
(22553,4.0)
(22561,4.0)
(22569,4.0)
(22665,4.0)
(22961,4.0)
(23057,4.0)
(23293,4.0)
(23517,4.0)
(23657,4.0)
(24093,4.0)
(24173,4.0)
(24257,4.0)
(24325,4.0)
(24333,4.0)
(24389,4.0)
(24517,4.0)
(24861,4.0)
(25017,4.0)
(25525,4.0)
(25549,4.0)
(25573,4.0)
(25589,4.0)
(25617,4.0)
(25845,4.0)
(25985,4.0)
(26045,4.0)
(26081,4.0)
(26089,4.0)
(26153,4.0)
(26485,4.0)
(26549,4.0)
(26609,4.0)
(26633,4.0)
(26665,4.0)
(26689,4.0)
(26709,4.0)
(26717,4.0)
(26733,4.0)
(26781,4.0)
(26941,4.0)
(26957,4.0)
(27933,4.0)
(28193,4.0)
(28201,4.0)
(28649,4.0)
(28973,4.0)
(29601,4.0)
(30161,4.0)
(30353,4.0)
(30373,4.0)
(30505,4.0)
(30513,4.0)
(30889,4.0)
(31449,4.0)
(31529,4.0)
(32165,4.0)
(32197,4.0)
(32301,4.0)
(32309,4.0)
(32369,4.0)
(32485,4.0)
(32517,4.0)
(32549,4.0)
(33005,4.0)
(33069,4.0)
(34297,4.0)
(34421,4.0)
(34429,4.0)
(34489,4.0)
(34557,4.0)
(34813,4.0)
(35249,4.0)
(35709,4.0)
(36009,4.0)
(36229,4.0)
(36245,4.0)
(36253,4.0)
(36453,4.0)
(36597,4.0)
(36961,4.0)
(36985,4.0)
(37309,4.0)
(37405,4.0)
(37449,4.0)
(37497,4.0)
(37505,4.0)
(37537,4.0)
(37661,4.0)
(37801,4.0)
(38345,4.0)
(38553,4.0)
(38577,4.0)
(38965,4.0)
(39149,4.0)
(40089,4.0)
(40649,4.0)
(40781,4.0)
(40977,4.0)
(42029,4.0)
(42045,4.0)
(42061,4.0)
(43385,4.0)
(44113,4.0)
(44213,4.0)
(45505,4.0)
(46645,4.0)
(46813,4.0)
(48389,4.0)
(18309,4.0)
(18357,4.0)
(18513,4.0)
(18521,4.0)
(18705,4.0)
(18737,4.0)
(19925,4.0)
(21129,4.0)
(21145,4.0)
(25525,4.0)
(25557,4.0)
(26781,4.0)
(32369,4.0)
(35937,4.0)
(36033,4.0)
(36961,4.0)
(41021,4.0)
(18357,4.0)
(18737,4.0)
(19925,4.0)
(20977,4.0)
(21525,4.0)
(21893,4.0)
(26229,4.0)
(26245,4.0)
(26277,4.0)
(28881,4.0)
(37321,4.0)
(46645,4.0)
(18309,4.0)
(18401,4.0)
(18409,4.0)
(18441,4.0)
(18497,4.0)
(18569,4.0)
(18617,4.0)
(19265,4.0)
(19273,4.0)
(19281,4.0)
(19925,4.0)
(20493,4.0)
(20977,4.0)
(21261,4.0)
(22157,4.0)
(23285,4.0)
(24777,4.0)
(26153,4.0)
(26261,4.0)
(26581,4.0)
(26597,4.0)
(28881,4.0)
(30181,4.0)
(33021,4.0)
(35909,4.0)
(37353,4.0)
(40957,4.0)
(18317,4.0)
(18365,4.0)
(19077,4.0)
(19085,4.0)
(19217,4.0)
(19225,4.0)
(19233,4.0)
(19257,4.0)
(19265,4.0)
(24325,4.0)
(26789,4.0)
(28201,4.0)
(28233,4.0)
(39821,4.0)
(46749,4.0)
(18333,4.0)
(18401,4.0)
(18441,4.0)
(18569,4.0)
(18601,4.0)
(18617,4.0)
(18797,4.0)
(18841,4.0)
(18873,4.0)
(18913,4.0)
(18973,4.0)
(19013,4.0)
(19085,4.0)
(19109,4.0)
(19321,4.0)
(19337,4.0)
(19345,4.0)
(19537,4.0)
(19693,4.0)
(19701,4.0)
(19817,4.0)
(19881,4.0)
(19889,4.0)
(20381,4.0)
(20585,4.0)
(20613,4.0)
(20733,4.0)
(20993,4.0)
(21113,4.0)
(21161,4.0)
(21261,4.0)
(21857,4.0)
(22657,4.0)
(23089,4.0)
(23141,4.0)
(23221,4.0)
(23229,4.0)
(24893,4.0)
(25241,4.0)
(25265,4.0)
(25373,4.0)
(25389,4.0)
(25421,4.0)
(25729,4.0)
(26169,4.0)
(27753,4.0)
(29685,4.0)
(32421,4.0)
(34037,4.0)
(18333,4.0)
(18401,4.0)
(18417,4.0)
(18441,4.0)
(18497,4.0)
(18569,4.0)
(18781,4.0)
(19013,4.0)
(19037,4.0)
(19045,4.0)
(19093,4.0)
(19465,4.0)
(19645,4.0)
(19709,4.0)
(20725,4.0)
(21573,4.0)
(21785,4.0)
(21817,4.0)
(23605,4.0)
(24193,4.0)
(24317,4.0)
(24845,4.0)
(25729,4.0)
(26153,4.0)
(26393,4.0)
(26865,4.0)
(27421,4.0)
(29185,4.0)
(29201,4.0)
(29949,4.0)
(32825,4.0)
(34957,4.0)
(35581,4.0)
(38669,4.0)
(18317,4.0)
(18357,4.0)
(18585,4.0)
(18617,4.0)
(18633,4.0)
(19197,4.0)
(19281,4.0)
(19817,4.0)
(20177,4.0)
(20277,4.0)
(20285,4.0)
(20293,4.0)
(20709,4.0)
(20889,4.0)
(21145,4.0)
(22005,4.0)
(22353,4.0)
(22425,4.0)
(22561,4.0)
(22641,4.0)
(22665,4.0)
(22697,4.0)
(24217,4.0)
(24225,4.0)
(24461,4.0)
(25025,4.0)
(25237,4.0)
(25525,4.0)
(26013,4.0)
(26153,4.0)
(26305,4.0)
(26485,4.0)
(27193,4.0)
(27377,4.0)
(27505,4.0)
(28241,4.0)
(30593,4.0)
(31241,4.0)
(31585,4.0)
(32113,4.0)
(32437,4.0)
(32589,4.0)
(33517,4.0)
(35717,4.0)
(36873,4.0)
(36961,4.0)
(37073,4.0)
(39545,4.0)
(41601,4.0)
(41645,4.0)
(44549,4.0)
(246,4.0)
(1114,4.0)
(2670,4.0)
(2798,4.0)
(3134,4.0)
(4458,4.0)
(5290,4.0)
(6102,4.0)
(8946,4.0)
(10898,4.0)
(12406,4.0)
(15798,4.0)
(18285,4.0)
(18285,4.0)
(238,4.0)
(2618,4.0)
(4458,4.0)
(12406,4.0)
(12450,4.0)
(18293,4.0)
(18293,4.0)
(22,4.0)
(182,4.0)
(426,4.0)
(514,4.0)
(994,4.0)
(1006,4.0)
(1010,4.0)
(1070,4.0)
(1162,4.0)
(1414,4.0)
(1522,4.0)
(1866,4.0)
(2198,4.0)
(2262,4.0)
(2798,4.0)
(2822,4.0)
(2842,4.0)
(3182,4.0)
(3454,4.0)
(3550,4.0)
(4022,4.0)
(4098,4.0)
(4130,4.0)
(4158,4.0)
(4290,4.0)
(4458,4.0)
(4626,4.0)
(4750,4.0)
(5022,4.0)
(5090,4.0)
(5126,4.0)
(5538,4.0)
(5694,4.0)
(5706,4.0)
(5830,4.0)
(5838,4.0)
(5990,4.0)
(6634,4.0)
(6694,4.0)
(7058,4.0)
(7930,4.0)
(8218,4.0)
(8310,4.0)
(8406,4.0)
(8418,4.0)
(8490,4.0)
(8682,4.0)
(8714,4.0)
(8782,4.0)
(8846,4.0)
(9146,4.0)
(9354,4.0)
(9374,4.0)
(9646,4.0)
(9662,4.0)
(10098,4.0)
(10670,4.0)
(11054,4.0)
(11066,4.0)
(11662,4.0)
(11670,4.0)
(11734,4.0)
(11790,4.0)
(11814,4.0)
(12038,4.0)
(12334,4.0)
(12406,4.0)
(12606,4.0)
(12962,4.0)
(13266,4.0)
(13294,4.0)
(13362,4.0)
(13374,4.0)
(13646,4.0)
(13766,4.0)
(13770,4.0)
(13982,4.0)
(14138,4.0)
(14606,4.0)
(15658,4.0)
(15962,4.0)
(16186,4.0)
(16342,4.0)
(16746,4.0)
(16942,4.0)
(17082,4.0)
(17274,4.0)
(17530,4.0)
(17954,4.0)
(18002,4.0)
(18066,4.0)
(18309,4.0)
(18309,4.0)
(18,4.0)
(22,4.0)
(38,4.0)
(238,4.0)
(262,4.0)
(350,4.0)
(450,4.0)
(762,4.0)
(894,4.0)
(994,4.0)
(1226,4.0)
(1414,4.0)
(1790,4.0)
(1850,4.0)
(2218,4.0)
(2278,4.0)
(2358,4.0)
(2442,4.0)
(2618,4.0)
(2770,4.0)
(2782,4.0)
(2798,4.0)
(2806,4.0)
(2822,4.0)
(2838,4.0)
(2954,4.0)
(3062,4.0)
(3370,4.0)
(3438,4.0)
(3634,4.0)
(3850,4.0)
(3894,4.0)
(4098,4.0)
(4126,4.0)
(4130,4.0)
(4458,4.0)
(4838,4.0)
(4974,4.0)
(5014,4.0)
(5018,4.0)
(5066,4.0)
(5074,4.0)
(5258,4.0)
(5290,4.0)
(5526,4.0)
(5538,4.0)
(5694,4.0)
(5706,4.0)
(5714,4.0)
(5766,4.0)
(5838,4.0)
(5870,4.0)
(5878,4.0)
(5990,4.0)
(6158,4.0)
(6166,4.0)
(6178,4.0)
(6202,4.0)
(6306,4.0)
(6634,4.0)
(6678,4.0)
(6702,4.0)
(6714,4.0)
(6774,4.0)
(6842,4.0)
(6934,4.0)
(7014,4.0)
(7058,4.0)
(7070,4.0)
(7286,4.0)
(7574,4.0)
(7578,4.0)
(7738,4.0)
(7786,4.0)
(8178,4.0)
(8310,4.0)
(8490,4.0)
(8602,4.0)
(8674,4.0)
(9354,4.0)
(9946,4.0)
(10010,4.0)
(10030,4.0)
(10078,4.0)
(10098,4.0)
(10318,4.0)
(10378,4.0)
(10446,4.0)
(11014,4.0)
(11682,4.0)
(11754,4.0)
(11770,4.0)
(11850,4.0)
(11930,4.0)
(12002,4.0)
(12038,4.0)
(12122,4.0)
(12310,4.0)
(12314,4.0)
(12318,4.0)
(12322,4.0)
(12406,4.0)
(12546,4.0)
(12606,4.0)
(12842,4.0)
(13198,4.0)
(13210,4.0)
(13358,4.0)
(13374,4.0)
(13598,4.0)
(13602,4.0)
(13766,4.0)
(13842,4.0)
(13934,4.0)
(14010,4.0)
(14022,4.0)
(14026,4.0)
(14050,4.0)
(14170,4.0)
(14262,4.0)
(14598,4.0)
(14606,4.0)
(14646,4.0)
(14654,4.0)
(14742,4.0)
(14786,4.0)
(15278,4.0)
(15358,4.0)
(15370,4.0)
(15458,4.0)
(15522,4.0)
(15570,4.0)
(15574,4.0)
(15674,4.0)
(15798,4.0)
(15970,4.0)
(15986,4.0)
(16018,4.0)
(16310,4.0)
(16630,4.0)
(16682,4.0)
(16698,4.0)
(17402,4.0)
(17414,4.0)
(17450,4.0)
(17530,4.0)
(17666,4.0)
(17806,4.0)
(17894,4.0)
(17922,4.0)
(18022,4.0)
(18317,4.0)
(18317,4.0)
(2790,4.0)
(2798,4.0)
(3414,4.0)
(4458,4.0)
(4974,4.0)
(5182,4.0)
(5290,4.0)
(5538,4.0)
(5714,4.0)
(6634,4.0)
(7070,4.0)
(9354,4.0)
(9946,4.0)
(9950,4.0)
(9994,4.0)
(10078,4.0)
(10446,4.0)
(12758,4.0)
(13118,4.0)
(13302,4.0)
(15006,4.0)
(17138,4.0)
(17402,4.0)
(18325,4.0)
(18325,4.0)
(166,4.0)
(514,4.0)
(974,4.0)
(994,4.0)
(1162,4.0)
(2286,4.0)
(2806,4.0)
(2842,4.0)
(2938,4.0)
(3498,4.0)
(3566,4.0)
(3714,4.0)
(4310,4.0)
(4922,4.0)
(8666,4.0)
(9186,4.0)
(9798,4.0)
(9802,4.0)
(9830,4.0)
(9834,4.0)
(10326,4.0)
(10766,4.0)
(11018,4.0)
(12422,4.0)
(12578,4.0)
(12622,4.0)
(13034,4.0)
(13150,4.0)
(13306,4.0)
(13362,4.0)
(14110,4.0)
(14482,4.0)
(14898,4.0)
(15274,4.0)
(15826,4.0)
(15930,4.0)
(16194,4.0)
(16626,4.0)
(16682,4.0)
(17402,4.0)
(17486,4.0)
(17770,4.0)
(18254,4.0)
(18333,4.0)
(18333,4.0)
(22,4.0)
(82,4.0)
(238,4.0)
(246,4.0)
(350,4.0)
(466,4.0)
(470,4.0)
(578,4.0)
(582,4.0)
(726,4.0)
(730,4.0)
(786,4.0)
(894,4.0)
(994,4.0)
(1310,4.0)
(1522,4.0)
(1714,4.0)
(1850,4.0)
(1962,4.0)
(1986,4.0)
(2182,4.0)
(2198,4.0)
(2414,4.0)
(2442,4.0)
(2506,4.0)
(2614,4.0)
(2618,4.0)
(2666,4.0)
(2758,4.0)
(2782,4.0)
(2786,4.0)
(2798,4.0)
(2806,4.0)
(2858,4.0)
(3014,4.0)
(3114,4.0)
(3318,4.0)
(3330,4.0)
(3438,4.0)
(3462,4.0)
(3786,4.0)
(3894,4.0)
(4126,4.0)
(4318,4.0)
(4326,4.0)
(4458,4.0)
(4614,4.0)
(4830,4.0)
(4882,4.0)
(4890,4.0)
(5014,4.0)
(5018,4.0)
(5022,4.0)
(5038,4.0)
(5074,4.0)
(5182,4.0)
(5202,4.0)
(5210,4.0)
(5250,4.0)
(5258,4.0)
(5526,4.0)
(5538,4.0)
(5706,4.0)
(5714,4.0)
(5766,4.0)
(5858,4.0)
(6062,4.0)
(6166,4.0)
(6178,4.0)
(6246,4.0)
(6658,4.0)
(6702,4.0)
(6774,4.0)
(6874,4.0)
(7070,4.0)
(7778,4.0)
(7930,4.0)
(8126,4.0)
(8310,4.0)
(8614,4.0)
(8674,4.0)
(8706,4.0)
(8738,4.0)
(8782,4.0)
(8806,4.0)
(8810,4.0)
(8822,4.0)
(8982,4.0)
(9066,4.0)
(9070,4.0)
(9158,4.0)
(9354,4.0)
(9446,4.0)
(9478,4.0)
(9794,4.0)
(9998,4.0)
(10010,4.0)
(10098,4.0)
(10134,4.0)
(10306,4.0)
(10318,4.0)
(10322,4.0)
(10434,4.0)
(10442,4.0)
(10446,4.0)
(11066,4.0)
(11358,4.0)
(11474,4.0)
(11638,4.0)
(11738,4.0)
(11790,4.0)
(11802,4.0)
(12002,4.0)
(12038,4.0)
(12122,4.0)
(12138,4.0)
(12310,4.0)
(12314,4.0)
(12318,4.0)
(12322,4.0)
(12362,4.0)
(12410,4.0)
(12430,4.0)
(12738,4.0)
(13010,4.0)
(13118,4.0)
(13190,4.0)
(13266,4.0)
(13302,4.0)
(13346,4.0)
(13358,4.0)
(13374,4.0)
(13458,4.0)
(13738,4.0)
(13946,4.0)
(13982,4.0)
(14026,4.0)
(14058,4.0)
(14118,4.0)
(14598,4.0)
(14618,4.0)
(14646,4.0)
(14670,4.0)
(15018,4.0)
(15034,4.0)
(15038,4.0)
(15166,4.0)
(15278,4.0)
(15370,4.0)
(15570,4.0)
(15606,4.0)
(15830,4.0)
(16110,4.0)
(16302,4.0)
(16590,4.0)
(16610,4.0)
(16630,4.0)
(16730,4.0)
(17062,4.0)
(17302,4.0)
(17402,4.0)
(17434,4.0)
(17530,4.0)
(17562,4.0)
(17614,4.0)
(17666,4.0)
(17894,4.0)
(17922,4.0)
(17926,4.0)
(18357,4.0)
(18357,4.0)
(350,4.0)
(450,4.0)
(606,4.0)
(1714,4.0)
(1986,4.0)
(2282,4.0)
(2614,4.0)
(2670,4.0)
(2758,4.0)
(2770,4.0)
(2782,4.0)
(2786,4.0)
(2798,4.0)
(2806,4.0)
(2822,4.0)
(2954,4.0)
(3062,4.0)
(3218,4.0)
(3370,4.0)
(3426,4.0)
(3462,4.0)
(4074,4.0)
(4098,4.0)
(4630,4.0)
(5258,4.0)
(5282,4.0)
(5286,4.0)
(5526,4.0)
(5538,4.0)
(5602,4.0)
(5714,4.0)
(5974,4.0)
(6062,4.0)
(6170,4.0)
(6266,4.0)
(6686,4.0)
(7070,4.0)
(7638,4.0)
(8674,4.0)
(8782,4.0)
(9042,4.0)
(9142,4.0)
(9354,4.0)
(9478,4.0)
(9998,4.0)
(10010,4.0)
(10054,4.0)
(10090,4.0)
(10098,4.0)
(10502,4.0)
(10898,4.0)
(11670,4.0)
(12002,4.0)
(12038,4.0)
(13302,4.0)
(13346,4.0)
(13362,4.0)
(13646,4.0)
(13738,4.0)
(13934,4.0)
(13986,4.0)
(14022,4.0)
(14162,4.0)
(14478,4.0)
(15026,4.0)
(15030,4.0)
(15038,4.0)
(15414,4.0)
(15498,4.0)
(15574,4.0)
(15618,4.0)
(16630,4.0)
(17402,4.0)
(17498,4.0)
(17666,4.0)
(17894,4.0)
(17926,4.0)
(18365,4.0)
(18365,4.0)
